1 0
2 0
2 1
3 0
3 1
3 2
4 0
4 1
4 2
4 3
5 0
5 1
5 2
5 3
5 4
6 0
6 1
6 2
6 3
6 4
6 5
7 0
7 1
7 2
7 3
7 4
7 5
7 6
8 0
8 1
8 2
8 3
8 4
8 5
8 6
8 7
9 0
9 1
9 2
9 3
9 4
9 5
9 6
9 7
9 8
10 0
10 7
10 4
10 3
10 1
10 9
10 8
10 5
11 5
11 1
11 9
11 10
11 4
11 0
11 6
11 8
12 6
12 10
12 4
12 0
12 2
12 7
12 8
12 3
13 3
13 2
13 1
13 10
13 4
13 11
13 9
13 5
14 11
14 7
14 10
14 0
14 1
14 9
14 3
14 8
15 13
15 3
15 4
15 0
15 12
15 8
15 14
15 10
16 0
16 10
16 12
16 13
16 3
16 2
16 9
16 15
17 13
17 11
17 8
17 0
17 12
17 14
17 10
17 15
18 8
18 17
18 2
18 6
18 5
18 9
18 12
18 10
19 4
19 12
19 17
19 8
19 11
19 10
19 1
19 5
20 6
20 14
20 3
20 11
20 1
20 2
20 7
20 0
21 15
21 10
21 11
21 3
21 18
21 1
21 20
21 0
22 10
22 11
22 0
22 5
22 6
22 17
22 9
22 7
23 2
23 10
23 1
23 9
23 5
23 20
23 6
23 0
24 2
24 8
24 18
24 4
24 7
24 0
24 11
24 6
25 24
25 7
25 11
25 15
25 1
25 2
25 3
25 18
26 12
26 1
26 0
26 17
26 19
26 10
26 2
26 4
27 3
27 1
27 5
27 0
27 11
27 16
27 8
27 7
28 8
28 20
28 6
28 22
28 17
28 1
28 18
28 13
29 26
29 4
29 18
29 8
29 28
29 19
29 7
29 9
30 1
30 14
30 0
30 19
30 3
30 2
30 7
30 10
31 29
31 6
31 5
31 2
31 23
31 9
31 25
31 8
32 14
32 20
32 18
32 22
32 5
32 24
32 30
32 0
33 2
33 16
33 32
33 0
33 30
33 9
33 26
33 12
34 12
34 26
34 8
34 22
34 32
34 29
34 6
34 19
35 29
35 14
35 10
35 24
35 2
35 8
35 26
35 7
36 26
36 2
36 6
36 24
36 0
36 14
36 4
36 16
37 0
37 25
37 2
37 7
37 6
37 21
37 16
37 17
38 9
38 25
38 22
38 23
38 16
38 17
38 5
38 6
39 22
39 0
39 7
39 32
39 28
39 6
39 4
39 16
40 35
40 33
40 1
40 24
40 6
40 16
40 8
40 17
41 23
41 5
41 6
41 38
41 4
41 18
41 3
41 2
42 24
42 17
42 13
42 11
42 10
42 16
42 7
42 38
43 24
43 38
43 35
43 28
43 8
43 20
43 2
43 26
44 41
44 9
44 43
44 10
44 33
44 15
44 11
44 2
45 4
45 1
45 36
45 22
45 13
45 27
45 3
45 26
46 30
46 6
46 10
46 25
46 8
46 17
46 12
46 38
47 2
47 27
47 36
47 12
47 21
47 16
47 4
47 31
48 43
48 17
48 28
48 5
48 9
48 6
48 19
48 15
49 41
49 27
49 38
49 29
49 11
49 17
49 3
49 16
50 16
50 8
50 31
50 0
50 19
50 2
50 22
50 27
51 8
51 26
51 35
51 9
51 17
51 18
51 1
51 16
52 22
52 28
52 35
52 12
52 43
52 8
52 37
52 16
53 0
53 9
53 45
53 34
53 8
53 38
53 10
53 25
54 38
54 16
54 22
54 26
54 31
54 15
54 0
54 6
55 25
55 6
55 23
55 14
55 24
55 39
55 17
55 45
56 25
56 9
56 8
56 41
56 11
56 29
56 26
56 10
57 0
57 48
57 11
57 33
57 41
57 1
57 40
57 19
58 17
58 1
58 3
58 34
58 21
58 9
58 10
58 19
59 13
59 14
59 17
59 8
59 1
59 9
59 56
59 32
60 35
60 6
60 2
60 1
60 5
60 20
60 14
60 16
61 38
61 43
61 0
61 22
61 58
61 25
61 18
61 4
62 7
62 8
62 58
62 24
62 50
62 52
62 34
62 49
63 53
63 39
63 60
63 35
63 22
63 52
63 28
63 2
64 25
64 11
64 48
64 0
64 35
64 1
64 17
64 43
65 26
65 64
65 9
65 11
65 25
65 55
65 1
65 40
66 17
66 23
66 21
66 38
66 26
66 24
66 36
66 57
67 0
67 26
67 45
67 10
67 28
67 1
67 15
67 25
68 9
68 3
68 46
68 15
68 6
68 1
68 64
68 4
69 35
69 1
69 7
69 9
69 48
69 53
69 25
69 15
70 38
70 5
70 56
70 41
70 8
70 17
70 0
70 1
71 14
71 11
71 1
71 15
71 8
71 9
71 4
71 58
72 29
72 25
72 17
72 45
72 10
72 46
72 4
72 1
73 35
73 41
73 30
73 2
73 37
73 13
73 31
73 9
74 2
74 5
74 9
74 13
74 29
74 16
74 40
74 1
75 2
75 51
75 60
75 7
75 18
75 8
75 25
75 38
76 9
76 23
76 4
76 38
76 48
76 27
76 26
76 8
77 8
77 0
77 53
77 56
77 40
77 46
77 5
77 26
78 7
78 10
78 16
78 1
78 17
78 26
78 73
78 12
79 17
79 6
79 10
79 7
79 24
79 13
79 9
79 8
80 27
80 6
80 78
80 22
80 63
80 53
80 72
80 65
81 54
81 1
81 24
81 9
81 41
81 35
81 26
81 47
82 11
82 8
82 20
82 36
82 35
82 0
82 23
82 44
83 24
83 23
83 6
83 16
83 49
83 39
83 38
83 26
84 1
84 35
84 25
84 7
84 8
84 16
84 4
84 28
85 5
85 58
85 14
85 6
85 2
85 48
85 47
85 36
86 53
86 23
86 47
86 22
86 1
86 14
86 6
86 21
87 51
87 78
87 26
87 9
87 40
87 44
87 4
87 0
88 3
88 18
88 11
88 82
88 28
88 17
88 57
88 12
89 4
89 59
89 79
89 8
89 85
89 45
89 1
89 76
90 23
90 34
90 15
90 26
90 56
90 59
90 42
90 2
91 34
91 90
91 8
91 55
91 36
91 4
91 5
91 13
92 85
92 76
92 60
92 3
92 68
92 6
92 10
92 88
93 47
93 75
93 43
93 87
93 9
93 21
93 77
93 76
94 76
94 3
94 19
94 48
94 7
94 29
94 34
94 24
95 55
95 11
95 50
95 33
95 1
95 8
95 18
95 43
96 3
96 24
96 0
96 82
96 19
96 1
96 2
96 17
97 10
97 23
97 61
97 90
97 2
97 52
97 65
97 43
98 87
98 79
98 1
98 8
98 11
98 16
98 10
98 25
99 16
99 35
99 94
99 87
99 5
99 6
99 43
99 57
100 92
100 53
100 16
100 26
100 66
100 8
100 35
100 12
101 23
101 34
101 17
101 1
101 50
101 85
101 11
101 2
102 22
102 19
102 87
102 47
102 45
102 18
102 8
102 24
103 10
103 13
103 7
103 4
103 14
103 0
103 32
103 5
104 29
104 7
104 83
104 45
104 26
104 97
104 54
104 1
105 0
105 74
105 52
105 13
105 100
105 6
105 48
105 70
106 4
106 14
106 8
106 0
106 31
106 103
106 59
106 26
107 14
107 1
107 52
107 93
107 0
107 9
107 77
107 88
108 16
108 38
108 67
108 18
108 100
108 88
108 46
108 33
109 2
109 8
109 59
109 57
109 10
109 60
109 37
109 53
110 89
110 101
110 9
110 29
110 39
110 99
110 59
110 19
111 102
111 8
111 36
111 4
111 10
111 29
111 13
111 34
112 56
112 17
112 13
112 22
112 3
112 8
112 38
112 1
113 34
113 23
113 4
113 77
113 10
113 18
113 60
113 89
114 103
114 7
114 26
114 62
114 98
114 12
114 20
114 54
115 2
115 16
115 47
115 71
115 7
115 35
115 1
115 85
116 67
116 21
116 11
116 32
116 33
116 42
116 66
116 24
117 49
117 2
117 77
117 29
117 113
117 65
117 36
117 99
118 10
118 88
118 5
118 78
118 26
118 70
118 6
118 0
119 22
119 31
119 109
119 8
119 30
119 1
119 2
119 81
120 9
120 74
120 85
120 5
120 17
120 57
120 50
120 93
121 8
121 5
121 11
121 20
121 6
121 1
121 85
121 0
122 84
122 87
122 0
122 12
122 85
122 78
122 11
122 23
123 53
123 11
123 73
123 8
123 45
123 17
123 7
123 52
124 80
124 10
124 20
124 1
124 17
124 6
124 19
124 2
125 118
125 75
125 18
125 76
125 4
125 57
125 15
125 99
126 60
126 89
126 16
126 7
126 4
126 10
126 61
126 3
127 125
127 113
127 120
127 84
127 58
127 0
127 44
127 8
128 116
128 31
128 93
128 20
128 26
128 10
128 17
128 95
129 16
129 36
129 97
129 28
129 58
129 3
129 0
129 92
130 103
130 94
130 87
130 52
130 28
130 5
130 42
130 75
131 103
131 85
131 24
131 50
131 88
131 106
131 1
131 16
132 124
132 61
132 60
132 48
132 85
132 8
132 52
132 5
133 75
133 49
133 8
133 23
133 5
133 37
133 109
133 47
134 92
134 39
134 11
134 47
134 131
134 76
134 95
134 6
135 100
135 12
135 8
135 6
135 66
135 92
135 27
135 18
136 1
136 53
136 9
136 40
136 126
136 72
136 16
136 108
137 83
137 5
137 1
137 12
137 35
137 55
137 6
137 13
138 29
138 111
138 85
138 43
138 103
138 93
138 34
138 92
139 44
139 8
139 93
139 77
139 70
139 85
139 108
139 0
140 119
140 3
140 125
140 111
140 12
140 121
140 80
140 52
141 125
141 58
141 100
141 49
141 66
141 88
141 107
141 124
142 4
142 18
142 107
142 76
142 14
142 43
142 11
142 7
143 37
143 31
143 28
143 126
143 59
143 11
143 23
143 88
144 14
144 31
144 5
144 8
144 70
144 32
144 3
144 137
145 41
145 8
145 32
145 12
145 127
145 53
145 131
145 49
146 49
146 17
146 9
146 8
146 18
146 83
146 24
146 12
147 3
147 35
147 4
147 127
147 86
147 10
147 26
147 5
148 132
148 4
148 9
148 115
148 31
148 19
148 62
148 109
149 14
149 67
149 41
149 70
149 100
149 79
149 76
149 59
150 11
150 3
150 59
150 0
150 57
150 32
150 41
150 70
151 8
151 25
151 53
151 10
151 41
151 2
151 16
151 11
152 43
152 15
152 14
152 89
152 1
152 65
152 19
152 148
153 1
153 39
153 11
153 56
153 124
153 32
153 19
153 92
154 130
154 12
154 49
154 3
154 10
154 97
154 2
154 58
155 43
155 47
155 20
155 136
155 18
155 22
155 57
155 92
156 149
156 2
156 75
156 78
156 64
156 34
156 110
156 15
157 136
157 26
157 145
157 71
157 5
157 41
157 96
157 32
158 47
158 72
158 6
158 17
158 111
158 1
158 78
158 118
159 32
159 43
159 11
159 151
159 103
159 8
159 1
159 2
160 15
160 0
160 10
160 2
160 1
160 4
160 140
160 144
161 127
161 50
161 17
161 86
161 9
161 11
161 58
161 121
162 73
162 92
162 135
162 103
162 82
162 13
162 120
162 11
163 73
163 79
163 97
163 30
163 1
163 96
163 34
163 4
164 123
164 98
164 24
164 32
164 8
164 9
164 114
164 45
165 29
165 85
165 137
165 0
165 145
165 9
165 34
165 136
166 34
166 63
166 88
166 132
166 87
166 74
166 97
166 113
167 24
167 137
167 59
167 123
167 10
167 22
167 15
167 8
168 26
168 110
168 72
168 17
168 75
168 129
168 131
168 88
169 53
169 132
169 1
169 106
169 11
169 124
169 131
169 152
170 118
170 9
170 1
170 99
170 132
170 8
170 47
170 128
171 22
171 6
171 13
171 142
171 56
171 115
171 9
171 84
172 136
172 78
172 16
172 90
172 162
172 22
172 11
172 7
173 59
173 33
173 145
173 50
173 53
173 15
173 23
173 4
174 154
174 0
174 25
174 137
174 155
174 42
174 100
174 5
175 9
175 4
175 85
175 173
175 5
175 25
175 50
175 27
176 46
176 14
176 113
176 53
176 17
176 10
176 5
176 94
177 77
177 3
177 7
177 116
177 151
177 80
177 162
177 95
178 122
178 62
178 151
178 92
178 35
178 23
178 77
178 66
179 1
179 122
179 56
179 8
179 160
179 24
179 16
179 138
180 11
180 94
180 51
180 107
180 12
180 145
180 48
180 89
181 142
181 8
181 10
181 130
181 16
181 22
181 164
181 100
182 8
182 9
182 1
182 113
182 22
182 109
182 47
182 139
183 25
183 78
183 111
183 154
183 14
183 8
183 85
183 57
184 176
184 24
184 72
184 8
184 19
184 21
184 171
184 127
185 10
185 8
185 100
185 49
185 15
185 23
185 85
185 36
186 65
186 124
186 76
186 136
186 128
186 5
186 48
186 163
187 3
187 94
187 0
187 1
187 55
187 118
187 70
187 42
188 83
188 108
188 172
188 93
188 16
188 14
188 85
188 136
189 1
189 17
189 70
189 188
189 89
189 26
189 44
189 136
190 134
190 3
190 7
190 53
190 159
190 138
190 90
190 21
191 85
191 21
191 154
191 78
191 100
191 172
191 113
191 55
192 15
192 0
192 170
192 4
192 23
192 61
192 54
192 169
193 1
193 2
193 191
193 8
193 13
193 5
193 41
193 63
194 56
194 189
194 125
194 88
194 78
194 40
194 76
194 137
195 4
195 21
195 118
195 185
195 160
195 174
195 52
195 84
196 21
196 129
196 137
196 77
196 74
196 39
196 80
196 161
197 45
197 95
197 8
197 49
197 192
197 19
197 4
197 67
198 143
198 7
198 84
198 18
198 83
198 60
198 11
198 17
199 1
199 75
199 3
199 34
199 0
199 78
199 115
199 188
200 149
200 53
200 77
200 15
200 142
200 131
200 163
200 4
201 2
201 11
201 0
201 140
201 35
201 26
201 9
201 75
202 42
202 84
202 17
202 199
202 152
202 125
202 18
202 191
203 8
203 10
203 162
203 5
203 152
203 41
203 2
203 21
204 34
204 95
204 36
204 1
204 88
204 143
204 90
204 9
205 10
205 7
205 76
205 130
205 38
205 124
205 16
205 42
206 13
206 156
206 32
206 139
206 114
206 52
206 79
206 49
207 38
207 60
207 188
207 87
207 134
207 1
207 0
207 17
208 11
208 183
208 9
208 58
208 104
208 18
208 42
208 1
209 79
209 6
209 38
209 142
209 86
209 47
209 187
209 2
210 85
210 63
210 99
210 54
210 41
210 208
210 16
210 114
211 167
211 151
211 96
211 48
211 17
211 3
211 132
211 177
212 17
212 8
212 13
212 15
212 189
212 195
212 55
212 158
213 98
213 9
213 171
213 5
213 130
213 69
213 119
213 16
214 1
214 54
214 11
214 2
214 193
214 17
214 49
214 102
215 87
215 94
215 16
215 35
215 5
215 92
215 115
215 22
216 49
216 22
216 99
216 23
216 187
216 124
216 102
216 55
217 83
217 66
217 76
217 84
217 40
217 12
217 17
217 89
218 23
218 207
218 90
218 54
218 197
218 19
218 67
218 24
219 217
219 8
219 200
219 12
219 49
219 212
219 43
219 67
220 204
220 25
220 83
220 111
220 66
220 198
220 18
220 42
221 1
221 26
221 11
221 57
221 39
221 30
221 43
221 22
222 38
222 5
222 121
222 41
222 217
222 149
222 150
222 14
223 1
223 98
223 100
223 3
223 78
223 50
223 0
223 34
224 2
224 7
224 76
224 138
224 169
224 36
224 5
224 9
225 161
225 18
225 166
225 106
225 220
225 76
225 100
225 3
226 0
226 173
226 45
226 7
226 49
226 43
226 28
226 38
227 166
227 189
227 17
227 98
227 85
227 174
227 74
227 92
228 141
228 118
228 217
228 125
228 83
228 16
228 26
228 105
229 182
229 97
229 77
229 6
229 75
229 38
229 32
229 211
230 69
230 33
230 199
230 47
230 184
230 90
230 8
230 55
231 0
231 11
231 82
231 190
231 213
231 121
231 116
231 185
232 178
232 13
232 22
232 200
232 179
232 18
232 33
232 87
233 87
233 84
233 93
233 5
233 58
233 101
233 4
233 3
234 71
234 8
234 179
234 19
234 171
234 58
234 228
234 1
235 1
235 32
235 116
235 42
235 188
235 7
235 10
235 100
236 235
236 45
236 161
236 53
236 91
236 227
236 232
236 34
237 5
237 142
237 11
237 48
237 57
237 97
237 103
237 187
238 53
238 16
238 39
238 74
238 6
238 4
238 19
238 161
239 0
239 171
239 38
239 31
239 22
239 75
239 129
239 136
240 37
240 85
240 16
240 9
240 58
240 25
240 5
240 185
241 25
241 195
241 5
241 146
241 135
241 38
241 230
241 120
242 134
242 38
242 71
242 6
242 7
242 89
242 196
242 42
243 0
243 95
243 187
243 140
243 31
243 212
243 41
243 23
244 144
244 41
244 2
244 161
244 148
244 16
244 199
244 50
245 93
245 19
245 182
245 118
245 14
245 57
245 214
245 6
246 155
246 15
246 1
246 38
246 17
246 45
246 243
246 2
247 102
247 68
247 77
247 85
247 209
247 40
247 185
247 8
248 71
248 117
248 21
248 244
248 0
248 20
248 125
248 68
249 8
249 170
249 97
249 193
249 13
249 17
249 90
249 76
250 141
250 19
250 2
250 165
250 58
250 6
250 16
250 147
251 8
251 62
251 193
251 65
251 36
251 190
251 236
251 7
252 6
252 61
252 91
252 125
252 5
252 203
252 36
252 193
253 124
253 236
253 7
253 35
253 248
253 1
253 28
253 77
254 39
254 193
254 67
254 145
254 134
254 152
254 198
254 56
255 85
255 78
255 106
255 125
255 2
255 5
255 43
255 50
256 195
256 13
256 0
256 92
256 111
256 79
256 101
256 123
257 124
257 179
257 221
257 24
257 0
257 190
257 65
257 127
258 202
258 106
258 9
258 214
258 27
258 87
258 184
258 31
259 173
259 25
259 10
259 8
259 101
259 124
259 22
259 92
260 170
260 248
260 101
260 25
260 59
260 153
260 23
260 28
261 238
261 73
261 10
261 5
261 252
261 2
261 216
261 232
262 24
262 195
262 214
262 6
262 79
262 212
262 25
262 179
263 86
263 15
263 7
263 59
263 130
263 175
263 181
263 256
264 192
264 28
264 171
264 187
264 43
264 125
264 38
264 92
265 87
265 62
265 248
265 105
265 8
265 82
265 102
265 183
266 70
266 78
266 15
266 190
266 111
266 169
266 9
266 45
267 192
267 0
267 119
267 134
267 16
267 57
267 163
267 127
268 123
268 248
268 77
268 1
268 74
268 212
268 129
268 151
269 103
269 16
269 154
269 161
269 113
269 107
269 178
269 12
270 35
270 3
270 6
270 36
270 60
270 130
270 94
270 83
271 17
271 114
271 11
271 243
271 151
271 176
271 126
271 251
272 126
272 78
272 14
272 113
272 125
272 8
272 80
272 173
273 78
273 220
273 88
273 119
273 34
273 7
273 94
273 73
274 197
274 168
274 103
274 145
274 35
274 167
274 57
274 135
275 185
275 7
275 26
275 262
275 221
275 150
275 234
275 32
276 12
276 8
276 17
276 135
276 240
276 43
276 6
276 225
277 115
277 266
277 22
277 133
277 10
277 101
277 176
277 131
278 217
278 21
278 9
278 231
278 238
278 98
278 219
278 3
279 66
279 209
279 133
279 6
279 8
279 18
279 141
279 64
280 239
280 101
280 8
280 51
280 87
280 70
280 88
280 127
281 11
281 226
281 246
281 250
281 193
281 165
281 66
281 215
282 235
282 39
282 53
282 124
282 72
282 152
282 8
282 6
283 5
283 88
283 60
283 200
283 105
283 145
283 243
283 24
284 84
284 63
284 38
284 46
284 0
284 118
284 257
284 103
285 22
285 0
285 14
285 70
285 80
285 16
285 223
285 95
286 233
286 186
286 7
286 62
286 54
286 29
286 157
286 138
287 62
287 52
287 166
287 33
287 164
287 218
287 55
287 187
288 121
288 187
288 285
288 25
288 249
288 115
288 41
288 82
289 240
289 229
289 116
289 217
289 126
289 9
289 13
289 8
290 5
290 148
290 228
290 185
290 3
290 14
290 154
290 41
291 246
291 117
291 124
291 245
291 113
291 136
291 270
291 49
292 65
292 56
292 111
292 68
292 27
292 175
292 3
292 28
293 157
293 139
293 24
293 1
293 256
293 188
293 126
293 131
294 88
294 206
294 120
294 201
294 56
294 0
294 152
294 62
295 26
295 93
295 36
295 260
295 270
295 141
295 59
295 120
296 20
296 34
296 26
296 54
296 19
296 130
296 256
296 89
297 0
297 7
297 29
297 191
297 129
297 197
297 224
297 84
298 86
298 259
298 33
298 32
298 236
298 122
298 5
298 153
299 76
299 5
299 9
299 124
299 152
299 273
299 260
299 230
300 79
300 1
300 57
300 137
300 249
300 6
300 235
300 0
301 49
301 1
301 102
301 47
301 295
301 119
301 45
301 124
302 234
302 20
302 49
302 11
302 17
302 165
302 75
302 25
303 16
303 209
303 101
303 85
303 12
303 284
303 221
303 249
304 1
304 11
304 173
304 152
304 137
304 265
304 99
304 28
305 90
305 192
305 5
305 115
305 4
305 138
305 207
305 78
306 161
306 209
306 12
306 134
306 110
306 16
306 31
306 14
307 246
307 142
307 159
307 186
307 138
307 306
307 54
307 6
308 94
308 109
308 166
308 32
308 199
308 65
308 229
308 186
309 87
309 21
309 198
309 10
309 243
309 123
309 16
309 62
310 292
310 59
310 213
310 282
310 101
310 296
310 1
310 246
311 308
311 9
311 281
311 11
311 227
311 127
311 62
311 74
312 47
312 35
312 99
312 6
312 133
312 199
312 55
312 32
313 8
313 26
313 39
313 29
313 237
313 166
313 43
313 54
314 190
314 232
314 60
314 30
314 296
314 310
314 214
314 37
315 102
315 216
315 135
315 143
315 2
315 65
315 54
315 98
316 75
316 25
316 116
316 231
316 64
316 297
316 8
316 4
317 4
317 188
317 24
317 90
317 122
317 79
317 223
317 50
318 104
318 242
318 16
318 73
318 125
318 173
318 7
318 238
319 55
319 7
319 39
319 26
319 94
319 67
319 150
319 2
320 20
320 212
320 84
320 139
320 236
320 106
320 18
320 3
321 135
321 243
321 22
321 299
321 0
321 56
321 225
321 102
322 19
322 203
322 311
322 209
322 253
322 0
322 85
322 14
323 204
323 249
323 60
323 264
323 295
323 268
323 51
323 157
324 169
324 95
324 25
324 170
324 307
324 132
324 147
324 8
325 26
325 28
325 164
325 24
325 171
325 14
325 87
325 102
326 139
326 160
326 215
326 72
326 115
326 262
326 260
326 4
327 263
327 1
327 130
327 294
327 40
327 187
327 194
327 0
328 206
328 4
328 104
328 37
328 77
328 6
328 11
328 53
329 55
329 19
329 98
329 313
329 10
329 204
329 262
329 205
330 275
330 26
330 135
330 92
330 243
330 154
330 2
330 14
331 149
331 22
331 3
331 187
331 195
331 126
331 21
331 53
332 9
332 8
332 83
332 16
332 190
332 295
332 33
332 249
333 139
333 260
333 12
333 8
333 15
333 98
333 53
333 13
334 70
334 184
334 316
334 7
334 248
334 137
334 212
334 224
335 87
335 136
335 19
335 63
335 231
335 258
335 173
335 151
336 272
336 93
336 10
336 151
336 120
336 165
336 197
336 97
337 273
337 325
337 121
337 12
337 179
337 90
337 202
337 313
338 326
338 5
338 241
338 199
338 85
338 334
338 229
338 16
339 326
339 262
339 49
339 174
339 260
339 98
339 78
339 230
340 34
340 278
340 239
340 98
340 174
340 10
340 229
340 62
341 153
341 170
341 228
341 104
341 25
341 31
341 42
341 98
342 290
342 293
342 44
342 270
342 143
342 145
342 13
342 108
343 16
343 174
343 85
343 194
343 71
343 103
343 133
343 64
344 183
344 58
344 161
344 34
344 90
344 185
344 279
344 26
345 148
345 261
345 156
345 70
345 247
345 231
345 251
345 102
346 148
346 9
346 285
346 202
346 13
346 243
346 8
346 32
347 2
347 175
347 87
347 270
347 99
347 46
347 6
347 345
348 206
348 21
348 110
348 269
348 85
348 153
348 243
348 22
349 7
349 153
349 280
349 12
349 19
349 101
349 11
349 3
350 131
350 85
350 13
350 246
350 337
350 124
350 75
350 4
351 129
351 188
351 72
351 66
351 15
351 89
351 157
351 48
352 157
352 5
352 26
352 205
352 7
352 72
352 38
352 1
353 285
353 129
353 97
353 295
353 17
353 249
353 13
353 26
354 60
354 28
354 126
354 262
354 85
354 3
354 6
354 335
355 11
355 312
355 174
355 92
355 35
355 103
355 16
355 126
356 1
356 141
356 348
356 278
356 22
356 78
356 12
356 5
357 31
357 324
357 25
357 23
357 250
357 10
357 292
357 36
358 0
358 11
358 89
358 225
358 9
358 335
358 24
358 91
359 17
359 22
359 138
359 23
359 59
359 246
359 78
359 2
360 1
360 48
360 92
360 350
360 45
360 52
360 289
360 348
361 29
361 176
361 194
361 6
361 8
361 294
361 17
361 117
362 125
362 9
362 134
362 268
362 267
362 24
362 197
362 0
363 1
363 86
363 125
363 214
363 237
363 299
363 121
363 34
364 71
364 272
364 353
364 295
364 266
364 195
364 98
364 145
365 13
365 77
365 9
365 105
365 51
365 8
365 143
365 28
366 14
366 17
366 151
366 283
366 345
366 302
366 53
366 4
367 330
367 211
367 121
367 67
367 89
367 134
367 256
367 166
368 59
368 292
368 87
368 238
368 170
368 311
368 168
368 132
369 46
369 256
369 63
369 112
369 121
369 12
369 17
369 10
370 183
370 13
370 185
370 2
370 85
370 26
370 243
370 35
371 87
371 76
371 2
371 43
371 207
371 327
371 291
371 204
372 269
372 125
372 147
372 26
372 290
372 92
372 62
372 206
373 153
373 288
373 197
373 261
373 109
373 16
373 1
373 243
374 85
374 134
374 15
374 228
374 5
374 174
374 306
374 41
375 40
375 4
375 92
375 69
375 63
375 268
375 46
375 337
376 331
376 185
376 65
376 23
376 114
376 164
376 249
376 127
377 22
377 8
377 173
377 134
377 144
377 47
377 24
377 169
378 191
378 199
378 82
378 38
378 184
378 299
378 217
378 200
379 15
379 236
379 13
379 6
379 314
379 253
379 132
379 90
380 243
380 9
380 114
380 249
380 169
380 151
380 352
380 32
381 351
381 79
381 16
381 329
381 324
381 31
381 84
381 1
382 5
382 227
382 187
382 131
382 13
382 59
382 258
382 1
383 77
383 303
383 197
383 12
383 130
383 31
383 162
383 67
384 284
384 170
384 324
384 97
384 308
384 60
384 223
384 238
385 137
385 5
385 146
385 321
385 11
385 43
385 10
385 2
386 5
386 309
386 216
386 248
386 19
386 13
386 4
386 43
387 20
387 324
387 5
387 349
387 72
387 310
387 11
387 278
388 382
388 14
388 165
388 193
388 23
388 143
388 43
388 279
389 116
389 56
389 172
389 182
389 29
389 9
389 8
389 45
390 19
390 320
390 5
390 254
390 117
390 25
390 210
390 179
391 285
391 8
391 220
391 269
391 3
391 2
391 87
391 17
392 145
392 13
392 1
392 50
392 347
392 10
392 68
392 19
393 141
393 309
393 175
393 291
393 6
393 15
393 74
393 255
394 3
394 215
394 24
394 94
394 20
394 239
394 279
394 5
395 21
395 383
395 62
395 33
395 9
395 138
395 129
395 103
396 264
396 334
396 78
396 370
396 251
396 0
396 24
396 205
397 109
397 114
397 50
397 310
397 146
397 89
397 48
397 125
398 137
398 138
398 10
398 85
398 334
398 234
398 2
398 93
399 90
399 7
399 1
399 16
399 192
399 126
399 58
399 89
400 36
400 258
400 0
400 124
400 64
400 5
400 10
400 23
401 125
401 182
401 135
401 77
401 41
401 95
401 55
401 29
402 284
402 39
402 17
402 48
402 14
402 393
402 92
402 23
403 200
403 292
403 6
403 188
403 24
403 172
403 3
403 212
404 1
404 14
404 0
404 183
404 386
404 134
404 24
404 308
405 137
405 74
405 75
405 212
405 10
405 319
405 54
405 55
406 25
406 315
406 62
406 98
406 59
406 17
406 249
406 300
407 186
407 2
407 334
407 28
407 195
407 12
407 401
407 7
408 129
408 5
408 71
408 6
408 19
408 305
408 49
408 8
409 173
409 4
409 134
409 36
409 318
409 237
409 192
409 314
410 232
410 332
410 280
410 157
410 72
410 138
410 380
410 43
411 51
411 308
411 134
411 3
411 154
411 160
411 234
411 343
412 311
412 109
412 248
412 191
412 296
412 142
412 316
412 27
413 262
413 78
413 199
413 21
413 194
413 35
413 176
413 131
414 24
414 400
414 7
414 51
414 110
414 117
414 149
414 274
415 39
415 237
415 137
415 25
415 22
415 231
415 296
415 18
416 1
416 209
416 66
416 35
416 188
416 216
416 311
416 404
417 230
417 361
417 56
417 78
417 54
417 45
417 154
417 14
418 35
418 293
418 391
418 15
418 118
418 200
418 13
418 117
419 9
419 37
419 417
419 136
419 50
419 369
419 241
419 110
420 6
420 154
420 13
420 38
420 33
420 94
420 9
420 339
421 98
421 59
421 224
421 125
421 293
421 56
421 17
421 93
422 33
422 376
422 418
422 406
422 41
422 5
422 22
422 178
423 79
423 292
423 152
423 147
423 245
423 1
423 5
423 214
424 7
424 252
424 82
424 50
424 344
424 261
424 311
424 111
425 331
425 25
425 70
425 179
425 36
425 58
425 125
425 26
426 337
426 11
426 93
426 19
426 170
426 175
426 115
426 24
427 79
427 28
427 206
427 24
427 87
427 224
427 187
427 72
428 80
428 244
428 14
428 180
428 99
428 9
428 81
428 52
429 48
429 101
429 29
429 10
429 217
429 300
429 87
429 41
430 301
430 110
430 88
430 192
430 310
430 53
430 7
430 164
431 213
431 9
431 161
431 350
431 375
431 28
431 17
431 315
432 16
432 282
432 101
432 184
432 82
432 201
432 284
432 286
433 220
433 8
433 60
433 207
433 374
433 66
433 86
433 398
434 375
434 396
434 26
434 84
434 323
434 240
434 22
434 15
435 57
435 14
435 178
435 237
435 283
435 366
435 427
435 400
436 50
436 222
436 103
436 345
436 331
436 66
436 5
436 144
437 188
437 349
437 234
437 260
437 41
437 292
437 6
437 355
438 297
438 10
438 51
438 418
438 384
438 11
438 200
438 21
439 243
439 172
439 301
439 351
439 219
439 302
439 103
439 47
440 372
440 296
440 37
440 10
440 11
440 188
440 93
440 9
441 339
441 14
441 149
441 290
441 166
441 36
441 310
441 173
442 23
442 67
442 25
442 62
442 17
442 1
442 220
442 239
443 175
443 393
443 30
443 442
443 364
443 34
443 317
443 279
444 249
444 430
444 153
444 129
444 28
444 5
444 130
444 84
445 161
445 116
445 140
445 166
445 0
445 136
445 77
445 78
446 119
446 263
446 38
446 197
446 12
446 8
446 98
446 422
447 95
447 317
447 70
447 316
447 87
447 93
447 17
447 390
448 347
448 125
448 360
448 38
448 416
448 45
448 25
448 277
449 54
449 70
449 7
449 28
449 61
449 85
449 126
449 26
450 324
450 11
450 106
450 327
450 25
450 250
450 251
450 17
451 353
451 10
451 79
451 131
451 322
451 269
451 119
451 58
452 17
452 25
452 15
452 300
452 79
452 48
452 131
452 49
453 415
453 38
453 22
453 5
453 109
453 107
453 216
453 101
454 64
454 327
454 348
454 74
454 424
454 7
454 48
454 384
455 84
455 38
455 1
455 45
455 43
455 154
455 174
455 128
456 214
456 350
456 6
456 336
456 25
456 132
456 279
456 24
457 354
457 28
457 10
457 22
457 125
457 154
457 369
457 193
458 5
458 308
458 17
458 11
458 438
458 8
458 58
458 123
459 150
459 35
459 221
459 10
459 110
459 89
459 235
459 102
460 24
460 99
460 197
460 101
460 13
460 38
460 298
460 271
461 150
461 211
461 8
461 31
461 42
461 424
461 10
461 328
462 127
462 201
462 197
462 418
462 116
462 94
462 42
462 4
463 73
463 11
463 83
463 342
463 87
463 173
463 279
463 307
464 384
464 299
464 55
464 13
464 2
464 4
464 67
464 43
465 1
465 449
465 4
465 211
465 16
465 96
465 235
465 342
466 345
466 281
466 10
466 33
466 9
466 15
466 298
466 464
467 119
467 126
467 121
467 251
467 6
467 139
467 5
467 65
468 85
468 105
468 237
468 122
468 37
468 166
468 394
468 38
469 453
469 296
469 6
469 443
469 57
469 77
469 106
469 145
470 0
470 307
470 26
470 325
470 178
470 94
470 170
470 136
471 350
471 153
471 15
471 111
471 26
471 173
471 25
471 0
472 120
472 98
472 127
472 432
472 342
472 9
472 259
472 191
473 294
473 1
473 38
473 249
473 238
473 78
473 96
473 134
474 142
474 207
474 86
474 0
474 452
474 74
474 190
474 4
475 92
475 88
475 36
475 329
475 19
475 17
475 108
475 139
476 66
476 34
476 234
476 11
476 178
476 92
476 19
476 8
477 464
477 43
477 8
477 185
477 21
477 447
477 107
477 131
478 211
478 8
478 76
478 268
478 274
478 238
478 154
478 5
479 253
479 101
479 38
479 17
479 97
479 32
479 82
479 20
480 158
480 20
480 19
480 90
480 82
480 427
480 47
480 99
481 388
481 217
481 206
481 194
481 361
481 48
481 11
481 0
482 209
482 79
482 0
482 395
482 189
482 57
482 357
482 83
483 78
483 300
483 349
483 475
483 99
483 13
483 30
483 102
484 428
484 201
484 27
484 101
484 151
484 309
484 24
484 145
485 338
485 372
485 189
485 436
485 6
485 4
485 47
485 253
486 207
486 0
486 191
486 215
486 238
486 63
486 321
486 11
487 8
487 297
487 223
487 373
487 108
487 4
487 248
487 89
488 253
488 70
488 244
488 50
488 53
488 206
488 330
488 212
489 131
489 274
489 348
489 130
489 1
489 408
489 447
489 96
490 263
490 310
490 262
490 232
490 82
490 187
490 45
490 38
491 141
491 484
491 216
491 1
491 132
491 405
491 181
491 65
492 13
492 5
492 110
492 384
492 11
492 38
492 22
492 20
493 273
493 77
493 25
493 15
493 13
493 49
493 38
493 65
494 420
494 435
494 266
494 97
494 364
494 128
494 348
494 250
495 106
495 69
495 15
495 277
495 57
495 105
495 334
495 194
496 403
496 10
496 42
496 16
496 191
496 77
496 85
496 73
497 472
497 87
497 96
497 132
497 192
497 17
497 3
497 357
498 117
498 79
498 355
498 475
498 7
498 174
498 262
498 370
499 38
499 287
499 448
499 75
499 13
499 54
499 472
499 86
500 304
500 106
500 411
500 197
500 39
500 284
500 29
500 351
501 13
501 434
501 448
501 306
501 394
501 56
501 81
501 174
502 159
502 227
502 7
502 21
502 13
502 87
502 134
502 158
503 53
503 293
503 248
503 358
503 122
503 319
503 86
503 124
504 29
504 8
504 85
504 15
504 101
504 314
504 7
504 52
505 92
505 309
505 8
505 85
505 133
505 55
505 205
505 23
506 129
506 29
506 9
506 3
506 361
506 122
506 239
506 339
507 127
507 173
507 0
507 103
507 392
507 12
507 54
507 16
508 493
508 263
508 165
508 123
508 449
508 126
508 195
508 54
509 259
509 217
509 298
509 148
509 356
509 85
509 243
509 2
510 188
510 146
510 263
510 110
510 212
510 153
510 34
510 337
511 193
511 454
511 89
511 57
511 509
511 3
511 280
511 260
512 185
512 0
512 439
512 337
512 43
512 428
512 156
512 56
513 0
513 301
513 3
513 360
513 120
513 133
513 11
513 162
514 4
514 107
514 88
514 95
514 168
514 487
514 249
514 36
515 6
515 110
515 321
515 128
515 474
515 320
515 5
515 412
516 200
516 460
516 19
516 424
516 128
516 419
516 226
516 335
517 482
517 21
517 300
517 179
517 340
517 27
517 114
517 3
518 12
518 180
518 496
518 224
518 109
518 489
518 73
518 222
519 83
519 125
519 39
519 148
519 85
519 123
519 499
519 26
520 6
520 138
520 8
520 140
520 10
520 96
520 89
520 1
521 113
521 236
521 60
521 44
521 465
521 7
521 221
521 88
522 43
522 136
522 362
522 192
522 10
522 468
522 18
522 465
523 3
523 25
523 2
523 69
523 172
523 4
523 188
523 263
524 327
524 1
524 232
524 86
524 321
524 402
524 53
524 203
525 336
525 124
525 9
525 148
525 42
525 6
525 430
525 19
526 392
526 439
526 289
526 503
526 26
526 337
526 40
526 273
527 111
527 289
527 1
527 201
527 500
527 144
527 54
527 13
528 26
528 8
528 4
528 281
528 192
528 214
528 207
528 254
529 509
529 92
529 249
529 3
529 10
529 284
529 320
529 46
530 87
530 26
530 19
530 82
530 9
530 315
530 495
530 154
531 72
531 344
531 145
531 34
531 115
531 117
531 28
531 67
532 260
532 373
532 204
532 54
532 95
532 427
532 9
532 350
533 5
533 57
533 465
533 78
533 377
533 132
533 97
533 26
534 51
534 212
534 104
534 184
534 379
534 203
534 220
534 69
535 190
535 0
535 62
535 50
535 27
535 60
535 310
535 45
536 233
536 28
536 13
536 155
536 52
536 23
536 37
536 139
537 170
537 471
537 442
537 338
537 206
537 39
537 174
537 171
538 174
538 16
538 78
538 72
538 184
538 495
538 406
538 363
539 9
539 8
539 134
539 35
539 100
539 450
539 456
539 70
540 161
540 52
540 76
540 22
540 109
540 135
540 484
540 388
541 420
541 320
541 10
541 2
541 0
541 272
541 55
541 192
542 93
542 43
542 164
542 0
542 7
542 87
542 2
542 494
543 236
543 323
543 42
543 66
543 148
543 332
543 438
543 105
544 346
544 16
544 133
544 68
544 8
544 275
544 332
544 507
545 337
545 506
545 14
545 26
545 55
545 142
545 22
545 34
546 26
546 1
546 11
546 99
546 74
546 154
546 10
546 77
547 97
547 13
547 9
547 246
547 205
547 192
547 92
547 195
548 384
548 193
548 254
548 381
548 62
548 105
548 269
548 10
549 25
549 5
549 100
549 112
549 422
549 159
549 151
549 487
550 319
550 321
550 234
550 473
550 533
550 114
550 154
550 441
551 87
551 264
551 85
551 151
551 10
551 48
551 4
551 205
552 229
552 16
552 43
552 4
552 114
552 42
552 482
552 232
553 200
553 38
553 157
553 48
553 336
553 415
553 393
553 269
554 10
554 313
554 348
554 1
554 530
554 515
554 33
554 19
555 23
555 11
555 500
555 284
555 214
555 5
555 259
555 106
556 60
556 505
556 30
556 64
556 7
556 0
556 98
556 255
557 0
557 111
557 242
557 119
557 300
557 183
557 337
557 3
558 24
558 68
558 23
558 212
558 123
558 262
558 459
558 323
559 10
559 394
559 56
559 282
559 14
559 81
559 245
559 103
560 360
560 448
560 329
560 130
560 16
560 75
560 381
560 531
561 408
561 276
561 23
561 284
561 8
561 515
561 76
561 107
562 38
562 247
562 0
562 157
562 479
562 85
562 128
562 52
563 10
563 5
563 419
563 463
563 0
563 156
563 205
563 66
564 114
564 245
564 5
564 33
564 129
564 62
564 49
564 41
565 49
565 65
565 407
565 153
565 224
565 14
565 16
565 24
566 33
566 34
566 83
566 78
566 508
566 4
566 532
566 14
567 407
567 491
567 56
567 538
567 63
567 295
567 97
567 229
568 15
568 328
568 24
568 382
568 197
568 272
568 283
568 11
569 42
569 145
569 373
569 60
569 11
569 540
569 517
569 165
570 153
570 336
570 107
570 122
570 497
570 481
570 6
570 124
571 200
571 11
571 180
571 325
571 317
571 75
571 8
571 174
572 362
572 208
572 2
572 182
572 392
572 126
572 1
572 166
573 404
573 300
573 160
573 16
573 520
573 121
573 25
573 544
574 41
574 1
574 181
574 16
574 569
574 9
574 271
574 6
575 65
575 203
575 7
575 536
575 141
575 32
575 72
575 11
576 423
576 207
576 93
576 197
576 4
576 512
576 486
576 163
577 451
577 8
577 57
577 23
577 40
577 256
577 200
577 496
578 6
578 226
578 22
578 355
578 106
578 210
578 118
578 113
579 85
579 5
579 24
579 62
579 43
579 495
579 450
579 84
580 10
580 7
580 502
580 4
580 12
580 319
580 221
580 456
581 8
581 104
581 378
581 11
581 106
581 24
581 343
581 5
582 11
582 111
582 362
582 222
582 3
582 531
582 46
582 105
583 388
583 35
583 336
583 197
583 2
583 75
583 278
583 145
584 227
584 93
584 27
584 106
584 559
584 91
584 246
584 486
585 16
585 494
585 24
585 296
585 128
585 85
585 5
585 140
586 295
586 5
586 19
586 178
586 460
586 11
586 138
586 452
587 326
587 156
587 292
587 1
587 5
587 66
587 7
587 140
588 83
588 564
588 310
588 65
588 298
588 49
588 42
588 101
589 143
589 36
589 134
589 16
589 26
589 109
589 90
589 3
590 32
590 172
590 121
590 280
590 75
590 203
590 184
590 515
591 47
591 9
591 519
591 94
591 149
591 255
591 524
591 296
592 162
592 170
592 29
592 537
592 499
592 498
592 15
592 318
593 83
593 133
593 125
593 151
593 546
593 269
593 95
593 57
594 377
594 21
594 151
594 16
594 520
594 0
594 191
594 362
595 367
595 185
595 52
595 550
595 212
595 93
595 102
595 11
596 518
596 215
596 13
596 244
596 439
596 323
596 568
596 84
597 187
597 77
597 108
597 34
597 10
597 343
597 325
597 55
598 266
598 32
598 131
598 38
598 249
598 422
598 3
598 218
599 9
599 8
599 151
599 20
599 143
599 148
599 1
599 35
600 272
600 57
600 136
600 62
600 314
600 143
600 25
600 192
601 22
601 107
601 83
601 81
601 540
601 130
601 128
601 199
602 481
602 509
602 7
602 258
602 84
602 118
602 274
602 356
603 178
603 350
603 5
603 490
603 9
603 206
603 14
603 37
604 220
604 475
604 194
604 78
604 237
604 23
604 421
604 578
605 3
605 31
605 11
605 88
605 330
605 275
605 603
605 125
606 21
606 10
606 2
606 165
606 501
606 437
606 35
606 274
607 505
607 191
607 85
607 158
607 41
607 230
607 302
607 182
608 88
608 223
608 67
608 23
608 417
608 206
608 26
608 28
609 81
609 235
609 344
609 557
609 214
609 218
609 329
609 279
610 382
610 1
610 39
610 537
610 362
610 453
610 132
610 234
611 101
611 4
611 20
611 82
611 125
611 87
611 78
611 52
612 94
612 28
612 172
612 27
612 12
612 323
612 550
612 537
613 117
613 31
613 519
613 371
613 493
613 195
613 298
613 239
614 373
614 190
614 24
614 351
614 231
614 57
614 1
614 569
615 36
615 150
615 481
615 103
615 450
615 41
615 46
615 518
616 337
616 37
616 57
616 463
616 52
616 188
616 68
616 334
617 509
617 111
617 36
617 26
617 379
617 604
617 405
617 72
618 57
618 73
618 21
618 90
618 56
618 129
618 3
618 512
619 471
619 178
619 520
619 6
619 220
619 86
619 32
619 101
620 551
620 135
620 96
620 59
620 16
620 594
620 258
620 7
621 430
621 69
621 258
621 426
621 9
621 293
621 3
621 156
622 127
622 300
622 72
622 596
622 465
622 495
622 387
622 399
623 607
623 9
623 99
623 11
623 137
623 488
623 522
623 220
624 37
624 270
624 22
624 78
624 25
624 35
624 38
624 385
625 22
625 89
625 204
625 11
625 420
625 193
625 168
625 5
626 135
626 113
626 89
626 396
626 60
626 409
626 138
626 477
627 8
627 195
627 76
627 325
627 12
627 207
627 59
627 134
628 420
628 408
628 56
628 318
628 1
628 148
628 158
628 553
629 66
629 205
629 30
629 11
629 97
629 7
629 14
629 190
630 1
630 419
630 0
630 197
630 42
630 50
630 14
630 80
631 418
631 10
631 126
631 360
631 81
631 553
631 79
631 55
632 417
632 273
632 16
632 102
632 460
632 155
632 555
632 202
633 162
633 0
633 12
633 3
633 260
633 213
633 69
633 6
634 319
634 53
634 284
634 340
634 22
634 315
634 183
634 329
635 49
635 409
635 60
635 82
635 87
635 18
635 0
635 52
636 0
636 512
636 16
636 165
636 90
636 36
636 289
636 1
637 300
637 471
637 544
637 212
637 319
637 5
637 136
637 206
638 171
638 5
638 590
638 403
638 608
638 391
638 334
638 207
639 41
639 175
639 573
639 65
639 79
639 559
639 56
639 528
640 558
640 237
640 83
640 5
640 130
640 71
640 576
640 139
641 197
641 148
641 297
641 581
641 104
641 82
641 60
641 23
642 388
642 432
642 635
642 222
642 632
642 174
642 623
642 24
643 60
643 591
643 108
643 246
643 471
643 218
643 58
643 151
644 570
644 401
644 503
644 10
644 13
644 472
644 302
644 24
645 263
645 190
645 249
645 644
645 9
645 116
645 51
645 303
646 314
646 90
646 496
646 0
646 5
646 227
646 188
646 17
647 646
647 4
647 406
647 28
647 10
647 178
647 261
647 107
648 49
648 102
648 379
648 232
648 310
648 375
648 161
648 342
649 521
649 398
649 558
649 254
649 418
649 41
649 369
649 7
650 43
650 574
650 134
650 464
650 358
650 198
650 49
650 15
651 395
651 220
651 283
651 46
651 119
651 18
651 623
651 482
652 458
652 565
652 23
652 482
652 58
652 7
652 151
652 9
653 502
653 503
653 16
653 9
653 645
653 324
653 636
653 131
654 501
654 12
654 87
654 3
654 46
654 219
654 143
654 5
655 129
655 580
655 414
655 415
655 170
655 497
655 542
655 1
656 31
656 17
656 269
656 216
656 592
656 58
656 174
656 5
657 227
657 10
657 432
657 270
657 98
657 415
657 77
657 29
658 289
658 393
658 250
658 18
658 344
658 298
658 637
658 272
659 495
659 25
659 7
659 514
659 238
659 422
659 610
659 592
660 235
660 136
660 167
660 380
660 70
660 110
660 500
660 51
661 56
661 12
661 295
661 149
661 285
661 330
661 222
661 98
662 605
662 626
662 258
662 80
662 124
662 151
662 360
662 171
663 64
663 402
663 560
663 7
663 24
663 116
663 238
663 640
664 85
664 277
664 90
664 1
664 585
664 381
664 261
664 6
665 350
665 499
665 152
665 164
665 39
665 467
665 347
665 515
666 157
666 98
666 32
666 123
666 8
666 656
666 634
666 7
667 93
667 452
667 521
667 7
667 309
667 1
667 278
667 658
668 26
668 256
668 642
668 481
668 359
668 498
668 244
668 68
669 63
669 84
669 21
669 34
669 188
669 367
669 53
669 309
670 0
670 337
670 37
670 25
670 441
670 285
670 162
670 461
671 335
671 279
671 76
671 403
671 26
671 594
671 11
671 7
672 9
672 83
672 164
672 148
672 334
672 76
672 323
672 358
673 125
673 266
673 295
673 43
673 15
673 149
673 315
673 99
674 170
674 276
674 63
674 194
674 412
674 156
674 271
674 97
675 207
675 525
675 457
675 12
675 293
675 151
675 49
675 269
676 664
676 368
676 545
676 421
676 44
676 63
676 135
676 5
677 21
677 654
677 38
677 463
677 11
677 219
677 9
677 320
678 531
678 15
678 324
678 622
678 184
678 92
678 127
678 141
679 2
679 211
679 49
679 446
679 430
679 355
679 16
679 124
680 216
680 324
680 204
680 314
680 18
680 212
680 528
680 345
681 24
681 438
681 25
681 68
681 27
681 285
681 653
681 125
682 17
682 519
682 106
682 237
682 605
682 74
682 650
682 406
683 67
683 280
683 10
683 207
683 145
683 652
683 319
683 141
684 248
684 155
684 444
684 260
684 23
684 6
684 469
684 569
685 83
685 19
685 25
685 269
685 123
685 85
685 119
685 267
686 632
686 397
686 228
686 75
686 20
686 7
686 1
686 238
687 133
687 78
687 50
687 32
687 31
687 121
687 258
687 60
688 13
688 198
688 325
688 10
688 662
688 188
688 324
688 16
689 327
689 500
689 387
689 256
689 134
689 282
689 106
689 607
690 282
690 615
690 28
690 126
690 27
690 315
690 160
690 68
691 19
691 607
691 76
691 33
691 69
691 410
691 15
691 295
692 238
692 149
692 9
692 312
692 321
692 65
692 77
692 32
693 7
693 570
693 67
693 226
693 366
693 472
693 26
693 306
694 616
694 427
694 6
694 1
694 75
694 215
694 19
694 120
695 42
695 487
695 172
695 39
695 561
695 295
695 41
695 83
696 137
696 317
696 617
696 103
696 132
696 506
696 38
696 54
697 56
697 7
697 1
697 149
697 29
697 589
697 393
697 19
698 42
698 211
698 378
698 539
698 135
698 282
698 341
698 432
699 28
699 331
699 543
699 266
699 67
699 190
699 181
699 160
700 198
700 267
700 102
700 284
700 590
700 15
700 342
700 26
701 75
701 319
701 17
701 99
701 93
701 106
701 214
701 421
702 75
702 197
702 493
702 551
702 486
702 39
702 451
702 106
703 141
703 6
703 18
703 201
703 647
703 57
703 428
703 447
704 276
704 395
704 6
704 598
704 12
704 18
704 1
704 3
705 226
705 600
705 9
705 58
705 55
705 220
705 38
705 567
706 15
706 35
706 473
706 1
706 339
706 465
706 0
706 113
707 677
707 372
707 10
707 622
707 8
707 5
707 222
707 14
708 63
708 555
708 3
708 26
708 175
708 84
708 123
708 305
709 28
709 222
709 258
709 603
709 1
709 302
709 175
709 223
710 434
710 10
710 24
710 79
710 349
710 331
710 50
710 87
711 61
711 326
711 5
711 32
711 12
711 527
711 58
711 295
712 632
712 244
712 482
712 84
712 542
712 197
712 75
712 5
713 189
713 320
713 543
713 36
713 99
713 650
713 546
713 655
714 405
714 34
714 166
714 59
714 198
714 5
714 178
714 205
715 16
715 542
715 1
715 8
715 377
715 2
715 708
715 333
716 255
716 217
716 29
716 50
716 345
716 157
716 10
716 442
717 35
717 10
717 107
717 661
717 11
717 375
717 353
717 2
718 11
718 86
718 132
718 33
718 20
718 35
718 558
718 6
719 52
719 243
719 244
719 74
719 419
719 57
719 497
719 174
720 365
720 583
720 438
720 23
720 567
720 673
720 181
720 21
721 289
721 62
721 7
721 656
721 50
721 66
721 100
721 528
722 50
722 87
722 397
722 231
722 15
722 348
722 337
722 525
723 151
723 174
723 256
723 75
723 230
723 125
723 226
723 166
724 314
724 67
724 6
724 160
724 240
724 716
724 10
724 156
725 12
725 56
725 585
725 22
725 320
725 28
725 231
725 465
726 18
726 40
726 334
726 72
726 1
726 611
726 238
726 82
727 504
727 101
727 34
727 195
727 430
727 43
727 2
727 38
728 40
728 606
728 1
728 116
728 15
728 4
728 85
728 265
729 255
729 170
729 193
729 651
729 192
729 689
729 341
729 85
730 35
730 686
730 188
730 125
730 625
730 114
730 99
730 345
731 420
731 119
731 8
731 408
731 153
731 6
731 344
731 476
732 17
732 138
732 374
732 578
732 725
732 189
732 582
732 25
733 683
733 370
733 623
733 12
733 381
733 17
733 189
733 3
734 36
734 315
734 61
734 6
734 12
734 233
734 23
734 13
735 344
735 435
735 45
735 647
735 63
735 381
735 6
735 457
736 711
736 337
736 175
736 198
736 566
736 1
736 48
736 192
737 22
737 23
737 391
737 220
737 122
737 162
737 176
737 234
738 60
738 4
738 441
738 318
738 253
738 518
738 269
738 27
739 684
739 235
739 50
739 254
739 528
739 304
739 153
739 307
740 495
740 3
740 11
740 132
740 249
740 528
740 30
740 2
741 209
741 603
741 31
741 421
741 239
741 652
741 303
741 8
742 2
742 178
742 5
742 238
742 10
742 581
742 310
742 409
743 500
743 683
743 138
743 118
743 564
743 454
743 168
743 49
744 646
744 260
744 11
744 76
744 177
744 605
744 40
744 10
745 451
745 666
745 465
745 12
745 86
745 97
745 112
745 105
746 399
746 376
746 296
746 36
746 64
746 603
746 66
746 304
747 533
747 661
747 21
747 52
747 23
747 256
747 87
747 14
748 372
748 576
748 738
748 23
748 214
748 163
748 314
748 60
749 556
749 463
749 300
749 218
749 447
749 1
749 31
749 682
750 528
750 309
750 7
750 20
750 683
750 28
750 110
750 684
751 69
751 1
751 732
751 13
751 109
751 29
751 346
751 407
752 56
752 707
752 321
752 268
752 746
752 484
752 12
752 471
753 689
753 309
753 5
753 114
753 7
753 90
753 372
753 381
754 45
754 102
754 11
754 26
754 197
754 522
754 430
754 83
755 33
755 11
755 355
755 143
755 495
755 682
755 50
755 574
756 434
756 85
756 26
756 300
756 154
756 675
756 419
756 2
757 24
757 102
757 245
757 272
757 701
757 588
757 494
757 192
758 497
758 0
758 119
758 569
758 683
758 10
758 151
758 15
759 26
759 110
759 366
759 659
759 50
759 262
759 68
759 78
760 680
760 595
760 645
760 542
760 524
760 649
760 598
760 4
761 718
761 216
761 639
761 49
761 630
761 448
761 265
761 504
762 93
762 217
762 568
762 557
762 20
762 54
762 184
762 114
763 277
763 6
763 355
763 195
763 103
763 0
763 351
763 175
764 618
764 161
764 54
764 742
764 90
764 373
764 195
764 58
765 342
765 277
765 0
765 5
765 250
765 524
765 11
765 8
766 136
766 69
766 624
766 445
766 10
766 236
766 33
766 305
767 237
767 0
767 13
767 333
767 21
767 108
767 150
767 247
768 167
768 134
768 8
768 675
768 49
768 118
768 525
768 160
769 26
769 161
769 285
769 365
769 484
769 468
769 375
769 94
770 1
770 7
770 136
770 408
770 581
770 75
770 98
770 232
771 419
771 162
771 356
771 106
771 5
771 490
771 405
771 213
772 98
772 674
772 337
772 645
772 650
772 564
772 248
772 74
773 22
773 685
773 94
773 38
773 72
773 260
773 187
773 474
774 558
774 337
774 216
774 11
774 99
774 766
774 486
774 368
775 46
775 764
775 332
775 12
775 416
775 4
775 373
775 101
776 81
776 140
776 152
776 482
776 107
776 168
776 19
776 756
777 138
777 434
777 247
777 27
777 21
777 47
777 358
777 293
778 712
778 484
778 223
778 704
778 699
778 150
778 331
778 389
779 17
779 538
779 38
779 298
779 16
779 450
779 137
779 26
780 29
780 38
780 11
780 526
780 149
780 602
780 134
780 93
781 694
781 76
781 517
781 27
781 427
781 425
781 360
781 35
782 720
782 328
782 30
782 454
782 540
782 140
782 537
782 280
783 92
783 583
783 67
783 465
783 461
783 88
783 319
783 641
784 685
784 15
784 725
784 191
784 64
784 204
784 599
784 26
785 437
785 165
785 112
785 353
785 331
785 13
785 217
785 345
786 281
786 246
786 16
786 165
786 85
786 395
786 29
786 700
787 709
787 90
787 203
787 170
787 212
787 40
787 70
787 67
788 283
788 106
788 136
788 75
788 258
788 182
788 188
788 567
789 163
789 330
789 261
789 672
789 0
789 438
789 252
789 79
790 137
790 700
790 8
790 374
790 464
790 623
790 81
790 135
791 306
791 336
791 90
791 75
791 112
791 568
791 72
791 473
792 330
792 394
792 584
792 12
792 253
792 482
792 599
792 270
793 544
793 181
793 593
793 31
793 48
793 16
793 47
793 564
794 337
794 528
794 143
794 5
794 6
794 484
794 225
794 512
795 60
795 85
795 662
795 6
795 661
795 3
795 165
795 385
796 76
796 126
796 25
796 531
796 617
796 54
796 196
796 605
797 707
797 576
797 330
797 75
797 721
797 242
797 6
797 100
798 249
798 118
798 2
798 704
798 12
798 11
798 326
798 324
799 438
799 599
799 120
799 449
799 538
799 106
799 233
799 125
800 338
800 314
800 516
800 195
800 68
800 275
800 45
800 705
801 762
801 545
801 480
801 427
801 9
801 289
801 59
801 115
802 421
802 34
802 452
802 236
802 37
802 28
802 326
802 80
803 773
803 271
803 590
803 434
803 12
803 26
803 78
803 192
804 784
804 109
804 765
804 760
804 9
804 139
804 92
804 20
805 7
805 364
805 483
805 98
805 87
805 106
805 527
805 327
806 140
806 24
806 730
806 207
806 179
806 51
806 509
806 569
807 782
807 121
807 669
807 237
807 489
807 191
807 420
807 38
808 137
808 661
808 228
808 412
808 25
808 222
808 34
808 113
809 606
809 7
809 107
809 367
809 221
809 512
809 67
809 728
810 406
810 69
810 362
810 359
810 34
810 447
810 566
810 106
811 646
811 526
811 85
811 69
811 702
811 98
811 631
811 656
812 429
812 25
812 65
812 85
812 273
812 206
812 629
812 265
813 285
813 121
813 190
813 224
813 319
813 388
813 384
813 276
814 416
814 130
814 55
814 308
814 347
814 183
814 0
814 562
815 171
815 169
815 683
815 6
815 57
815 215
815 25
815 452
816 3
816 766
816 122
816 2
816 77
816 17
816 26
816 93
817 206
817 621
817 442
817 673
817 227
817 255
817 233
817 440
818 554
818 550
818 323
818 471
818 83
818 243
818 567
818 420
819 204
819 198
819 5
819 120
819 73
819 324
819 3
819 9
820 145
820 805
820 10
820 801
820 540
820 674
820 523
820 24
821 237
821 5
821 246
821 254
821 97
821 653
821 3
821 750
822 393
822 445
822 443
822 3
822 312
822 24
822 101
822 295
823 16
823 554
823 81
823 156
823 296
823 199
823 6
823 313
824 15
824 499
824 528
824 4
824 138
824 466
824 91
824 242
825 80
825 120
825 505
825 48
825 114
825 767
825 308
825 397
826 748
826 21
826 445
826 24
826 325
826 1
826 0
826 4
827 129
827 705
827 314
827 62
827 170
827 20
827 419
827 59
828 87
828 84
828 756
828 521
828 750
828 681
828 10
828 806
829 109
829 314
829 199
829 26
829 146
829 296
829 276
829 491
830 0
830 72
830 58
830 552
830 178
830 652
830 139
830 23
831 116
831 653
831 744
831 11
831 827
831 13
831 403
831 570
832 24
832 254
832 182
832 663
832 553
832 1
832 822
832 337
833 447
833 75
833 565
833 397
833 94
833 189
833 269
833 169
834 77
834 23
834 81
834 230
834 416
834 453
834 212
834 19
835 706
835 27
835 12
835 673
835 135
835 119
835 405
835 708
836 324
836 96
836 548
836 251
836 780
836 573
836 502
836 518
837 474
837 125
837 327
837 387
837 217
837 614
837 1
837 32
838 404
838 721
838 719
838 743
838 566
838 525
838 280
838 701
839 594
839 186
839 742
839 18
839 8
839 43
839 58
839 794
840 6
840 820
840 441
840 756
840 337
840 10
840 137
840 156
841 692
841 191
841 66
841 554
841 720
841 716
841 21
841 258
842 234
842 66
842 532
842 12
842 19
842 155
842 17
842 208
843 151
843 634
843 210
843 136
843 602
843 789
843 9
843 409
844 430
844 269
844 42
844 4
844 652
844 312
844 241
844 449
845 25
845 597
845 432
845 170
845 4
845 141
845 528
845 70
846 699
846 235
846 445
846 188
846 773
846 185
846 604
846 760
847 656
847 2
847 185
847 41
847 29
847 444
847 19
847 7
848 61
848 169
848 753
848 416
848 16
848 189
848 18
848 532
849 393
849 312
849 57
849 14
849 130
849 63
849 235
849 686
850 5
850 551
850 12
850 406
850 106
850 48
850 31
850 187
851 586
851 8
851 34
851 159
851 53
851 849
851 819
851 415
852 2
852 613
852 42
852 16
852 573
852 491
852 408
852 36
853 21
853 530
853 37
853 542
853 234
853 192
853 48
853 360
854 644
854 288
854 16
854 266
854 85
854 407
854 12
854 705
855 133
855 176
855 638
855 430
855 77
855 709
855 812
855 392
856 75
856 50
856 249
856 395
856 471
856 125
856 13
856 268
857 385
857 19
857 452
857 803
857 601
857 92
857 470
857 121
858 568
858 462
858 1
858 478
858 27
858 488
858 724
858 10
859 382
859 255
859 171
859 245
859 247
859 4
859 297
859 281
860 656
860 157
860 817
860 344
860 755
860 24
860 212
860 215
861 43
861 847
861 36
861 825
861 809
861 46
861 122
861 45
862 275
862 781
862 103
862 612
862 10
862 284
862 504
862 184
863 69
863 60
863 95
863 420
863 16
863 210
863 83
863 702
864 593
864 45
864 127
864 0
864 18
864 608
864 20
864 500
865 127
865 31
865 207
865 82
865 469
865 392
865 0
865 432
866 744
866 21
866 187
866 652
866 384
866 448
866 325
866 11
867 656
867 17
867 832
867 773
867 473
867 151
867 620
867 16
868 817
868 229
868 11
868 145
868 296
868 113
868 189
868 62
869 163
869 170
869 286
869 500
869 238
869 140
869 3
869 24
870 44
870 41
870 481
870 19
870 482
870 17
870 355
870 475
871 5
871 863
871 192
871 724
871 197
871 51
871 623
871 266
872 544
872 178
872 817
872 366
872 361
872 531
872 704
872 176
873 49
873 354
873 54
873 297
873 349
873 78
873 102
873 142
874 5
874 373
874 451
874 570
874 646
874 823
874 507
874 14
875 444
875 179
875 363
875 186
875 45
875 578
875 47
875 454
876 95
876 463
876 235
876 842
876 49
876 14
876 85
876 125
877 555
877 13
877 275
877 436
877 24
877 2
877 7
877 23
878 811
878 753
878 337
878 43
878 357
878 459
878 399
878 457
879 679
879 468
879 587
879 615
879 704
879 728
879 22
879 223
880 215
880 817
880 50
880 578
880 227
880 36
880 598
880 116
881 368
881 250
881 690
881 358
881 75
881 388
881 558
881 188
882 780
882 113
882 155
882 493
882 143
882 103
882 25
882 43
883 151
883 7
883 282
883 78
883 526
883 366
883 836
883 328
884 365
884 53
884 124
884 153
884 405
884 828
884 59
884 397
885 514
885 82
885 450
885 464
885 657
885 569
885 593
885 270
886 462
886 621
886 355
886 49
886 151
886 590
886 1
886 290
887 324
887 139
887 25
887 237
887 164
887 490
887 1
887 41
888 58
888 43
888 561
888 254
888 187
888 3
888 11
888 417
889 427
889 74
889 110
889 237
889 238
889 1
889 0
889 661
890 220
890 240
890 55
890 183
890 216
890 658
890 294
890 345
891 24
891 356
891 102
891 135
891 97
891 0
891 44
891 178
892 362
892 197
892 768
892 864
892 748
892 110
892 421
892 213
893 255
893 63
893 84
893 170
893 34
893 41
893 531
893 420
894 201
894 717
894 721
894 795
894 628
894 871
894 76
894 652
895 892
895 708
895 205
895 817
895 92
895 85
895 3
895 224
896 246
896 444
896 30
896 49
896 48
896 338
896 266
896 54
897 183
897 638
897 482
897 175
897 523
897 163
897 895
897 25
898 364
898 746
898 3
898 720
898 860
898 791
898 479
898 10
899 687
899 489
899 43
899 137
899 79
899 77
899 391
899 519
900 273
900 165
900 399
900 318
900 1
900 556
900 531
900 92
901 702
901 740
901 184
901 6
901 516
901 78
901 11
901 385
902 126
902 308
902 39
902 852
902 563
902 345
902 1
902 566
903 654
903 221
903 71
903 7
903 29
903 819
903 32
903 90
904 155
904 13
904 85
904 6
904 717
904 618
904 209
904 9
905 181
905 847
905 743
905 19
905 895
905 122
905 756
905 400
906 811
906 53
906 31
906 525
906 231
906 440
906 60
906 12
907 877
907 346
907 439
907 298
907 0
907 365
907 405
907 178
908 8
908 65
908 9
908 60
908 47
908 896
908 423
908 737
909 105
909 78
909 112
909 200
909 127
909 398
909 413
909 79
910 465
910 34
910 425
910 424
910 30
910 125
910 58
910 652
911 80
911 31
911 0
911 639
911 676
911 849
911 6
911 24
912 531
912 303
912 155
912 521
912 358
912 649
912 543
912 74
913 36
913 8
913 693
913 744
913 1
913 37
913 534
913 337
914 203
914 503
914 128
914 879
914 599
914 782
914 171
914 672
915 86
915 742
915 145
915 172
915 77
915 645
915 27
915 685
916 132
916 873
916 134
916 65
916 605
916 87
916 720
916 18
917 230
917 881
917 166
917 226
917 527
917 239
917 122
917 19
918 212
918 604
918 217
918 49
918 385
918 174
918 916
918 708
919 458
919 89
919 287
919 273
919 35
919 101
919 143
919 895
920 650
920 88
920 539
920 93
920 302
920 618
920 417
920 538
921 658
921 7
921 624
921 41
921 180
921 218
921 85
921 166
922 587
922 828
922 8
922 172
922 530
922 10
922 198
922 24
923 346
923 97
923 39
923 861
923 261
923 291
923 878
923 863
924 740
924 575
924 489
924 499
924 26
924 313
924 85
924 893
925 61
925 9
925 640
925 106
925 13
925 512
925 861
925 73
926 86
926 43
926 129
926 367
926 25
926 267
926 366
926 121
927 80
927 779
927 130
927 237
927 48
927 831
927 910
927 109
928 78
928 651
928 594
928 12
928 591
928 31
928 637
928 81
929 385
929 805
929 31
929 637
929 542
929 373
929 237
929 228
930 359
930 190
930 395
930 355
930 736
930 102
930 283
930 4
931 207
931 103
931 160
931 666
931 2
931 90
931 75
931 3
932 33
932 353
932 227
932 471
932 568
932 67
932 663
932 350
933 159
933 186
933 34
933 533
933 109
933 231
933 137
933 614
934 116
934 817
934 234
934 36
934 13
934 629
934 59
934 312
935 137
935 875
935 258
935 683
935 418
935 884
935 221
935 290
936 834
936 24
936 486
936 59
936 550
936 237
936 70
936 171
937 823
937 133
937 214
937 12
937 510
937 757
937 643
937 103
938 543
938 496
938 4
938 172
938 489
938 559
938 667
938 85
939 150
939 9
939 2
939 203
939 38
939 57
939 46
939 593
940 130
940 895
940 604
940 172
940 718
940 650
940 578
940 150
941 265
941 110
941 539
941 416
941 18
941 646
941 706
941 106
942 7
942 58
942 35
942 125
942 165
942 334
942 34
942 85
943 136
943 246
943 179
943 254
943 92
943 214
943 836
943 817
944 617
944 70
944 277
944 265
944 307
944 253
944 22
944 3
945 607
945 78
945 352
945 492
945 53
945 8
945 34
945 108
946 0
946 79
946 34
946 10
946 70
946 15
946 226
946 85
947 9
947 909
947 15
947 10
947 109
947 425
947 135
947 136
948 482
948 659
948 701
948 122
948 28
948 512
948 550
948 271
949 204
949 373
949 108
949 482
949 264
949 454
949 300
949 359
950 837
950 498
950 11
950 411
950 42
950 189
950 19
950 9
951 76
951 736
951 66
951 363
951 680
951 945
951 94
951 179
952 45
952 635
952 67
952 341
952 18
952 949
952 769
952 15
953 279
953 909
953 605
953 471
953 508
953 4
953 384
953 382
954 7
954 496
954 55
954 101
954 373
954 15
954 881
954 133
955 69
955 70
955 892
955 680
955 825
955 707
955 202
955 215
956 53
956 9
956 138
956 8
956 58
956 733
956 755
956 233
957 168
957 246
957 819
957 515
957 337
957 33
957 693
957 161
958 648
958 356
958 311
958 568
958 141
958 244
958 5
958 409
959 580
959 48
959 8
959 739
959 21
959 379
959 238
959 15
960 919
960 79
960 847
960 100
960 41
960 43
960 275
960 152
961 8
961 475
961 682
961 70
961 844
961 112
961 24
961 269
962 16
962 67
962 316
962 463
962 858
962 179
962 125
962 197
963 43
963 822
963 418
963 60
963 241
963 600
963 552
963 869
964 419
964 64
964 130
964 43
964 45
964 511
964 410
964 87
965 617
965 519
965 180
965 241
965 404
965 48
965 38
965 429
966 185
966 17
966 79
966 51
966 350
966 233
966 944
966 39
967 913
967 876
967 207
967 272
967 350
967 60
967 943
967 178
968 291
968 511
968 21
968 613
968 177
968 467
968 575
968 43
969 2
969 99
969 741
969 254
969 122
969 43
969 507
969 271
970 662
970 283
970 1
970 272
970 939
970 324
970 878
970 525
971 147
971 4
971 23
971 609
971 243
971 28
971 84
971 116
972 445
972 18
972 106
972 116
972 524
972 41
972 186
972 40
973 8
973 387
973 210
973 656
973 37
973 797
973 56
973 362
974 676
974 38
974 480
974 284
974 230
974 545
974 731
974 178
975 933
975 38
975 942
975 8
975 227
975 212
975 866
975 2
976 140
976 928
976 312
976 226
976 216
976 5
976 422
976 786
977 385
977 563
977 649
977 405
977 663
977 85
977 879
977 732
978 6
978 367
978 532
978 781
978 697
978 629
978 247
978 955
979 16
979 43
979 234
979 79
979 108
979 586
979 109
979 176
980 767
980 10
980 38
980 206
980 377
980 473
980 66
980 811
981 819
981 11
981 866
981 107
981 310
981 257
981 53
981 523
982 138
982 400
982 321
982 262
982 788
982 5
982 297
982 146
983 630
983 54
983 176
983 149
983 546
983 398
983 605
983 633
984 17
984 659
984 316
984 154
984 948
984 743
984 10
984 575
985 87
985 240
985 45
985 391
985 690
985 59
985 880
985 171
986 96
986 908
986 955
986 233
986 60
986 830
986 14
986 567
987 83
987 176
987 381
987 2
987 942
987 17
987 682
987 7
988 5
988 955
988 119
988 98
988 114
988 18
988 45
988 193
989 46
989 0
989 16
989 191
989 59
989 83
989 136
989 266
990 448
990 314
990 628
990 430
990 527
990 11
990 557
990 312
991 287
991 16
991 699
991 454
991 177
991 1
991 243
991 929
992 581
992 84
992 0
992 381
992 83
992 600
992 990
992 596
993 78
993 756
993 734
993 197
993 489
993 617
993 20
993 1
994 320
994 299
994 197
994 74
994 617
994 57
994 150
994 10
995 229
995 808
995 34
995 33
995 559
995 41
995 641
995 176
996 85
996 268
996 3
996 331
996 699
996 1
996 87
996 66
997 156
997 847
997 223
997 399
997 185
997 601
997 561
997 659
998 127
998 759
998 326
998 29
998 13
998 16
998 736
998 370
999 48
999 184
999 141
999 185
999 11
999 369
999 7
