7712 0.000125156
110 0.000250313
94 0.000375469
86 0.000500626
86 0.000625782
81 0.000750939
80 0.000876095
79 0.00100125
74 0.00112641
66 0.00125156
63 0.00137672
60 0.00150188
57 0.00162703
54 0.00175219
50 0.00187735
50 0.0020025
49 0.00212766
49 0.00225282
46 0.00237797
46 0.00250313
46 0.00262829
45 0.00275344
43 0.0028786
43 0.00300375
43 0.00312891
42 0.00325407
42 0.00337922
41 0.00350438
41 0.00362954
41 0.00375469
41 0.00387985
40 0.00400501
39 0.00413016
38 0.00425532
38 0.00438048
38 0.00450563
37 0.00463079
37 0.00475594
36 0.0048811
36 0.00500626
35 0.00513141
35 0.00525657
35 0.00538173
34 0.00550688
33 0.00563204
33 0.0057572
33 0.00588235
32 0.00600751
32 0.00613267
31 0.00625782
31 0.00638298
31 0.00650814
31 0.00663329
30 0.00675845
30 0.0068836
30 0.00700876
30 0.00713392
30 0.00725907
30 0.00738423
30 0.00750939
30 0.00763454
30 0.0077597
29 0.00788486
29 0.00801001
29 0.00813517
29 0.00826033
29 0.00838548
29 0.00851064
29 0.00863579
28 0.00876095
28 0.00888611
28 0.00901126
28 0.00913642
27 0.00926158
27 0.00938673
27 0.00951189
27 0.00963705
27 0.0097622
27 0.00988736
27 0.0100125
27 0.0101377
27 0.0102628
26 0.010388
26 0.0105131
26 0.0106383
26 0.0107635
26 0.0108886
26 0.0110138
26 0.0111389
26 0.0112641
26 0.0113892
26 0.0115144
26 0.0116395
25 0.0117647
25 0.0118899
25 0.012015
25 0.0121402
25 0.0122653
25 0.0123905
25 0.0125156
25 0.0126408
25 0.012766
25 0.0128911
24 0.0130163
24 0.0131414
24 0.0132666
24 0.0133917
24 0.0135169
24 0.0136421
24 0.0137672
24 0.0138924
24 0.0140175
24 0.0141427
23 0.0142678
23 0.014393
23 0.0145181
23 0.0146433
23 0.0147685
23 0.0148936
23 0.0150188
23 0.0151439
22 0.0152691
22 0.0153942
22 0.0155194
22 0.0156446
22 0.0157697
22 0.0158949
22 0.01602
22 0.0161452
22 0.0162703
22 0.0163955
22 0.0165207
22 0.0166458
22 0.016771
22 0.0168961
22 0.0170213
21 0.0171464
21 0.0172716
21 0.0173967
21 0.0175219
21 0.0176471
21 0.0177722
21 0.0178974
21 0.0180225
21 0.0181477
21 0.0182728
21 0.018398
21 0.0185232
21 0.0186483
21 0.0187735
21 0.0188986
21 0.0190238
21 0.0191489
21 0.0192741
21 0.0193992
20 0.0195244
20 0.0196496
20 0.0197747
20 0.0198999
20 0.020025
20 0.0201502
20 0.0202753
20 0.0204005
20 0.0205257
20 0.0206508
20 0.020776
20 0.0209011
20 0.0210263
20 0.0211514
20 0.0212766
20 0.0214018
20 0.0215269
19 0.0216521
19 0.0217772
19 0.0219024
19 0.0220275
19 0.0221527
19 0.0222778
19 0.022403
19 0.0225282
19 0.0226533
19 0.0227785
19 0.0229036
19 0.0230288
19 0.0231539
19 0.0232791
19 0.0234043
19 0.0235294
19 0.0236546
19 0.0237797
19 0.0239049
19 0.02403
19 0.0241552
19 0.0242804
19 0.0244055
19 0.0245307
19 0.0246558
19 0.024781
19 0.0249061
19 0.0250313
19 0.0251564
19 0.0252816
18 0.0254068
18 0.0255319
18 0.0256571
18 0.0257822
18 0.0259074
18 0.0260325
18 0.0261577
18 0.0262829
18 0.026408
18 0.0265332
18 0.0266583
18 0.0267835
18 0.0269086
18 0.0270338
18 0.0271589
18 0.0272841
18 0.0274093
18 0.0275344
18 0.0276596
18 0.0277847
18 0.0279099
18 0.028035
18 0.0281602
18 0.0282854
18 0.0284105
18 0.0285357
18 0.0286608
18 0.028786
18 0.0289111
17 0.0290363
17 0.0291615
17 0.0292866
17 0.0294118
17 0.0295369
17 0.0296621
17 0.0297872
17 0.0299124
17 0.0300375
17 0.0301627
17 0.0302879
17 0.030413
17 0.0305382
17 0.0306633
17 0.0307885
17 0.0309136
17 0.0310388
17 0.031164
17 0.0312891
17 0.0314143
17 0.0315394
17 0.0316646
17 0.0317897
17 0.0319149
17 0.0320401
17 0.0321652
17 0.0322904
17 0.0324155
17 0.0325407
17 0.0326658
17 0.032791
17 0.0329161
17 0.0330413
17 0.0331665
16 0.0332916
16 0.0334168
16 0.0335419
16 0.0336671
16 0.0337922
16 0.0339174
16 0.0340426
16 0.0341677
16 0.0342929
16 0.034418
16 0.0345432
16 0.0346683
16 0.0347935
16 0.0349186
16 0.0350438
16 0.035169
16 0.0352941
16 0.0354193
16 0.0355444
16 0.0356696
16 0.0357947
16 0.0359199
16 0.0360451
16 0.0361702
16 0.0362954
16 0.0364205
16 0.0365457
16 0.0366708
16 0.036796
16 0.0369212
16 0.0370463
16 0.0371715
16 0.0372966
15 0.0374218
15 0.0375469
15 0.0376721
15 0.0377972
15 0.0379224
15 0.0380476
15 0.0381727
15 0.0382979
15 0.038423
15 0.0385482
15 0.0386733
15 0.0387985
15 0.0389237
15 0.0390488
15 0.039174
15 0.0392991
15 0.0394243
15 0.0395494
15 0.0396746
15 0.0397997
15 0.0399249
15 0.0400501
15 0.0401752
15 0.0403004
15 0.0404255
15 0.0405507
15 0.0406758
15 0.040801
15 0.0409262
15 0.0410513
15 0.0411765
15 0.0413016
15 0.0414268
15 0.0415519
15 0.0416771
15 0.0418023
15 0.0419274
15 0.0420526
15 0.0421777
15 0.0423029
15 0.042428
15 0.0425532
15 0.0426783
15 0.0428035
15 0.0429287
15 0.0430538
15 0.043179
15 0.0433041
15 0.0434293
15 0.0435544
15 0.0436796
14 0.0438048
14 0.0439299
14 0.0440551
14 0.0441802
14 0.0443054
14 0.0444305
14 0.0445557
14 0.0446809
14 0.044806
14 0.0449312
14 0.0450563
14 0.0451815
14 0.0453066
14 0.0454318
14 0.0455569
14 0.0456821
14 0.0458073
14 0.0459324
14 0.0460576
14 0.0461827
14 0.0463079
14 0.046433
14 0.0465582
14 0.0466834
14 0.0468085
14 0.0469337
14 0.0470588
14 0.047184
14 0.0473091
14 0.0474343
14 0.0475594
14 0.0476846
14 0.0478098
14 0.0479349
14 0.0480601
14 0.0481852
14 0.0483104
14 0.0484355
14 0.0485607
14 0.0486859
14 0.048811
14 0.0489362
14 0.0490613
14 0.0491865
14 0.0493116
14 0.0494368
14 0.049562
14 0.0496871
14 0.0498123
14 0.0499374
14 0.0500626
14 0.0501877
14 0.0503129
14 0.050438
14 0.0505632
14 0.0506884
14 0.0508135
14 0.0509387
14 0.0510638
14 0.051189
14 0.0513141
14 0.0514393
14 0.0515645
14 0.0516896
14 0.0518148
14 0.0519399
14 0.0520651
13 0.0521902
13 0.0523154
13 0.0524406
13 0.0525657
13 0.0526909
13 0.052816
13 0.0529412
13 0.0530663
13 0.0531915
13 0.0533166
13 0.0534418
13 0.053567
13 0.0536921
13 0.0538173
13 0.0539424
13 0.0540676
13 0.0541927
13 0.0543179
13 0.0544431
13 0.0545682
13 0.0546934
13 0.0548185
13 0.0549437
13 0.0550688
13 0.055194
13 0.0553191
13 0.0554443
13 0.0555695
13 0.0556946
13 0.0558198
13 0.0559449
13 0.0560701
13 0.0561952
13 0.0563204
13 0.0564456
13 0.0565707
13 0.0566959
13 0.056821
13 0.0569462
13 0.0570713
13 0.0571965
13 0.0573217
13 0.0574468
13 0.057572
13 0.0576971
13 0.0578223
13 0.0579474
13 0.0580726
13 0.0581977
13 0.0583229
13 0.0584481
13 0.0585732
13 0.0586984
13 0.0588235
13 0.0589487
13 0.0590738
13 0.059199
13 0.0593242
13 0.0594493
13 0.0595745
13 0.0596996
13 0.0598248
13 0.0599499
13 0.0600751
13 0.0602003
13 0.0603254
13 0.0604506
13 0.0605757
13 0.0607009
13 0.060826
13 0.0609512
13 0.0610763
13 0.0612015
13 0.0613267
13 0.0614518
13 0.061577
13 0.0617021
13 0.0618273
13 0.0619524
13 0.0620776
13 0.0622028
13 0.0623279
13 0.0624531
13 0.0625782
13 0.0627034
13 0.0628285
12 0.0629537
12 0.0630788
12 0.063204
12 0.0633292
12 0.0634543
12 0.0635795
12 0.0637046
12 0.0638298
12 0.0639549
12 0.0640801
12 0.0642053
12 0.0643304
12 0.0644556
12 0.0645807
12 0.0647059
12 0.064831
12 0.0649562
12 0.0650814
12 0.0652065
12 0.0653317
12 0.0654568
12 0.065582
12 0.0657071
12 0.0658323
12 0.0659574
12 0.0660826
12 0.0662078
12 0.0663329
12 0.0664581
12 0.0665832
12 0.0667084
12 0.0668335
12 0.0669587
12 0.0670839
12 0.067209
12 0.0673342
12 0.0674593
12 0.0675845
12 0.0677096
12 0.0678348
12 0.0679599
12 0.0680851
12 0.0682103
12 0.0683354
12 0.0684606
12 0.0685857
12 0.0687109
12 0.068836
12 0.0689612
12 0.0690864
12 0.0692115
12 0.0693367
12 0.0694618
12 0.069587
12 0.0697121
12 0.0698373
12 0.0699625
12 0.0700876
12 0.0702128
12 0.0703379
12 0.0704631
12 0.0705882
12 0.0707134
12 0.0708385
12 0.0709637
12 0.0710889
12 0.071214
12 0.0713392
12 0.0714643
12 0.0715895
12 0.0717146
12 0.0718398
12 0.071965
12 0.0720901
12 0.0722153
12 0.0723404
12 0.0724656
12 0.0725907
12 0.0727159
12 0.0728411
12 0.0729662
12 0.0730914
12 0.0732165
12 0.0733417
12 0.0734668
12 0.073592
12 0.0737171
12 0.0738423
12 0.0739675
12 0.0740926
12 0.0742178
12 0.0743429
12 0.0744681
12 0.0745932
12 0.0747184
12 0.0748436
12 0.0749687
12 0.0750939
12 0.075219
12 0.0753442
12 0.0754693
12 0.0755945
12 0.0757196
12 0.0758448
12 0.07597
12 0.0760951
12 0.0762203
12 0.0763454
11 0.0764706
11 0.0765957
11 0.0767209
11 0.0768461
11 0.0769712
11 0.0770964
11 0.0772215
11 0.0773467
11 0.0774718
11 0.077597
11 0.0777222
11 0.0778473
11 0.0779725
11 0.0780976
11 0.0782228
11 0.0783479
11 0.0784731
11 0.0785982
11 0.0787234
11 0.0788486
11 0.0789737
11 0.0790989
11 0.079224
11 0.0793492
11 0.0794743
11 0.0795995
11 0.0797247
11 0.0798498
11 0.079975
11 0.0801001
11 0.0802253
11 0.0803504
11 0.0804756
11 0.0806008
11 0.0807259
11 0.0808511
11 0.0809762
11 0.0811014
11 0.0812265
11 0.0813517
11 0.0814768
11 0.081602
11 0.0817272
11 0.0818523
11 0.0819775
11 0.0821026
11 0.0822278
11 0.0823529
11 0.0824781
11 0.0826033
11 0.0827284
11 0.0828536
11 0.0829787
11 0.0831039
11 0.083229
11 0.0833542
11 0.0834793
11 0.0836045
11 0.0837297
11 0.0838548
11 0.08398
11 0.0841051
11 0.0842303
11 0.0843554
11 0.0844806
11 0.0846058
11 0.0847309
11 0.0848561
11 0.0849812
11 0.0851064
11 0.0852315
11 0.0853567
11 0.0854819
11 0.085607
11 0.0857322
11 0.0858573
11 0.0859825
11 0.0861076
11 0.0862328
11 0.0863579
11 0.0864831
11 0.0866083
11 0.0867334
11 0.0868586
11 0.0869837
11 0.0871089
11 0.087234
11 0.0873592
11 0.0874844
11 0.0876095
11 0.0877347
11 0.0878598
11 0.087985
11 0.0881101
11 0.0882353
11 0.0883605
11 0.0884856
11 0.0886108
11 0.0887359
11 0.0888611
11 0.0889862
11 0.0891114
11 0.0892365
11 0.0893617
11 0.0894869
11 0.089612
11 0.0897372
11 0.0898623
11 0.0899875
11 0.0901126
11 0.0902378
11 0.090363
11 0.0904881
11 0.0906133
11 0.0907384
11 0.0908636
11 0.0909887
11 0.0911139
11 0.091239
11 0.0913642
11 0.0914894
11 0.0916145
11 0.0917397
11 0.0918648
11 0.09199
11 0.0921151
11 0.0922403
11 0.0923655
11 0.0924906
11 0.0926158
11 0.0927409
11 0.0928661
11 0.0929912
11 0.0931164
11 0.0932416
11 0.0933667
11 0.0934919
11 0.093617
11 0.0937422
11 0.0938673
11 0.0939925
10 0.0941176
10 0.0942428
10 0.094368
10 0.0944931
10 0.0946183
10 0.0947434
10 0.0948686
10 0.0949937
10 0.0951189
10 0.0952441
10 0.0953692
10 0.0954944
10 0.0956195
10 0.0957447
10 0.0958698
10 0.095995
10 0.0961202
10 0.0962453
10 0.0963705
10 0.0964956
10 0.0966208
10 0.0967459
10 0.0968711
10 0.0969962
10 0.0971214
10 0.0972466
10 0.0973717
10 0.0974969
10 0.097622
10 0.0977472
10 0.0978723
10 0.0979975
10 0.0981227
10 0.0982478
10 0.098373
10 0.0984981
10 0.0986233
10 0.0987484
10 0.0988736
10 0.0989987
10 0.0991239
10 0.0992491
10 0.0993742
10 0.0994994
10 0.0996245
10 0.0997497
10 0.0998748
10 0.1
10 0.100125
10 0.10025
10 0.100375
10 0.100501
10 0.100626
10 0.100751
10 0.100876
10 0.101001
10 0.101126
10 0.101252
10 0.101377
10 0.101502
10 0.101627
10 0.101752
10 0.101877
10 0.102003
10 0.102128
10 0.102253
10 0.102378
10 0.102503
10 0.102628
10 0.102753
10 0.102879
10 0.103004
10 0.103129
10 0.103254
10 0.103379
10 0.103504
10 0.10363
10 0.103755
10 0.10388
10 0.104005
10 0.10413
10 0.104255
10 0.10438
10 0.104506
10 0.104631
10 0.104756
10 0.104881
10 0.105006
10 0.105131
10 0.105257
10 0.105382
10 0.105507
10 0.105632
10 0.105757
10 0.105882
10 0.106008
10 0.106133
10 0.106258
10 0.106383
10 0.106508
10 0.106633
10 0.106758
10 0.106884
10 0.107009
10 0.107134
10 0.107259
10 0.107384
10 0.107509
10 0.107635
10 0.10776
10 0.107885
10 0.10801
10 0.108135
10 0.10826
10 0.108385
10 0.108511
10 0.108636
10 0.108761
10 0.108886
10 0.109011
10 0.109136
10 0.109262
10 0.109387
10 0.109512
10 0.109637
10 0.109762
10 0.109887
10 0.110013
10 0.110138
10 0.110263
10 0.110388
10 0.110513
10 0.110638
10 0.110763
10 0.110889
10 0.111014
10 0.111139
10 0.111264
10 0.111389
10 0.111514
10 0.11164
10 0.111765
10 0.11189
10 0.112015
10 0.11214
10 0.112265
10 0.11239
10 0.112516
10 0.112641
10 0.112766
10 0.112891
10 0.113016
10 0.113141
10 0.113267
10 0.113392
10 0.113517
10 0.113642
10 0.113767
10 0.113892
10 0.114018
10 0.114143
10 0.114268
10 0.114393
10 0.114518
10 0.114643
10 0.114768
10 0.114894
10 0.115019
10 0.115144
10 0.115269
10 0.115394
10 0.115519
10 0.115645
10 0.11577
10 0.115895
10 0.11602
10 0.116145
10 0.11627
10 0.116395
10 0.116521
10 0.116646
10 0.116771
10 0.116896
10 0.117021
10 0.117146
10 0.117272
10 0.117397
10 0.117522
10 0.117647
10 0.117772
10 0.117897
10 0.118023
10 0.118148
10 0.118273
10 0.118398
10 0.118523
10 0.118648
10 0.118773
10 0.118899
10 0.119024
10 0.119149
10 0.119274
10 0.119399
10 0.119524
10 0.11965
10 0.119775
10 0.1199
10 0.120025
10 0.12015
10 0.120275
10 0.120401
10 0.120526
10 0.120651
10 0.120776
10 0.120901
10 0.121026
10 0.121151
10 0.121277
9 0.121402
9 0.121527
9 0.121652
9 0.121777
9 0.121902
9 0.122028
9 0.122153
9 0.122278
9 0.122403
9 0.122528
9 0.122653
9 0.122778
9 0.122904
9 0.123029
9 0.123154
9 0.123279
9 0.123404
9 0.123529
9 0.123655
9 0.12378
9 0.123905
9 0.12403
9 0.124155
9 0.12428
9 0.124406
9 0.124531
9 0.124656
9 0.124781
9 0.124906
9 0.125031
9 0.125156
9 0.125282
9 0.125407
9 0.125532
9 0.125657
9 0.125782
9 0.125907
9 0.126033
9 0.126158
9 0.126283
9 0.126408
9 0.126533
9 0.126658
9 0.126783
9 0.126909
9 0.127034
9 0.127159
9 0.127284
9 0.127409
9 0.127534
9 0.12766
9 0.127785
9 0.12791
9 0.128035
9 0.12816
9 0.128285
9 0.128411
9 0.128536
9 0.128661
9 0.128786
9 0.128911
9 0.129036
9 0.129161
9 0.129287
9 0.129412
9 0.129537
9 0.129662
9 0.129787
9 0.129912
9 0.130038
9 0.130163
9 0.130288
9 0.130413
9 0.130538
9 0.130663
9 0.130788
9 0.130914
9 0.131039
9 0.131164
9 0.131289
9 0.131414
9 0.131539
9 0.131665
9 0.13179
9 0.131915
9 0.13204
9 0.132165
9 0.13229
9 0.132416
9 0.132541
9 0.132666
9 0.132791
9 0.132916
9 0.133041
9 0.133166
9 0.133292
9 0.133417
9 0.133542
9 0.133667
9 0.133792
9 0.133917
9 0.134043
9 0.134168
9 0.134293
9 0.134418
9 0.134543
9 0.134668
9 0.134793
9 0.134919
9 0.135044
9 0.135169
9 0.135294
9 0.135419
9 0.135544
9 0.13567
9 0.135795
9 0.13592
9 0.136045
9 0.13617
9 0.136295
9 0.136421
9 0.136546
9 0.136671
9 0.136796
9 0.136921
9 0.137046
9 0.137171
9 0.137297
9 0.137422
9 0.137547
9 0.137672
9 0.137797
9 0.137922
9 0.138048
9 0.138173
9 0.138298
9 0.138423
9 0.138548
9 0.138673
9 0.138798
9 0.138924
9 0.139049
9 0.139174
9 0.139299
9 0.139424
9 0.139549
9 0.139675
9 0.1398
9 0.139925
9 0.14005
9 0.140175
9 0.1403
9 0.140426
9 0.140551
9 0.140676
9 0.140801
9 0.140926
9 0.141051
9 0.141176
9 0.141302
9 0.141427
9 0.141552
9 0.141677
9 0.141802
9 0.141927
9 0.142053
9 0.142178
9 0.142303
9 0.142428
9 0.142553
9 0.142678
9 0.142804
9 0.142929
9 0.143054
9 0.143179
9 0.143304
9 0.143429
9 0.143554
9 0.14368
9 0.143805
9 0.14393
9 0.144055
9 0.14418
9 0.144305
9 0.144431
9 0.144556
9 0.144681
9 0.144806
9 0.144931
9 0.145056
9 0.145181
9 0.145307
9 0.145432
9 0.145557
9 0.145682
9 0.145807
9 0.145932
9 0.146058
9 0.146183
9 0.146308
9 0.146433
9 0.146558
9 0.146683
9 0.146809
9 0.146934
9 0.147059
9 0.147184
9 0.147309
9 0.147434
9 0.147559
9 0.147685
9 0.14781
9 0.147935
9 0.14806
9 0.148185
9 0.14831
9 0.148436
9 0.148561
9 0.148686
9 0.148811
9 0.148936
9 0.149061
9 0.149186
9 0.149312
9 0.149437
9 0.149562
9 0.149687
9 0.149812
9 0.149937
9 0.150063
9 0.150188
9 0.150313
9 0.150438
9 0.150563
9 0.150688
9 0.150814
9 0.150939
9 0.151064
9 0.151189
9 0.151314
9 0.151439
9 0.151564
9 0.15169
9 0.151815
9 0.15194
9 0.152065
9 0.15219
9 0.152315
9 0.152441
9 0.152566
9 0.152691
9 0.152816
9 0.152941
9 0.153066
9 0.153191
9 0.153317
9 0.153442
9 0.153567
9 0.153692
9 0.153817
9 0.153942
9 0.154068
9 0.154193
9 0.154318
9 0.154443
9 0.154568
8 0.154693
8 0.154819
8 0.154944
8 0.155069
8 0.155194
8 0.155319
8 0.155444
8 0.155569
8 0.155695
8 0.15582
8 0.155945
8 0.15607
8 0.156195
8 0.15632
8 0.156446
8 0.156571
8 0.156696
8 0.156821
8 0.156946
8 0.157071
8 0.157196
8 0.157322
8 0.157447
8 0.157572
8 0.157697
8 0.157822
8 0.157947
8 0.158073
8 0.158198
8 0.158323
8 0.158448
8 0.158573
8 0.158698
8 0.158824
8 0.158949
8 0.159074
8 0.159199
8 0.159324
8 0.159449
8 0.159574
8 0.1597
8 0.159825
8 0.15995
8 0.160075
8 0.1602
8 0.160325
8 0.160451
8 0.160576
8 0.160701
8 0.160826
8 0.160951
8 0.161076
8 0.161202
8 0.161327
8 0.161452
8 0.161577
8 0.161702
8 0.161827
8 0.161952
8 0.162078
8 0.162203
8 0.162328
8 0.162453
8 0.162578
8 0.162703
8 0.162829
8 0.162954
8 0.163079
8 0.163204
8 0.163329
8 0.163454
8 0.163579
8 0.163705
8 0.16383
8 0.163955
8 0.16408
8 0.164205
8 0.16433
8 0.164456
8 0.164581
8 0.164706
8 0.164831
8 0.164956
8 0.165081
8 0.165207
8 0.165332
8 0.165457
8 0.165582
8 0.165707
8 0.165832
8 0.165957
8 0.166083
8 0.166208
8 0.166333
8 0.166458
8 0.166583
8 0.166708
8 0.166834
8 0.166959
8 0.167084
8 0.167209
8 0.167334
8 0.167459
8 0.167584
8 0.16771
8 0.167835
8 0.16796
8 0.168085
8 0.16821
8 0.168335
8 0.168461
8 0.168586
8 0.168711
8 0.168836
8 0.168961
8 0.169086
8 0.169212
8 0.169337
8 0.169462
8 0.169587
8 0.169712
8 0.169837
8 0.169962
8 0.170088
8 0.170213
8 0.170338
8 0.170463
8 0.170588
8 0.170713
8 0.170839
8 0.170964
8 0.171089
8 0.171214
8 0.171339
8 0.171464
8 0.171589
8 0.171715
8 0.17184
8 0.171965
8 0.17209
8 0.172215
8 0.17234
8 0.172466
8 0.172591
8 0.172716
8 0.172841
8 0.172966
8 0.173091
8 0.173217
8 0.173342
8 0.173467
8 0.173592
8 0.173717
8 0.173842
8 0.173967
8 0.174093
8 0.174218
8 0.174343
8 0.174468
8 0.174593
8 0.174718
8 0.174844
8 0.174969
8 0.175094
8 0.175219
8 0.175344
8 0.175469
8 0.175594
8 0.17572
8 0.175845
8 0.17597
8 0.176095
8 0.17622
8 0.176345
8 0.176471
8 0.176596
8 0.176721
8 0.176846
8 0.176971
8 0.177096
8 0.177222
8 0.177347
8 0.177472
8 0.177597
8 0.177722
8 0.177847
8 0.177972
8 0.178098
8 0.178223
8 0.178348
8 0.178473
8 0.178598
8 0.178723
8 0.178849
8 0.178974
8 0.179099
8 0.179224
8 0.179349
8 0.179474
8 0.179599
8 0.179725
8 0.17985
8 0.179975
8 0.1801
8 0.180225
8 0.18035
8 0.180476
8 0.180601
8 0.180726
8 0.180851
8 0.180976
8 0.181101
8 0.181227
8 0.181352
8 0.181477
8 0.181602
8 0.181727
8 0.181852
8 0.181977
8 0.182103
8 0.182228
8 0.182353
8 0.182478
8 0.182603
8 0.182728
8 0.182854
8 0.182979
8 0.183104
8 0.183229
8 0.183354
8 0.183479
8 0.183605
8 0.18373
8 0.183855
8 0.18398
8 0.184105
8 0.18423
8 0.184355
8 0.184481
8 0.184606
8 0.184731
8 0.184856
8 0.184981
8 0.185106
8 0.185232
8 0.185357
8 0.185482
8 0.185607
8 0.185732
8 0.185857
8 0.185982
8 0.186108
8 0.186233
8 0.186358
8 0.186483
8 0.186608
8 0.186733
8 0.186859
8 0.186984
8 0.187109
8 0.187234
8 0.187359
8 0.187484
8 0.18761
8 0.187735
8 0.18786
8 0.187985
8 0.18811
8 0.188235
8 0.18836
8 0.188486
8 0.188611
8 0.188736
8 0.188861
8 0.188986
8 0.189111
8 0.189237
8 0.189362
8 0.189487
8 0.189612
8 0.189737
8 0.189862
8 0.189987
8 0.190113
8 0.190238
8 0.190363
8 0.190488
8 0.190613
8 0.190738
8 0.190864
8 0.190989
8 0.191114
8 0.191239
8 0.191364
8 0.191489
8 0.191615
8 0.19174
8 0.191865
8 0.19199
8 0.192115
8 0.19224
8 0.192365
8 0.192491
8 0.192616
8 0.192741
8 0.192866
8 0.192991
8 0.193116
8 0.193242
8 0.193367
8 0.193492
8 0.193617
8 0.193742
8 0.193867
8 0.193992
8 0.194118
8 0.194243
8 0.194368
8 0.194493
8 0.194618
8 0.194743
8 0.194869
8 0.194994
8 0.195119
8 0.195244
8 0.195369
8 0.195494
8 0.19562
8 0.195745
8 0.19587
8 0.195995
8 0.19612
8 0.196245
8 0.19637
8 0.196496
8 0.196621
8 0.196746
8 0.196871
8 0.196996
8 0.197121
8 0.197247
8 0.197372
8 0.197497
8 0.197622
8 0.197747
8 0.197872
8 0.197997
8 0.198123
8 0.198248
8 0.198373
8 0.198498
8 0.198623
8 0.198748
8 0.198874
8 0.198999
8 0.199124
8 0.199249
8 0.199374
8 0.199499
8 0.199625
8 0.19975
8 0.199875
8 0.2
8 0.200125
8 0.20025
8 0.200375
8 0.200501
8 0.200626
8 0.200751
8 0.200876
8 0.201001
8 0.201126
8 0.201252
8 0.201377
8 0.201502
8 0.201627
8 0.201752
8 0.201877
8 0.202003
8 0.202128
7 0.202253
7 0.202378
7 0.202503
7 0.202628
7 0.202753
7 0.202879
7 0.203004
7 0.203129
7 0.203254
7 0.203379
7 0.203504
7 0.20363
7 0.203755
7 0.20388
7 0.204005
7 0.20413
7 0.204255
7 0.20438
7 0.204506
7 0.204631
7 0.204756
7 0.204881
7 0.205006
7 0.205131
7 0.205257
7 0.205382
7 0.205507
7 0.205632
7 0.205757
7 0.205882
7 0.206008
7 0.206133
7 0.206258
7 0.206383
7 0.206508
7 0.206633
7 0.206758
7 0.206884
7 0.207009
7 0.207134
7 0.207259
7 0.207384
7 0.207509
7 0.207635
7 0.20776
7 0.207885
7 0.20801
7 0.208135
7 0.20826
7 0.208385
7 0.208511
7 0.208636
7 0.208761
7 0.208886
7 0.209011
7 0.209136
7 0.209262
7 0.209387
7 0.209512
7 0.209637
7 0.209762
7 0.209887
7 0.210013
7 0.210138
7 0.210263
7 0.210388
7 0.210513
7 0.210638
7 0.210763
7 0.210889
7 0.211014
7 0.211139
7 0.211264
7 0.211389
7 0.211514
7 0.21164
7 0.211765
7 0.21189
7 0.212015
7 0.21214
7 0.212265
7 0.21239
7 0.212516
7 0.212641
7 0.212766
7 0.212891
7 0.213016
7 0.213141
7 0.213267
7 0.213392
7 0.213517
7 0.213642
7 0.213767
7 0.213892
7 0.214018
7 0.214143
7 0.214268
7 0.214393
7 0.214518
7 0.214643
7 0.214768
7 0.214894
7 0.215019
7 0.215144
7 0.215269
7 0.215394
7 0.215519
7 0.215645
7 0.21577
7 0.215895
7 0.21602
7 0.216145
7 0.21627
7 0.216395
7 0.216521
7 0.216646
7 0.216771
7 0.216896
7 0.217021
7 0.217146
7 0.217272
7 0.217397
7 0.217522
7 0.217647
7 0.217772
7 0.217897
7 0.218023
7 0.218148
7 0.218273
7 0.218398
7 0.218523
7 0.218648
7 0.218773
7 0.218899
7 0.219024
7 0.219149
7 0.219274
7 0.219399
7 0.219524
7 0.21965
7 0.219775
7 0.2199
7 0.220025
7 0.22015
7 0.220275
7 0.220401
7 0.220526
7 0.220651
7 0.220776
7 0.220901
7 0.221026
7 0.221151
7 0.221277
7 0.221402
7 0.221527
7 0.221652
7 0.221777
7 0.221902
7 0.222028
7 0.222153
7 0.222278
7 0.222403
7 0.222528
7 0.222653
7 0.222778
7 0.222904
7 0.223029
7 0.223154
7 0.223279
7 0.223404
7 0.223529
7 0.223655
7 0.22378
7 0.223905
7 0.22403
7 0.224155
7 0.22428
7 0.224406
7 0.224531
7 0.224656
7 0.224781
7 0.224906
7 0.225031
7 0.225156
7 0.225282
7 0.225407
7 0.225532
7 0.225657
7 0.225782
7 0.225907
7 0.226033
7 0.226158
7 0.226283
7 0.226408
7 0.226533
7 0.226658
7 0.226783
7 0.226909
7 0.227034
7 0.227159
7 0.227284
7 0.227409
7 0.227534
7 0.22766
7 0.227785
7 0.22791
7 0.228035
7 0.22816
7 0.228285
7 0.228411
7 0.228536
7 0.228661
7 0.228786
7 0.228911
7 0.229036
7 0.229161
7 0.229287
7 0.229412
7 0.229537
7 0.229662
7 0.229787
7 0.229912
7 0.230038
7 0.230163
7 0.230288
7 0.230413
7 0.230538
7 0.230663
7 0.230788
7 0.230914
7 0.231039
7 0.231164
7 0.231289
7 0.231414
7 0.231539
7 0.231665
7 0.23179
7 0.231915
7 0.23204
7 0.232165
7 0.23229
7 0.232416
7 0.232541
7 0.232666
7 0.232791
7 0.232916
7 0.233041
7 0.233166
7 0.233292
7 0.233417
7 0.233542
7 0.233667
7 0.233792
7 0.233917
7 0.234043
7 0.234168
7 0.234293
7 0.234418
7 0.234543
7 0.234668
7 0.234793
7 0.234919
7 0.235044
7 0.235169
7 0.235294
7 0.235419
7 0.235544
7 0.23567
7 0.235795
7 0.23592
7 0.236045
7 0.23617
7 0.236295
7 0.236421
7 0.236546
7 0.236671
7 0.236796
7 0.236921
7 0.237046
7 0.237171
7 0.237297
7 0.237422
7 0.237547
7 0.237672
7 0.237797
7 0.237922
7 0.238048
7 0.238173
7 0.238298
7 0.238423
7 0.238548
7 0.238673
7 0.238798
7 0.238924
7 0.239049
7 0.239174
7 0.239299
7 0.239424
7 0.239549
7 0.239675
7 0.2398
7 0.239925
7 0.24005
7 0.240175
7 0.2403
7 0.240426
7 0.240551
7 0.240676
7 0.240801
7 0.240926
7 0.241051
7 0.241176
7 0.241302
7 0.241427
7 0.241552
7 0.241677
7 0.241802
7 0.241927
7 0.242053
7 0.242178
7 0.242303
7 0.242428
7 0.242553
7 0.242678
7 0.242804
7 0.242929
7 0.243054
7 0.243179
7 0.243304
7 0.243429
7 0.243554
7 0.24368
7 0.243805
7 0.24393
7 0.244055
7 0.24418
7 0.244305
7 0.244431
7 0.244556
7 0.244681
7 0.244806
7 0.244931
7 0.245056
7 0.245181
7 0.245307
7 0.245432
7 0.245557
7 0.245682
7 0.245807
7 0.245932
7 0.246058
7 0.246183
7 0.246308
7 0.246433
7 0.246558
7 0.246683
7 0.246809
7 0.246934
7 0.247059
7 0.247184
7 0.247309
7 0.247434
7 0.247559
7 0.247685
7 0.24781
7 0.247935
7 0.24806
7 0.248185
7 0.24831
7 0.248436
7 0.248561
7 0.248686
7 0.248811
7 0.248936
7 0.249061
7 0.249186
7 0.249312
7 0.249437
7 0.249562
7 0.249687
7 0.249812
7 0.249937
7 0.250063
7 0.250188
7 0.250313
7 0.250438
7 0.250563
7 0.250688
7 0.250814
7 0.250939
7 0.251064
7 0.251189
7 0.251314
7 0.251439
7 0.251564
7 0.25169
7 0.251815
7 0.25194
7 0.252065
7 0.25219
7 0.252315
7 0.252441
7 0.252566
7 0.252691
7 0.252816
7 0.252941
7 0.253066
7 0.253191
7 0.253317
7 0.253442
7 0.253567
7 0.253692
7 0.253817
7 0.253942
7 0.254068
7 0.254193
7 0.254318
7 0.254443
7 0.254568
7 0.254693
7 0.254819
7 0.254944
7 0.255069
7 0.255194
7 0.255319
7 0.255444
7 0.255569
7 0.255695
7 0.25582
7 0.255945
7 0.25607
7 0.256195
7 0.25632
7 0.256446
7 0.256571
7 0.256696
7 0.256821
7 0.256946
7 0.257071
7 0.257196
7 0.257322
7 0.257447
7 0.257572
7 0.257697
7 0.257822
7 0.257947
7 0.258073
7 0.258198
7 0.258323
7 0.258448
7 0.258573
7 0.258698
7 0.258824
7 0.258949
7 0.259074
7 0.259199
7 0.259324
7 0.259449
7 0.259574
7 0.2597
7 0.259825
7 0.25995
7 0.260075
7 0.2602
7 0.260325
7 0.260451
7 0.260576
7 0.260701
7 0.260826
7 0.260951
7 0.261076
7 0.261202
7 0.261327
7 0.261452
7 0.261577
7 0.261702
7 0.261827
7 0.261952
7 0.262078
7 0.262203
7 0.262328
7 0.262453
7 0.262578
7 0.262703
7 0.262829
7 0.262954
7 0.263079
7 0.263204
7 0.263329
7 0.263454
7 0.263579
7 0.263705
7 0.26383
7 0.263955
7 0.26408
7 0.264205
7 0.26433
7 0.264456
7 0.264581
7 0.264706
7 0.264831
7 0.264956
7 0.265081
7 0.265207
7 0.265332
7 0.265457
7 0.265582
7 0.265707
7 0.265832
7 0.265957
7 0.266083
7 0.266208
7 0.266333
7 0.266458
7 0.266583
7 0.266708
7 0.266834
7 0.266959
7 0.267084
7 0.267209
7 0.267334
7 0.267459
7 0.267584
7 0.26771
7 0.267835
7 0.26796
7 0.268085
7 0.26821
7 0.268335
7 0.268461
7 0.268586
7 0.268711
7 0.268836
7 0.268961
7 0.269086
7 0.269212
7 0.269337
7 0.269462
7 0.269587
7 0.269712
7 0.269837
7 0.269962
7 0.270088
7 0.270213
7 0.270338
7 0.270463
7 0.270588
7 0.270713
7 0.270839
7 0.270964
7 0.271089
7 0.271214
7 0.271339
7 0.271464
7 0.271589
7 0.271715
7 0.27184
7 0.271965
7 0.27209
7 0.272215
7 0.27234
7 0.272466
7 0.272591
7 0.272716
7 0.272841
7 0.272966
7 0.273091
7 0.273217
7 0.273342
7 0.273467
7 0.273592
7 0.273717
7 0.273842
7 0.273967
7 0.274093
7 0.274218
7 0.274343
7 0.274468
7 0.274593
7 0.274718
7 0.274844
7 0.274969
7 0.275094
7 0.275219
7 0.275344
7 0.275469
7 0.275594
7 0.27572
7 0.275845
7 0.27597
7 0.276095
7 0.27622
7 0.276345
7 0.276471
7 0.276596
7 0.276721
7 0.276846
7 0.276971
7 0.277096
7 0.277222
7 0.277347
7 0.277472
7 0.277597
7 0.277722
7 0.277847
7 0.277972
7 0.278098
7 0.278223
7 0.278348
7 0.278473
7 0.278598
7 0.278723
7 0.278849
7 0.278974
7 0.279099
7 0.279224
7 0.279349
7 0.279474
7 0.279599
7 0.279725
7 0.27985
7 0.279975
7 0.2801
7 0.280225
7 0.28035
7 0.280476
7 0.280601
7 0.280726
7 0.280851
7 0.280976
7 0.281101
7 0.281227
7 0.281352
7 0.281477
7 0.281602
7 0.281727
7 0.281852
7 0.281977
7 0.282103
7 0.282228
7 0.282353
7 0.282478
7 0.282603
7 0.282728
7 0.282854
7 0.282979
7 0.283104
7 0.283229
7 0.283354
7 0.283479
7 0.283605
6 0.28373
6 0.283855
6 0.28398
6 0.284105
6 0.28423
6 0.284355
6 0.284481
6 0.284606
6 0.284731
6 0.284856
6 0.284981
6 0.285106
6 0.285232
6 0.285357
6 0.285482
6 0.285607
6 0.285732
6 0.285857
6 0.285982
6 0.286108
6 0.286233
6 0.286358
6 0.286483
6 0.286608
6 0.286733
6 0.286859
6 0.286984
6 0.287109
6 0.287234
6 0.287359
6 0.287484
6 0.28761
6 0.287735
6 0.28786
6 0.287985
6 0.28811
6 0.288235
6 0.28836
6 0.288486
6 0.288611
6 0.288736
6 0.288861
6 0.288986
6 0.289111
6 0.289237
6 0.289362
6 0.289487
6 0.289612
6 0.289737
6 0.289862
6 0.289987
6 0.290113
6 0.290238
6 0.290363
6 0.290488
6 0.290613
6 0.290738
6 0.290864
6 0.290989
6 0.291114
6 0.291239
6 0.291364
6 0.291489
6 0.291615
6 0.29174
6 0.291865
6 0.29199
6 0.292115
6 0.29224
6 0.292365
6 0.292491
6 0.292616
6 0.292741
6 0.292866
6 0.292991
6 0.293116
6 0.293242
6 0.293367
6 0.293492
6 0.293617
6 0.293742
6 0.293867
6 0.293992
6 0.294118
6 0.294243
6 0.294368
6 0.294493
6 0.294618
6 0.294743
6 0.294869
6 0.294994
6 0.295119
6 0.295244
6 0.295369
6 0.295494
6 0.29562
6 0.295745
6 0.29587
6 0.295995
6 0.29612
6 0.296245
6 0.29637
6 0.296496
6 0.296621
6 0.296746
6 0.296871
6 0.296996
6 0.297121
6 0.297247
6 0.297372
6 0.297497
6 0.297622
6 0.297747
6 0.297872
6 0.297997
6 0.298123
6 0.298248
6 0.298373
6 0.298498
6 0.298623
6 0.298748
6 0.298874
6 0.298999
6 0.299124
6 0.299249
6 0.299374
6 0.299499
6 0.299625
6 0.29975
6 0.299875
6 0.3
6 0.300125
6 0.30025
6 0.300375
6 0.300501
6 0.300626
6 0.300751
6 0.300876
6 0.301001
6 0.301126
6 0.301252
6 0.301377
6 0.301502
6 0.301627
6 0.301752
6 0.301877
6 0.302003
6 0.302128
6 0.302253
6 0.302378
6 0.302503
6 0.302628
6 0.302753
6 0.302879
6 0.303004
6 0.303129
6 0.303254
6 0.303379
6 0.303504
6 0.30363
6 0.303755
6 0.30388
6 0.304005
6 0.30413
6 0.304255
6 0.30438
6 0.304506
6 0.304631
6 0.304756
6 0.304881
6 0.305006
6 0.305131
6 0.305257
6 0.305382
6 0.305507
6 0.305632
6 0.305757
6 0.305882
6 0.306008
6 0.306133
6 0.306258
6 0.306383
6 0.306508
6 0.306633
6 0.306758
6 0.306884
6 0.307009
6 0.307134
6 0.307259
6 0.307384
6 0.307509
6 0.307635
6 0.30776
6 0.307885
6 0.30801
6 0.308135
6 0.30826
6 0.308385
6 0.308511
6 0.308636
6 0.308761
6 0.308886
6 0.309011
6 0.309136
6 0.309262
6 0.309387
6 0.309512
6 0.309637
6 0.309762
6 0.309887
6 0.310013
6 0.310138
6 0.310263
6 0.310388
6 0.310513
6 0.310638
6 0.310763
6 0.310889
6 0.311014
6 0.311139
6 0.311264
6 0.311389
6 0.311514
6 0.31164
6 0.311765
6 0.31189
6 0.312015
6 0.31214
6 0.312265
6 0.31239
6 0.312516
6 0.312641
6 0.312766
6 0.312891
6 0.313016
6 0.313141
6 0.313267
6 0.313392
6 0.313517
6 0.313642
6 0.313767
6 0.313892
6 0.314018
6 0.314143
6 0.314268
6 0.314393
6 0.314518
6 0.314643
6 0.314768
6 0.314894
6 0.315019
6 0.315144
6 0.315269
6 0.315394
6 0.315519
6 0.315645
6 0.31577
6 0.315895
6 0.31602
6 0.316145
6 0.31627
6 0.316395
6 0.316521
6 0.316646
6 0.316771
6 0.316896
6 0.317021
6 0.317146
6 0.317272
6 0.317397
6 0.317522
6 0.317647
6 0.317772
6 0.317897
6 0.318023
6 0.318148
6 0.318273
6 0.318398
6 0.318523
6 0.318648
6 0.318773
6 0.318899
6 0.319024
6 0.319149
6 0.319274
6 0.319399
6 0.319524
6 0.31965
6 0.319775
6 0.3199
6 0.320025
6 0.32015
6 0.320275
6 0.320401
6 0.320526
6 0.320651
6 0.320776
6 0.320901
6 0.321026
6 0.321151
6 0.321277
6 0.321402
6 0.321527
6 0.321652
6 0.321777
6 0.321902
6 0.322028
6 0.322153
6 0.322278
6 0.322403
6 0.322528
6 0.322653
6 0.322778
6 0.322904
6 0.323029
6 0.323154
6 0.323279
6 0.323404
6 0.323529
6 0.323655
6 0.32378
6 0.323905
6 0.32403
6 0.324155
6 0.32428
6 0.324406
6 0.324531
6 0.324656
6 0.324781
6 0.324906
6 0.325031
6 0.325156
6 0.325282
6 0.325407
6 0.325532
6 0.325657
6 0.325782
6 0.325907
6 0.326033
6 0.326158
6 0.326283
6 0.326408
6 0.326533
6 0.326658
6 0.326783
6 0.326909
6 0.327034
6 0.327159
6 0.327284
6 0.327409
6 0.327534
6 0.32766
6 0.327785
6 0.32791
6 0.328035
6 0.32816
6 0.328285
6 0.328411
6 0.328536
6 0.328661
6 0.328786
6 0.328911
6 0.329036
6 0.329161
6 0.329287
6 0.329412
6 0.329537
6 0.329662
6 0.329787
6 0.329912
6 0.330038
6 0.330163
6 0.330288
6 0.330413
6 0.330538
6 0.330663
6 0.330788
6 0.330914
6 0.331039
6 0.331164
6 0.331289
6 0.331414
6 0.331539
6 0.331665
6 0.33179
6 0.331915
6 0.33204
6 0.332165
6 0.33229
6 0.332416
6 0.332541
6 0.332666
6 0.332791
6 0.332916
6 0.333041
6 0.333166
6 0.333292
6 0.333417
6 0.333542
6 0.333667
6 0.333792
6 0.333917
6 0.334043
6 0.334168
6 0.334293
6 0.334418
6 0.334543
6 0.334668
6 0.334793
6 0.334919
6 0.335044
6 0.335169
6 0.335294
6 0.335419
6 0.335544
6 0.33567
6 0.335795
6 0.33592
6 0.336045
6 0.33617
6 0.336295
6 0.336421
6 0.336546
6 0.336671
6 0.336796
6 0.336921
6 0.337046
6 0.337171
6 0.337297
6 0.337422
6 0.337547
6 0.337672
6 0.337797
6 0.337922
6 0.338048
6 0.338173
6 0.338298
6 0.338423
6 0.338548
6 0.338673
6 0.338798
6 0.338924
6 0.339049
6 0.339174
6 0.339299
6 0.339424
6 0.339549
6 0.339675
6 0.3398
6 0.339925
6 0.34005
6 0.340175
6 0.3403
6 0.340426
6 0.340551
6 0.340676
6 0.340801
6 0.340926
6 0.341051
6 0.341176
6 0.341302
6 0.341427
6 0.341552
6 0.341677
6 0.341802
6 0.341927
6 0.342053
6 0.342178
6 0.342303
6 0.342428
6 0.342553
6 0.342678
6 0.342804
6 0.342929
6 0.343054
6 0.343179
6 0.343304
6 0.343429
6 0.343554
6 0.34368
6 0.343805
6 0.34393
6 0.344055
6 0.34418
6 0.344305
6 0.344431
6 0.344556
6 0.344681
6 0.344806
6 0.344931
6 0.345056
6 0.345181
6 0.345307
6 0.345432
6 0.345557
6 0.345682
6 0.345807
6 0.345932
6 0.346058
6 0.346183
6 0.346308
6 0.346433
6 0.346558
6 0.346683
6 0.346809
6 0.346934
6 0.347059
6 0.347184
6 0.347309
6 0.347434
6 0.347559
6 0.347685
6 0.34781
6 0.347935
6 0.34806
6 0.348185
6 0.34831
6 0.348436
6 0.348561
6 0.348686
6 0.348811
6 0.348936
6 0.349061
6 0.349186
6 0.349312
6 0.349437
6 0.349562
6 0.349687
6 0.349812
6 0.349937
6 0.350063
6 0.350188
6 0.350313
6 0.350438
6 0.350563
6 0.350688
6 0.350814
6 0.350939
6 0.351064
6 0.351189
6 0.351314
6 0.351439
6 0.351564
6 0.35169
6 0.351815
6 0.35194
6 0.352065
6 0.35219
6 0.352315
6 0.352441
6 0.352566
6 0.352691
6 0.352816
6 0.352941
6 0.353066
6 0.353191
6 0.353317
6 0.353442
6 0.353567
6 0.353692
6 0.353817
6 0.353942
6 0.354068
6 0.354193
6 0.354318
6 0.354443
6 0.354568
6 0.354693
6 0.354819
6 0.354944
6 0.355069
6 0.355194
6 0.355319
6 0.355444
6 0.355569
6 0.355695
6 0.35582
6 0.355945
6 0.35607
6 0.356195
6 0.35632
6 0.356446
6 0.356571
6 0.356696
6 0.356821
6 0.356946
6 0.357071
6 0.357196
6 0.357322
6 0.357447
6 0.357572
6 0.357697
6 0.357822
6 0.357947
6 0.358073
6 0.358198
6 0.358323
6 0.358448
6 0.358573
6 0.358698
6 0.358824
6 0.358949
6 0.359074
6 0.359199
6 0.359324
6 0.359449
6 0.359574
6 0.3597
6 0.359825
6 0.35995
6 0.360075
6 0.3602
6 0.360325
6 0.360451
6 0.360576
6 0.360701
6 0.360826
6 0.360951
6 0.361076
6 0.361202
6 0.361327
6 0.361452
6 0.361577
6 0.361702
6 0.361827
6 0.361952
6 0.362078
6 0.362203
6 0.362328
6 0.362453
6 0.362578
6 0.362703
6 0.362829
6 0.362954
6 0.363079
6 0.363204
6 0.363329
6 0.363454
6 0.363579
6 0.363705
6 0.36383
6 0.363955
6 0.36408
6 0.364205
6 0.36433
6 0.364456
6 0.364581
6 0.364706
6 0.364831
6 0.364956
6 0.365081
6 0.365207
6 0.365332
6 0.365457
6 0.365582
6 0.365707
6 0.365832
6 0.365957
6 0.366083
6 0.366208
6 0.366333
6 0.366458
6 0.366583
6 0.366708
6 0.366834
6 0.366959
6 0.367084
6 0.367209
6 0.367334
6 0.367459
6 0.367584
6 0.36771
6 0.367835
6 0.36796
6 0.368085
6 0.36821
6 0.368335
6 0.368461
6 0.368586
6 0.368711
6 0.368836
6 0.368961
6 0.369086
6 0.369212
6 0.369337
6 0.369462
6 0.369587
6 0.369712
6 0.369837
6 0.369962
6 0.370088
6 0.370213
6 0.370338
6 0.370463
6 0.370588
6 0.370713
6 0.370839
6 0.370964
6 0.371089
6 0.371214
6 0.371339
6 0.371464
6 0.371589
6 0.371715
6 0.37184
6 0.371965
6 0.37209
6 0.372215
6 0.37234
6 0.372466
6 0.372591
6 0.372716
6 0.372841
6 0.372966
6 0.373091
6 0.373217
6 0.373342
6 0.373467
6 0.373592
6 0.373717
6 0.373842
6 0.373967
6 0.374093
6 0.374218
6 0.374343
6 0.374468
6 0.374593
6 0.374718
6 0.374844
6 0.374969
6 0.375094
6 0.375219
6 0.375344
6 0.375469
6 0.375594
6 0.37572
6 0.375845
6 0.37597
6 0.376095
6 0.37622
6 0.376345
6 0.376471
6 0.376596
6 0.376721
6 0.376846
6 0.376971
6 0.377096
6 0.377222
6 0.377347
6 0.377472
6 0.377597
6 0.377722
6 0.377847
6 0.377972
6 0.378098
6 0.378223
6 0.378348
6 0.378473
6 0.378598
6 0.378723
6 0.378849
6 0.378974
6 0.379099
6 0.379224
6 0.379349
6 0.379474
6 0.379599
6 0.379725
6 0.37985
6 0.379975
6 0.3801
6 0.380225
6 0.38035
6 0.380476
6 0.380601
6 0.380726
6 0.380851
6 0.380976
6 0.381101
6 0.381227
6 0.381352
6 0.381477
6 0.381602
6 0.381727
6 0.381852
6 0.381977
6 0.382103
6 0.382228
6 0.382353
6 0.382478
6 0.382603
6 0.382728
6 0.382854
6 0.382979
6 0.383104
6 0.383229
6 0.383354
6 0.383479
6 0.383605
6 0.38373
6 0.383855
6 0.38398
6 0.384105
6 0.38423
6 0.384355
6 0.384481
6 0.384606
6 0.384731
6 0.384856
6 0.384981
6 0.385106
6 0.385232
6 0.385357
6 0.385482
6 0.385607
6 0.385732
6 0.385857
6 0.385982
6 0.386108
6 0.386233
6 0.386358
6 0.386483
6 0.386608
6 0.386733
6 0.386859
6 0.386984
6 0.387109
6 0.387234
6 0.387359
6 0.387484
6 0.38761
6 0.387735
6 0.38786
6 0.387985
6 0.38811
6 0.388235
6 0.38836
6 0.388486
6 0.388611
6 0.388736
6 0.388861
6 0.388986
6 0.389111
6 0.389237
6 0.389362
6 0.389487
6 0.389612
6 0.389737
6 0.389862
6 0.389987
6 0.390113
6 0.390238
6 0.390363
6 0.390488
6 0.390613
6 0.390738
6 0.390864
6 0.390989
6 0.391114
6 0.391239
6 0.391364
6 0.391489
6 0.391615
6 0.39174
6 0.391865
6 0.39199
6 0.392115
6 0.39224
6 0.392365
6 0.392491
6 0.392616
6 0.392741
6 0.392866
6 0.392991
6 0.393116
6 0.393242
6 0.393367
6 0.393492
6 0.393617
6 0.393742
6 0.393867
6 0.393992
6 0.394118
6 0.394243
6 0.394368
6 0.394493
6 0.394618
6 0.394743
6 0.394869
6 0.394994
6 0.395119
6 0.395244
6 0.395369
6 0.395494
6 0.39562
6 0.395745
6 0.39587
6 0.395995
6 0.39612
6 0.396245
6 0.39637
6 0.396496
6 0.396621
6 0.396746
6 0.396871
6 0.396996
6 0.397121
6 0.397247
6 0.397372
6 0.397497
6 0.397622
6 0.397747
6 0.397872
6 0.397997
6 0.398123
6 0.398248
6 0.398373
6 0.398498
6 0.398623
6 0.398748
6 0.398874
6 0.398999
6 0.399124
6 0.399249
5 0.399374
5 0.399499
5 0.399625
5 0.39975
5 0.399875
5 0.4
5 0.400125
5 0.40025
5 0.400375
5 0.400501
5 0.400626
5 0.400751
5 0.400876
5 0.401001
5 0.401126
5 0.401252
5 0.401377
5 0.401502
5 0.401627
5 0.401752
5 0.401877
5 0.402003
5 0.402128
5 0.402253
5 0.402378
5 0.402503
5 0.402628
5 0.402753
5 0.402879
5 0.403004
5 0.403129
5 0.403254
5 0.403379
5 0.403504
5 0.40363
5 0.403755
5 0.40388
5 0.404005
5 0.40413
5 0.404255
5 0.40438
5 0.404506
5 0.404631
5 0.404756
5 0.404881
5 0.405006
5 0.405131
5 0.405257
5 0.405382
5 0.405507
5 0.405632
5 0.405757
5 0.405882
5 0.406008
5 0.406133
5 0.406258
5 0.406383
5 0.406508
5 0.406633
5 0.406758
5 0.406884
5 0.407009
5 0.407134
5 0.407259
5 0.407384
5 0.407509
5 0.407635
5 0.40776
5 0.407885
5 0.40801
5 0.408135
5 0.40826
5 0.408385
5 0.408511
5 0.408636
5 0.408761
5 0.408886
5 0.409011
5 0.409136
5 0.409262
5 0.409387
5 0.409512
5 0.409637
5 0.409762
5 0.409887
5 0.410013
5 0.410138
5 0.410263
5 0.410388
5 0.410513
5 0.410638
5 0.410763
5 0.410889
5 0.411014
5 0.411139
5 0.411264
5 0.411389
5 0.411514
5 0.41164
5 0.411765
5 0.41189
5 0.412015
5 0.41214
5 0.412265
5 0.41239
5 0.412516
5 0.412641
5 0.412766
5 0.412891
5 0.413016
5 0.413141
5 0.413267
5 0.413392
5 0.413517
5 0.413642
5 0.413767
5 0.413892
5 0.414018
5 0.414143
5 0.414268
5 0.414393
5 0.414518
5 0.414643
5 0.414768
5 0.414894
5 0.415019
5 0.415144
5 0.415269
5 0.415394
5 0.415519
5 0.415645
5 0.41577
5 0.415895
5 0.41602
5 0.416145
5 0.41627
5 0.416395
5 0.416521
5 0.416646
5 0.416771
5 0.416896
5 0.417021
5 0.417146
5 0.417272
5 0.417397
5 0.417522
5 0.417647
5 0.417772
5 0.417897
5 0.418023
5 0.418148
5 0.418273
5 0.418398
5 0.418523
5 0.418648
5 0.418773
5 0.418899
5 0.419024
5 0.419149
5 0.419274
5 0.419399
5 0.419524
5 0.41965
5 0.419775
5 0.4199
5 0.420025
5 0.42015
5 0.420275
5 0.420401
5 0.420526
5 0.420651
5 0.420776
5 0.420901
5 0.421026
5 0.421151
5 0.421277
5 0.421402
5 0.421527
5 0.421652
5 0.421777
5 0.421902
5 0.422028
5 0.422153
5 0.422278
5 0.422403
5 0.422528
5 0.422653
5 0.422778
5 0.422904
5 0.423029
5 0.423154
5 0.423279
5 0.423404
5 0.423529
5 0.423655
5 0.42378
5 0.423905
5 0.42403
5 0.424155
5 0.42428
5 0.424406
5 0.424531
5 0.424656
5 0.424781
5 0.424906
5 0.425031
5 0.425156
5 0.425282
5 0.425407
5 0.425532
5 0.425657
5 0.425782
5 0.425907
5 0.426033
5 0.426158
5 0.426283
5 0.426408
5 0.426533
5 0.426658
5 0.426783
5 0.426909
5 0.427034
5 0.427159
5 0.427284
5 0.427409
5 0.427534
5 0.42766
5 0.427785
5 0.42791
5 0.428035
5 0.42816
5 0.428285
5 0.428411
5 0.428536
5 0.428661
5 0.428786
5 0.428911
5 0.429036
5 0.429161
5 0.429287
5 0.429412
5 0.429537
5 0.429662
5 0.429787
5 0.429912
5 0.430038
5 0.430163
5 0.430288
5 0.430413
5 0.430538
5 0.430663
5 0.430788
5 0.430914
5 0.431039
5 0.431164
5 0.431289
5 0.431414
5 0.431539
5 0.431665
5 0.43179
5 0.431915
5 0.43204
5 0.432165
5 0.43229
5 0.432416
5 0.432541
5 0.432666
5 0.432791
5 0.432916
5 0.433041
5 0.433166
5 0.433292
5 0.433417
5 0.433542
5 0.433667
5 0.433792
5 0.433917
5 0.434043
5 0.434168
5 0.434293
5 0.434418
5 0.434543
5 0.434668
5 0.434793
5 0.434919
5 0.435044
5 0.435169
5 0.435294
5 0.435419
5 0.435544
5 0.43567
5 0.435795
5 0.43592
5 0.436045
5 0.43617
5 0.436295
5 0.436421
5 0.436546
5 0.436671
5 0.436796
5 0.436921
5 0.437046
5 0.437171
5 0.437297
5 0.437422
5 0.437547
5 0.437672
5 0.437797
5 0.437922
5 0.438048
5 0.438173
5 0.438298
5 0.438423
5 0.438548
5 0.438673
5 0.438798
5 0.438924
5 0.439049
5 0.439174
5 0.439299
5 0.439424
5 0.439549
5 0.439675
5 0.4398
5 0.439925
5 0.44005
5 0.440175
5 0.4403
5 0.440426
5 0.440551
5 0.440676
5 0.440801
5 0.440926
5 0.441051
5 0.441176
5 0.441302
5 0.441427
5 0.441552
5 0.441677
5 0.441802
5 0.441927
5 0.442053
5 0.442178
5 0.442303
5 0.442428
5 0.442553
5 0.442678
5 0.442804
5 0.442929
5 0.443054
5 0.443179
5 0.443304
5 0.443429
5 0.443554
5 0.44368
5 0.443805
5 0.44393
5 0.444055
5 0.44418
5 0.444305
5 0.444431
5 0.444556
5 0.444681
5 0.444806
5 0.444931
5 0.445056
5 0.445181
5 0.445307
5 0.445432
5 0.445557
5 0.445682
5 0.445807
5 0.445932
5 0.446058
5 0.446183
5 0.446308
5 0.446433
5 0.446558
5 0.446683
5 0.446809
5 0.446934
5 0.447059
5 0.447184
5 0.447309
5 0.447434
5 0.447559
5 0.447685
5 0.44781
5 0.447935
5 0.44806
5 0.448185
5 0.44831
5 0.448436
5 0.448561
5 0.448686
5 0.448811
5 0.448936
5 0.449061
5 0.449186
5 0.449312
5 0.449437
5 0.449562
5 0.449687
5 0.449812
5 0.449937
5 0.450063
5 0.450188
5 0.450313
5 0.450438
5 0.450563
5 0.450688
5 0.450814
5 0.450939
5 0.451064
5 0.451189
5 0.451314
5 0.451439
5 0.451564
5 0.45169
5 0.451815
5 0.45194
5 0.452065
5 0.45219
5 0.452315
5 0.452441
5 0.452566
5 0.452691
5 0.452816
5 0.452941
5 0.453066
5 0.453191
5 0.453317
5 0.453442
5 0.453567
5 0.453692
5 0.453817
5 0.453942
5 0.454068
5 0.454193
5 0.454318
5 0.454443
5 0.454568
5 0.454693
5 0.454819
5 0.454944
5 0.455069
5 0.455194
5 0.455319
5 0.455444
5 0.455569
5 0.455695
5 0.45582
5 0.455945
5 0.45607
5 0.456195
5 0.45632
5 0.456446
5 0.456571
5 0.456696
5 0.456821
5 0.456946
5 0.457071
5 0.457196
5 0.457322
5 0.457447
5 0.457572
5 0.457697
5 0.457822
5 0.457947
5 0.458073
5 0.458198
5 0.458323
5 0.458448
5 0.458573
5 0.458698
5 0.458824
5 0.458949
5 0.459074
5 0.459199
5 0.459324
5 0.459449
5 0.459574
5 0.4597
5 0.459825
5 0.45995
5 0.460075
5 0.4602
5 0.460325
5 0.460451
5 0.460576
5 0.460701
5 0.460826
5 0.460951
5 0.461076
5 0.461202
5 0.461327
5 0.461452
5 0.461577
5 0.461702
5 0.461827
5 0.461952
5 0.462078
5 0.462203
5 0.462328
5 0.462453
5 0.462578
5 0.462703
5 0.462829
5 0.462954
5 0.463079
5 0.463204
5 0.463329
5 0.463454
5 0.463579
5 0.463705
5 0.46383
5 0.463955
5 0.46408
5 0.464205
5 0.46433
5 0.464456
5 0.464581
5 0.464706
5 0.464831
5 0.464956
5 0.465081
5 0.465207
5 0.465332
5 0.465457
5 0.465582
5 0.465707
5 0.465832
5 0.465957
5 0.466083
5 0.466208
5 0.466333
5 0.466458
5 0.466583
5 0.466708
5 0.466834
5 0.466959
5 0.467084
5 0.467209
5 0.467334
5 0.467459
5 0.467584
5 0.46771
5 0.467835
5 0.46796
5 0.468085
5 0.46821
5 0.468335
5 0.468461
5 0.468586
5 0.468711
5 0.468836
5 0.468961
5 0.469086
5 0.469212
5 0.469337
5 0.469462
5 0.469587
5 0.469712
5 0.469837
5 0.469962
5 0.470088
5 0.470213
5 0.470338
5 0.470463
5 0.470588
5 0.470713
5 0.470839
5 0.470964
5 0.471089
5 0.471214
5 0.471339
5 0.471464
5 0.471589
5 0.471715
5 0.47184
5 0.471965
5 0.47209
5 0.472215
5 0.47234
5 0.472466
5 0.472591
5 0.472716
5 0.472841
5 0.472966
5 0.473091
5 0.473217
5 0.473342
5 0.473467
5 0.473592
5 0.473717
5 0.473842
5 0.473967
5 0.474093
5 0.474218
5 0.474343
5 0.474468
5 0.474593
5 0.474718
5 0.474844
5 0.474969
5 0.475094
5 0.475219
5 0.475344
5 0.475469
5 0.475594
5 0.47572
5 0.475845
5 0.47597
5 0.476095
5 0.47622
5 0.476345
5 0.476471
5 0.476596
5 0.476721
5 0.476846
5 0.476971
5 0.477096
5 0.477222
5 0.477347
5 0.477472
5 0.477597
5 0.477722
5 0.477847
5 0.477972
5 0.478098
5 0.478223
5 0.478348
5 0.478473
5 0.478598
5 0.478723
5 0.478849
5 0.478974
5 0.479099
5 0.479224
5 0.479349
5 0.479474
5 0.479599
5 0.479725
5 0.47985
5 0.479975
5 0.4801
5 0.480225
5 0.48035
5 0.480476
5 0.480601
5 0.480726
5 0.480851
5 0.480976
5 0.481101
5 0.481227
5 0.481352
5 0.481477
5 0.481602
5 0.481727
5 0.481852
5 0.481977
5 0.482103
5 0.482228
5 0.482353
5 0.482478
5 0.482603
5 0.482728
5 0.482854
5 0.482979
5 0.483104
5 0.483229
5 0.483354
5 0.483479
5 0.483605
5 0.48373
5 0.483855
5 0.48398
5 0.484105
5 0.48423
5 0.484355
5 0.484481
5 0.484606
5 0.484731
5 0.484856
5 0.484981
5 0.485106
5 0.485232
5 0.485357
5 0.485482
5 0.485607
5 0.485732
5 0.485857
5 0.485982
5 0.486108
5 0.486233
5 0.486358
5 0.486483
5 0.486608
5 0.486733
5 0.486859
5 0.486984
5 0.487109
5 0.487234
5 0.487359
5 0.487484
5 0.48761
5 0.487735
5 0.48786
5 0.487985
5 0.48811
5 0.488235
5 0.48836
5 0.488486
5 0.488611
5 0.488736
5 0.488861
5 0.488986
5 0.489111
5 0.489237
5 0.489362
5 0.489487
5 0.489612
5 0.489737
5 0.489862
5 0.489987
5 0.490113
5 0.490238
5 0.490363
5 0.490488
5 0.490613
5 0.490738
5 0.490864
5 0.490989
5 0.491114
5 0.491239
5 0.491364
5 0.491489
5 0.491615
5 0.49174
5 0.491865
5 0.49199
5 0.492115
5 0.49224
5 0.492365
5 0.492491
5 0.492616
5 0.492741
5 0.492866
5 0.492991
5 0.493116
5 0.493242
5 0.493367
5 0.493492
5 0.493617
5 0.493742
5 0.493867
5 0.493992
5 0.494118
5 0.494243
5 0.494368
5 0.494493
5 0.494618
5 0.494743
5 0.494869
5 0.494994
5 0.495119
5 0.495244
5 0.495369
5 0.495494
5 0.49562
5 0.495745
5 0.49587
5 0.495995
5 0.49612
5 0.496245
5 0.49637
5 0.496496
5 0.496621
5 0.496746
5 0.496871
5 0.496996
5 0.497121
5 0.497247
5 0.497372
5 0.497497
5 0.497622
5 0.497747
5 0.497872
5 0.497997
5 0.498123
5 0.498248
5 0.498373
5 0.498498
5 0.498623
5 0.498748
5 0.498874
5 0.498999
5 0.499124
5 0.499249
5 0.499374
5 0.499499
5 0.499625
5 0.49975
5 0.499875
5 0.5
5 0.500125
5 0.50025
5 0.500375
5 0.500501
5 0.500626
5 0.500751
5 0.500876
5 0.501001
5 0.501126
5 0.501252
5 0.501377
5 0.501502
5 0.501627
5 0.501752
5 0.501877
5 0.502003
5 0.502128
5 0.502253
5 0.502378
5 0.502503
5 0.502628
5 0.502753
5 0.502879
5 0.503004
5 0.503129
5 0.503254
5 0.503379
5 0.503504
5 0.50363
5 0.503755
5 0.50388
5 0.504005
5 0.50413
5 0.504255
5 0.50438
5 0.504506
5 0.504631
5 0.504756
5 0.504881
5 0.505006
5 0.505131
5 0.505257
5 0.505382
5 0.505507
5 0.505632
5 0.505757
5 0.505882
5 0.506008
5 0.506133
5 0.506258
5 0.506383
5 0.506508
5 0.506633
5 0.506758
5 0.506884
5 0.507009
5 0.507134
5 0.507259
5 0.507384
5 0.507509
5 0.507635
5 0.50776
5 0.507885
5 0.50801
5 0.508135
5 0.50826
5 0.508385
5 0.508511
5 0.508636
5 0.508761
5 0.508886
5 0.509011
5 0.509136
5 0.509262
5 0.509387
5 0.509512
5 0.509637
5 0.509762
5 0.509887
5 0.510013
5 0.510138
5 0.510263
5 0.510388
5 0.510513
5 0.510638
5 0.510763
5 0.510889
5 0.511014
5 0.511139
5 0.511264
5 0.511389
5 0.511514
5 0.51164
5 0.511765
5 0.51189
5 0.512015
5 0.51214
5 0.512265
5 0.51239
5 0.512516
5 0.512641
5 0.512766
5 0.512891
5 0.513016
5 0.513141
5 0.513267
5 0.513392
5 0.513517
5 0.513642
5 0.513767
5 0.513892
5 0.514018
5 0.514143
5 0.514268
5 0.514393
5 0.514518
5 0.514643
5 0.514768
5 0.514894
5 0.515019
5 0.515144
5 0.515269
5 0.515394
5 0.515519
5 0.515645
5 0.51577
5 0.515895
5 0.51602
5 0.516145
5 0.51627
5 0.516395
5 0.516521
5 0.516646
5 0.516771
5 0.516896
5 0.517021
5 0.517146
5 0.517272
5 0.517397
5 0.517522
5 0.517647
5 0.517772
5 0.517897
5 0.518023
5 0.518148
5 0.518273
5 0.518398
5 0.518523
5 0.518648
5 0.518773
5 0.518899
5 0.519024
5 0.519149
5 0.519274
5 0.519399
5 0.519524
5 0.51965
5 0.519775
5 0.5199
5 0.520025
5 0.52015
5 0.520275
5 0.520401
5 0.520526
5 0.520651
5 0.520776
5 0.520901
5 0.521026
5 0.521151
5 0.521277
5 0.521402
5 0.521527
5 0.521652
5 0.521777
5 0.521902
5 0.522028
5 0.522153
5 0.522278
5 0.522403
5 0.522528
5 0.522653
5 0.522778
5 0.522904
5 0.523029
5 0.523154
5 0.523279
5 0.523404
5 0.523529
5 0.523655
5 0.52378
5 0.523905
5 0.52403
5 0.524155
5 0.52428
5 0.524406
5 0.524531
5 0.524656
5 0.524781
5 0.524906
5 0.525031
5 0.525156
5 0.525282
5 0.525407
5 0.525532
5 0.525657
5 0.525782
5 0.525907
5 0.526033
5 0.526158
5 0.526283
5 0.526408
5 0.526533
5 0.526658
5 0.526783
5 0.526909
5 0.527034
5 0.527159
5 0.527284
5 0.527409
5 0.527534
5 0.52766
5 0.527785
5 0.52791
5 0.528035
5 0.52816
5 0.528285
5 0.528411
5 0.528536
5 0.528661
5 0.528786
5 0.528911
5 0.529036
5 0.529161
5 0.529287
5 0.529412
5 0.529537
5 0.529662
5 0.529787
5 0.529912
5 0.530038
5 0.530163
5 0.530288
5 0.530413
5 0.530538
5 0.530663
5 0.530788
5 0.530914
5 0.531039
5 0.531164
5 0.531289
5 0.531414
5 0.531539
5 0.531665
5 0.53179
5 0.531915
5 0.53204
5 0.532165
5 0.53229
5 0.532416
5 0.532541
5 0.532666
5 0.532791
5 0.532916
5 0.533041
5 0.533166
5 0.533292
5 0.533417
5 0.533542
5 0.533667
5 0.533792
5 0.533917
5 0.534043
5 0.534168
5 0.534293
5 0.534418
5 0.534543
5 0.534668
5 0.534793
5 0.534919
5 0.535044
5 0.535169
5 0.535294
5 0.535419
5 0.535544
5 0.53567
5 0.535795
5 0.53592
5 0.536045
5 0.53617
5 0.536295
5 0.536421
5 0.536546
5 0.536671
5 0.536796
5 0.536921
5 0.537046
5 0.537171
5 0.537297
5 0.537422
5 0.537547
5 0.537672
5 0.537797
5 0.537922
5 0.538048
5 0.538173
5 0.538298
5 0.538423
5 0.538548
5 0.538673
5 0.538798
5 0.538924
5 0.539049
5 0.539174
5 0.539299
5 0.539424
5 0.539549
5 0.539675
5 0.5398
5 0.539925
5 0.54005
5 0.540175
5 0.5403
5 0.540426
5 0.540551
5 0.540676
5 0.540801
5 0.540926
5 0.541051
5 0.541176
5 0.541302
5 0.541427
5 0.541552
5 0.541677
5 0.541802
5 0.541927
5 0.542053
5 0.542178
5 0.542303
5 0.542428
5 0.542553
5 0.542678
5 0.542804
5 0.542929
5 0.543054
5 0.543179
5 0.543304
5 0.543429
5 0.543554
5 0.54368
5 0.543805
5 0.54393
5 0.544055
5 0.54418
5 0.544305
5 0.544431
5 0.544556
5 0.544681
5 0.544806
5 0.544931
5 0.545056
5 0.545181
5 0.545307
5 0.545432
5 0.545557
5 0.545682
5 0.545807
5 0.545932
5 0.546058
5 0.546183
5 0.546308
5 0.546433
5 0.546558
5 0.546683
5 0.546809
5 0.546934
5 0.547059
5 0.547184
5 0.547309
5 0.547434
5 0.547559
5 0.547685
5 0.54781
5 0.547935
5 0.54806
5 0.548185
5 0.54831
5 0.548436
5 0.548561
5 0.548686
5 0.548811
5 0.548936
5 0.549061
5 0.549186
5 0.549312
5 0.549437
5 0.549562
5 0.549687
5 0.549812
5 0.549937
5 0.550063
5 0.550188
5 0.550313
5 0.550438
5 0.550563
5 0.550688
5 0.550814
5 0.550939
5 0.551064
5 0.551189
5 0.551314
5 0.551439
5 0.551564
5 0.55169
5 0.551815
5 0.55194
5 0.552065
5 0.55219
5 0.552315
5 0.552441
5 0.552566
5 0.552691
5 0.552816
5 0.552941
5 0.553066
5 0.553191
5 0.553317
5 0.553442
5 0.553567
5 0.553692
5 0.553817
5 0.553942
5 0.554068
5 0.554193
5 0.554318
5 0.554443
5 0.554568
5 0.554693
5 0.554819
5 0.554944
5 0.555069
5 0.555194
5 0.555319
5 0.555444
5 0.555569
5 0.555695
5 0.55582
5 0.555945
5 0.55607
5 0.556195
5 0.55632
5 0.556446
5 0.556571
5 0.556696
5 0.556821
5 0.556946
5 0.557071
5 0.557196
5 0.557322
5 0.557447
5 0.557572
5 0.557697
5 0.557822
5 0.557947
5 0.558073
5 0.558198
5 0.558323
5 0.558448
5 0.558573
5 0.558698
5 0.558824
5 0.558949
5 0.559074
5 0.559199
5 0.559324
5 0.559449
5 0.559574
5 0.5597
5 0.559825
5 0.55995
5 0.560075
5 0.5602
5 0.560325
5 0.560451
5 0.560576
5 0.560701
5 0.560826
5 0.560951
5 0.561076
5 0.561202
5 0.561327
5 0.561452
5 0.561577
5 0.561702
5 0.561827
5 0.561952
5 0.562078
5 0.562203
5 0.562328
5 0.562453
5 0.562578
5 0.562703
5 0.562829
5 0.562954
5 0.563079
5 0.563204
5 0.563329
5 0.563454
5 0.563579
5 0.563705
5 0.56383
5 0.563955
5 0.56408
5 0.564205
5 0.56433
5 0.564456
5 0.564581
5 0.564706
5 0.564831
5 0.564956
5 0.565081
5 0.565207
5 0.565332
5 0.565457
5 0.565582
5 0.565707
5 0.565832
5 0.565957
5 0.566083
5 0.566208
5 0.566333
5 0.566458
5 0.566583
5 0.566708
5 0.566834
5 0.566959
5 0.567084
5 0.567209
5 0.567334
5 0.567459
5 0.567584
5 0.56771
5 0.567835
5 0.56796
5 0.568085
5 0.56821
5 0.568335
5 0.568461
5 0.568586
5 0.568711
5 0.568836
5 0.568961
5 0.569086
5 0.569212
5 0.569337
5 0.569462
5 0.569587
5 0.569712
5 0.569837
5 0.569962
5 0.570088
5 0.570213
5 0.570338
5 0.570463
5 0.570588
5 0.570713
5 0.570839
5 0.570964
5 0.571089
5 0.571214
5 0.571339
5 0.571464
5 0.571589
5 0.571715
5 0.57184
5 0.571965
5 0.57209
5 0.572215
5 0.57234
5 0.572466
5 0.572591
5 0.572716
5 0.572841
5 0.572966
5 0.573091
5 0.573217
5 0.573342
5 0.573467
5 0.573592
5 0.573717
5 0.573842
5 0.573967
5 0.574093
5 0.574218
5 0.574343
5 0.574468
5 0.574593
5 0.574718
5 0.574844
5 0.574969
5 0.575094
5 0.575219
5 0.575344
5 0.575469
5 0.575594
5 0.57572
5 0.575845
5 0.57597
5 0.576095
5 0.57622
5 0.576345
5 0.576471
5 0.576596
5 0.576721
5 0.576846
5 0.576971
5 0.577096
5 0.577222
5 0.577347
5 0.577472
5 0.577597
5 0.577722
5 0.577847
5 0.577972
5 0.578098
5 0.578223
5 0.578348
5 0.578473
5 0.578598
5 0.578723
5 0.578849
5 0.578974
5 0.579099
5 0.579224
5 0.579349
5 0.579474
5 0.579599
5 0.579725
5 0.57985
5 0.579975
5 0.5801
5 0.580225
5 0.58035
5 0.580476
5 0.580601
5 0.580726
5 0.580851
5 0.580976
5 0.581101
5 0.581227
5 0.581352
5 0.581477
5 0.581602
5 0.581727
5 0.581852
5 0.581977
5 0.582103
5 0.582228
5 0.582353
5 0.582478
5 0.582603
5 0.582728
5 0.582854
5 0.582979
5 0.583104
5 0.583229
4 0.583354
4 0.583479
4 0.583605
4 0.58373
4 0.583855
4 0.58398
4 0.584105
4 0.58423
4 0.584355
4 0.584481
4 0.584606
4 0.584731
4 0.584856
4 0.584981
4 0.585106
4 0.585232
4 0.585357
4 0.585482
4 0.585607
4 0.585732
4 0.585857
4 0.585982
4 0.586108
4 0.586233
4 0.586358
4 0.586483
4 0.586608
4 0.586733
4 0.586859
4 0.586984
4 0.587109
4 0.587234
4 0.587359
4 0.587484
4 0.58761
4 0.587735
4 0.58786
4 0.587985
4 0.58811
4 0.588235
4 0.58836
4 0.588486
4 0.588611
4 0.588736
4 0.588861
4 0.588986
4 0.589111
4 0.589237
4 0.589362
4 0.589487
4 0.589612
4 0.589737
4 0.589862
4 0.589987
4 0.590113
4 0.590238
4 0.590363
4 0.590488
4 0.590613
4 0.590738
4 0.590864
4 0.590989
4 0.591114
4 0.591239
4 0.591364
4 0.591489
4 0.591615
4 0.59174
4 0.591865
4 0.59199
4 0.592115
4 0.59224
4 0.592365
4 0.592491
4 0.592616
4 0.592741
4 0.592866
4 0.592991
4 0.593116
4 0.593242
4 0.593367
4 0.593492
4 0.593617
4 0.593742
4 0.593867
4 0.593992
4 0.594118
4 0.594243
4 0.594368
4 0.594493
4 0.594618
4 0.594743
4 0.594869
4 0.594994
4 0.595119
4 0.595244
4 0.595369
4 0.595494
4 0.59562
4 0.595745
4 0.59587
4 0.595995
4 0.59612
4 0.596245
4 0.59637
4 0.596496
4 0.596621
4 0.596746
4 0.596871
4 0.596996
4 0.597121
4 0.597247
4 0.597372
4 0.597497
4 0.597622
4 0.597747
4 0.597872
4 0.597997
4 0.598123
4 0.598248
4 0.598373
4 0.598498
4 0.598623
4 0.598748
4 0.598874
4 0.598999
4 0.599124
4 0.599249
4 0.599374
4 0.599499
4 0.599625
4 0.59975
4 0.599875
4 0.6
4 0.600125
4 0.60025
4 0.600375
4 0.600501
4 0.600626
4 0.600751
4 0.600876
4 0.601001
4 0.601126
4 0.601252
4 0.601377
4 0.601502
4 0.601627
4 0.601752
4 0.601877
4 0.602003
4 0.602128
4 0.602253
4 0.602378
4 0.602503
4 0.602628
4 0.602753
4 0.602879
4 0.603004
4 0.603129
4 0.603254
4 0.603379
4 0.603504
4 0.60363
4 0.603755
4 0.60388
4 0.604005
4 0.60413
4 0.604255
4 0.60438
4 0.604506
4 0.604631
4 0.604756
4 0.604881
4 0.605006
4 0.605131
4 0.605257
4 0.605382
4 0.605507
4 0.605632
4 0.605757
4 0.605882
4 0.606008
4 0.606133
4 0.606258
4 0.606383
4 0.606508
4 0.606633
4 0.606758
4 0.606884
4 0.607009
4 0.607134
4 0.607259
4 0.607384
4 0.607509
4 0.607635
4 0.60776
4 0.607885
4 0.60801
4 0.608135
4 0.60826
4 0.608385
4 0.608511
4 0.608636
4 0.608761
4 0.608886
4 0.609011
4 0.609136
4 0.609262
4 0.609387
4 0.609512
4 0.609637
4 0.609762
4 0.609887
4 0.610013
4 0.610138
4 0.610263
4 0.610388
4 0.610513
4 0.610638
4 0.610763
4 0.610889
4 0.611014
4 0.611139
4 0.611264
4 0.611389
4 0.611514
4 0.61164
4 0.611765
4 0.61189
4 0.612015
4 0.61214
4 0.612265
4 0.61239
4 0.612516
4 0.612641
4 0.612766
4 0.612891
4 0.613016
4 0.613141
4 0.613267
4 0.613392
4 0.613517
4 0.613642
4 0.613767
4 0.613892
4 0.614018
4 0.614143
4 0.614268
4 0.614393
4 0.614518
4 0.614643
4 0.614768
4 0.614894
4 0.615019
4 0.615144
4 0.615269
4 0.615394
4 0.615519
4 0.615645
4 0.61577
4 0.615895
4 0.61602
4 0.616145
4 0.61627
4 0.616395
4 0.616521
4 0.616646
4 0.616771
4 0.616896
4 0.617021
4 0.617146
4 0.617272
4 0.617397
4 0.617522
4 0.617647
4 0.617772
4 0.617897
4 0.618023
4 0.618148
4 0.618273
4 0.618398
4 0.618523
4 0.618648
4 0.618773
4 0.618899
4 0.619024
4 0.619149
4 0.619274
4 0.619399
4 0.619524
4 0.61965
4 0.619775
4 0.6199
4 0.620025
4 0.62015
4 0.620275
4 0.620401
4 0.620526
4 0.620651
4 0.620776
4 0.620901
4 0.621026
4 0.621151
4 0.621277
4 0.621402
4 0.621527
4 0.621652
4 0.621777
4 0.621902
4 0.622028
4 0.622153
4 0.622278
4 0.622403
4 0.622528
4 0.622653
4 0.622778
4 0.622904
4 0.623029
4 0.623154
4 0.623279
4 0.623404
4 0.623529
4 0.623655
4 0.62378
4 0.623905
4 0.62403
4 0.624155
4 0.62428
4 0.624406
4 0.624531
4 0.624656
4 0.624781
4 0.624906
4 0.625031
4 0.625156
4 0.625282
4 0.625407
4 0.625532
4 0.625657
4 0.625782
4 0.625907
4 0.626033
4 0.626158
4 0.626283
4 0.626408
4 0.626533
4 0.626658
4 0.626783
4 0.626909
4 0.627034
4 0.627159
4 0.627284
4 0.627409
4 0.627534
4 0.62766
4 0.627785
4 0.62791
4 0.628035
4 0.62816
4 0.628285
4 0.628411
4 0.628536
4 0.628661
4 0.628786
4 0.628911
4 0.629036
4 0.629161
4 0.629287
4 0.629412
4 0.629537
4 0.629662
4 0.629787
4 0.629912
4 0.630038
4 0.630163
4 0.630288
4 0.630413
4 0.630538
4 0.630663
4 0.630788
4 0.630914
4 0.631039
4 0.631164
4 0.631289
4 0.631414
4 0.631539
4 0.631665
4 0.63179
4 0.631915
4 0.63204
4 0.632165
4 0.63229
4 0.632416
4 0.632541
4 0.632666
4 0.632791
4 0.632916
4 0.633041
4 0.633166
4 0.633292
4 0.633417
4 0.633542
4 0.633667
4 0.633792
4 0.633917
4 0.634043
4 0.634168
4 0.634293
4 0.634418
4 0.634543
4 0.634668
4 0.634793
4 0.634919
4 0.635044
4 0.635169
4 0.635294
4 0.635419
4 0.635544
4 0.63567
4 0.635795
4 0.63592
4 0.636045
4 0.63617
4 0.636295
4 0.636421
4 0.636546
4 0.636671
4 0.636796
4 0.636921
4 0.637046
4 0.637171
4 0.637297
4 0.637422
4 0.637547
4 0.637672
4 0.637797
4 0.637922
4 0.638048
4 0.638173
4 0.638298
4 0.638423
4 0.638548
4 0.638673
4 0.638798
4 0.638924
4 0.639049
4 0.639174
4 0.639299
4 0.639424
4 0.639549
4 0.639675
4 0.6398
4 0.639925
4 0.64005
4 0.640175
4 0.6403
4 0.640426
4 0.640551
4 0.640676
4 0.640801
4 0.640926
4 0.641051
4 0.641176
4 0.641302
4 0.641427
4 0.641552
4 0.641677
4 0.641802
4 0.641927
4 0.642053
4 0.642178
4 0.642303
4 0.642428
4 0.642553
4 0.642678
4 0.642804
4 0.642929
4 0.643054
4 0.643179
4 0.643304
4 0.643429
4 0.643554
4 0.64368
4 0.643805
4 0.64393
4 0.644055
4 0.64418
4 0.644305
4 0.644431
4 0.644556
4 0.644681
4 0.644806
4 0.644931
4 0.645056
4 0.645181
4 0.645307
4 0.645432
4 0.645557
4 0.645682
4 0.645807
4 0.645932
4 0.646058
4 0.646183
4 0.646308
4 0.646433
4 0.646558
4 0.646683
4 0.646809
4 0.646934
4 0.647059
4 0.647184
4 0.647309
4 0.647434
4 0.647559
4 0.647685
4 0.64781
4 0.647935
4 0.64806
4 0.648185
4 0.64831
4 0.648436
4 0.648561
4 0.648686
4 0.648811
4 0.648936
4 0.649061
4 0.649186
4 0.649312
4 0.649437
4 0.649562
4 0.649687
4 0.649812
4 0.649937
4 0.650063
4 0.650188
4 0.650313
4 0.650438
4 0.650563
4 0.650688
4 0.650814
4 0.650939
4 0.651064
4 0.651189
4 0.651314
4 0.651439
4 0.651564
4 0.65169
4 0.651815
4 0.65194
4 0.652065
4 0.65219
4 0.652315
4 0.652441
4 0.652566
4 0.652691
4 0.652816
4 0.652941
4 0.653066
4 0.653191
4 0.653317
4 0.653442
4 0.653567
4 0.653692
4 0.653817
4 0.653942
4 0.654068
4 0.654193
4 0.654318
4 0.654443
4 0.654568
4 0.654693
4 0.654819
4 0.654944
4 0.655069
4 0.655194
4 0.655319
4 0.655444
4 0.655569
4 0.655695
4 0.65582
4 0.655945
4 0.65607
4 0.656195
4 0.65632
4 0.656446
4 0.656571
4 0.656696
4 0.656821
4 0.656946
4 0.657071
4 0.657196
4 0.657322
4 0.657447
4 0.657572
4 0.657697
4 0.657822
4 0.657947
4 0.658073
4 0.658198
4 0.658323
4 0.658448
4 0.658573
4 0.658698
4 0.658824
4 0.658949
4 0.659074
4 0.659199
4 0.659324
4 0.659449
4 0.659574
4 0.6597
4 0.659825
4 0.65995
4 0.660075
4 0.6602
4 0.660325
4 0.660451
4 0.660576
4 0.660701
4 0.660826
4 0.660951
4 0.661076
4 0.661202
4 0.661327
4 0.661452
4 0.661577
4 0.661702
4 0.661827
4 0.661952
4 0.662078
4 0.662203
4 0.662328
4 0.662453
4 0.662578
4 0.662703
4 0.662829
4 0.662954
4 0.663079
4 0.663204
4 0.663329
4 0.663454
4 0.663579
4 0.663705
4 0.66383
4 0.663955
4 0.66408
4 0.664205
4 0.66433
4 0.664456
4 0.664581
4 0.664706
4 0.664831
4 0.664956
4 0.665081
4 0.665207
4 0.665332
4 0.665457
4 0.665582
4 0.665707
4 0.665832
4 0.665957
4 0.666083
4 0.666208
4 0.666333
4 0.666458
4 0.666583
4 0.666708
4 0.666834
4 0.666959
4 0.667084
4 0.667209
4 0.667334
4 0.667459
4 0.667584
4 0.66771
4 0.667835
4 0.66796
4 0.668085
4 0.66821
4 0.668335
4 0.668461
4 0.668586
4 0.668711
4 0.668836
4 0.668961
4 0.669086
4 0.669212
4 0.669337
4 0.669462
4 0.669587
4 0.669712
4 0.669837
4 0.669962
4 0.670088
4 0.670213
4 0.670338
4 0.670463
4 0.670588
4 0.670713
4 0.670839
4 0.670964
4 0.671089
4 0.671214
4 0.671339
4 0.671464
4 0.671589
4 0.671715
4 0.67184
4 0.671965
4 0.67209
4 0.672215
4 0.67234
4 0.672466
4 0.672591
4 0.672716
4 0.672841
4 0.672966
4 0.673091
4 0.673217
4 0.673342
4 0.673467
4 0.673592
4 0.673717
4 0.673842
4 0.673967
4 0.674093
4 0.674218
4 0.674343
4 0.674468
4 0.674593
4 0.674718
4 0.674844
4 0.674969
4 0.675094
4 0.675219
4 0.675344
4 0.675469
4 0.675594
4 0.67572
4 0.675845
4 0.67597
4 0.676095
4 0.67622
4 0.676345
4 0.676471
4 0.676596
4 0.676721
4 0.676846
4 0.676971
4 0.677096
4 0.677222
4 0.677347
4 0.677472
4 0.677597
4 0.677722
4 0.677847
4 0.677972
4 0.678098
4 0.678223
4 0.678348
4 0.678473
4 0.678598
4 0.678723
4 0.678849
4 0.678974
4 0.679099
4 0.679224
4 0.679349
4 0.679474
4 0.679599
4 0.679725
4 0.67985
4 0.679975
4 0.6801
4 0.680225
4 0.68035
4 0.680476
4 0.680601
4 0.680726
4 0.680851
4 0.680976
4 0.681101
4 0.681227
4 0.681352
4 0.681477
4 0.681602
4 0.681727
4 0.681852
4 0.681977
4 0.682103
4 0.682228
4 0.682353
4 0.682478
4 0.682603
4 0.682728
4 0.682854
4 0.682979
4 0.683104
4 0.683229
4 0.683354
4 0.683479
4 0.683605
4 0.68373
4 0.683855
4 0.68398
4 0.684105
4 0.68423
4 0.684355
4 0.684481
4 0.684606
4 0.684731
4 0.684856
4 0.684981
4 0.685106
4 0.685232
4 0.685357
4 0.685482
4 0.685607
4 0.685732
4 0.685857
4 0.685982
4 0.686108
4 0.686233
4 0.686358
4 0.686483
4 0.686608
4 0.686733
4 0.686859
4 0.686984
4 0.687109
4 0.687234
4 0.687359
4 0.687484
4 0.68761
4 0.687735
4 0.68786
4 0.687985
4 0.68811
4 0.688235
4 0.68836
4 0.688486
4 0.688611
4 0.688736
4 0.688861
4 0.688986
4 0.689111
4 0.689237
4 0.689362
4 0.689487
4 0.689612
4 0.689737
4 0.689862
4 0.689987
4 0.690113
4 0.690238
4 0.690363
4 0.690488
4 0.690613
4 0.690738
4 0.690864
4 0.690989
4 0.691114
4 0.691239
4 0.691364
4 0.691489
4 0.691615
4 0.69174
4 0.691865
4 0.69199
4 0.692115
4 0.69224
4 0.692365
4 0.692491
4 0.692616
4 0.692741
4 0.692866
4 0.692991
4 0.693116
4 0.693242
4 0.693367
4 0.693492
4 0.693617
4 0.693742
4 0.693867
4 0.693992
4 0.694118
4 0.694243
4 0.694368
4 0.694493
4 0.694618
4 0.694743
4 0.694869
4 0.694994
4 0.695119
4 0.695244
4 0.695369
4 0.695494
4 0.69562
4 0.695745
4 0.69587
4 0.695995
4 0.69612
4 0.696245
4 0.69637
4 0.696496
4 0.696621
4 0.696746
4 0.696871
4 0.696996
4 0.697121
4 0.697247
4 0.697372
4 0.697497
4 0.697622
4 0.697747
4 0.697872
4 0.697997
4 0.698123
4 0.698248
4 0.698373
4 0.698498
4 0.698623
4 0.698748
4 0.698874
4 0.698999
4 0.699124
4 0.699249
4 0.699374
4 0.699499
4 0.699625
4 0.69975
4 0.699875
4 0.7
4 0.700125
4 0.70025
4 0.700375
4 0.700501
4 0.700626
4 0.700751
4 0.700876
4 0.701001
4 0.701126
4 0.701252
4 0.701377
4 0.701502
4 0.701627
4 0.701752
4 0.701877
4 0.702003
4 0.702128
4 0.702253
4 0.702378
4 0.702503
4 0.702628
4 0.702753
4 0.702879
4 0.703004
4 0.703129
4 0.703254
4 0.703379
4 0.703504
4 0.70363
4 0.703755
4 0.70388
4 0.704005
4 0.70413
4 0.704255
4 0.70438
4 0.704506
4 0.704631
4 0.704756
4 0.704881
4 0.705006
4 0.705131
4 0.705257
4 0.705382
4 0.705507
4 0.705632
4 0.705757
4 0.705882
4 0.706008
4 0.706133
4 0.706258
4 0.706383
4 0.706508
4 0.706633
4 0.706758
4 0.706884
4 0.707009
4 0.707134
4 0.707259
4 0.707384
4 0.707509
4 0.707635
4 0.70776
4 0.707885
4 0.70801
4 0.708135
4 0.70826
4 0.708385
4 0.708511
4 0.708636
4 0.708761
4 0.708886
4 0.709011
4 0.709136
4 0.709262
4 0.709387
4 0.709512
4 0.709637
4 0.709762
4 0.709887
4 0.710013
4 0.710138
4 0.710263
4 0.710388
4 0.710513
4 0.710638
4 0.710763
4 0.710889
4 0.711014
4 0.711139
4 0.711264
4 0.711389
4 0.711514
4 0.71164
4 0.711765
4 0.71189
4 0.712015
4 0.71214
4 0.712265
4 0.71239
4 0.712516
4 0.712641
4 0.712766
4 0.712891
4 0.713016
4 0.713141
4 0.713267
4 0.713392
4 0.713517
4 0.713642
4 0.713767
4 0.713892
4 0.714018
4 0.714143
4 0.714268
4 0.714393
4 0.714518
4 0.714643
4 0.714768
4 0.714894
4 0.715019
4 0.715144
4 0.715269
4 0.715394
4 0.715519
4 0.715645
4 0.71577
4 0.715895
4 0.71602
4 0.716145
4 0.71627
4 0.716395
4 0.716521
4 0.716646
4 0.716771
4 0.716896
4 0.717021
4 0.717146
4 0.717272
4 0.717397
4 0.717522
4 0.717647
4 0.717772
4 0.717897
4 0.718023
4 0.718148
4 0.718273
4 0.718398
4 0.718523
4 0.718648
4 0.718773
4 0.718899
4 0.719024
4 0.719149
4 0.719274
4 0.719399
4 0.719524
4 0.71965
4 0.719775
4 0.7199
4 0.720025
4 0.72015
4 0.720275
4 0.720401
4 0.720526
4 0.720651
4 0.720776
4 0.720901
4 0.721026
4 0.721151
4 0.721277
4 0.721402
4 0.721527
4 0.721652
4 0.721777
4 0.721902
4 0.722028
4 0.722153
4 0.722278
4 0.722403
4 0.722528
4 0.722653
4 0.722778
4 0.722904
4 0.723029
4 0.723154
4 0.723279
4 0.723404
4 0.723529
4 0.723655
4 0.72378
4 0.723905
4 0.72403
4 0.724155
4 0.72428
4 0.724406
4 0.724531
4 0.724656
4 0.724781
4 0.724906
4 0.725031
4 0.725156
4 0.725282
4 0.725407
4 0.725532
4 0.725657
4 0.725782
4 0.725907
4 0.726033
4 0.726158
4 0.726283
4 0.726408
4 0.726533
4 0.726658
4 0.726783
4 0.726909
4 0.727034
4 0.727159
4 0.727284
4 0.727409
4 0.727534
4 0.72766
4 0.727785
4 0.72791
4 0.728035
4 0.72816
4 0.728285
4 0.728411
4 0.728536
4 0.728661
4 0.728786
4 0.728911
4 0.729036
4 0.729161
4 0.729287
4 0.729412
4 0.729537
4 0.729662
4 0.729787
4 0.729912
4 0.730038
4 0.730163
4 0.730288
4 0.730413
4 0.730538
4 0.730663
4 0.730788
4 0.730914
4 0.731039
4 0.731164
4 0.731289
4 0.731414
4 0.731539
4 0.731665
4 0.73179
4 0.731915
4 0.73204
4 0.732165
4 0.73229
4 0.732416
4 0.732541
4 0.732666
4 0.732791
4 0.732916
4 0.733041
4 0.733166
4 0.733292
4 0.733417
4 0.733542
4 0.733667
4 0.733792
4 0.733917
4 0.734043
4 0.734168
4 0.734293
4 0.734418
4 0.734543
4 0.734668
4 0.734793
4 0.734919
4 0.735044
4 0.735169
4 0.735294
4 0.735419
4 0.735544
4 0.73567
4 0.735795
4 0.73592
4 0.736045
4 0.73617
4 0.736295
4 0.736421
4 0.736546
4 0.736671
4 0.736796
4 0.736921
4 0.737046
4 0.737171
4 0.737297
4 0.737422
4 0.737547
4 0.737672
4 0.737797
4 0.737922
4 0.738048
4 0.738173
4 0.738298
4 0.738423
4 0.738548
4 0.738673
4 0.738798
4 0.738924
4 0.739049
4 0.739174
4 0.739299
4 0.739424
4 0.739549
4 0.739675
4 0.7398
4 0.739925
4 0.74005
4 0.740175
4 0.7403
4 0.740426
4 0.740551
4 0.740676
4 0.740801
4 0.740926
4 0.741051
4 0.741176
4 0.741302
4 0.741427
4 0.741552
4 0.741677
4 0.741802
4 0.741927
4 0.742053
4 0.742178
4 0.742303
4 0.742428
4 0.742553
4 0.742678
4 0.742804
4 0.742929
4 0.743054
4 0.743179
4 0.743304
4 0.743429
4 0.743554
4 0.74368
4 0.743805
4 0.74393
4 0.744055
4 0.74418
4 0.744305
4 0.744431
4 0.744556
4 0.744681
4 0.744806
4 0.744931
4 0.745056
4 0.745181
4 0.745307
4 0.745432
4 0.745557
4 0.745682
4 0.745807
4 0.745932
4 0.746058
4 0.746183
4 0.746308
4 0.746433
4 0.746558
4 0.746683
4 0.746809
4 0.746934
4 0.747059
4 0.747184
4 0.747309
4 0.747434
4 0.747559
4 0.747685
4 0.74781
4 0.747935
4 0.74806
4 0.748185
4 0.74831
4 0.748436
4 0.748561
4 0.748686
4 0.748811
4 0.748936
4 0.749061
4 0.749186
4 0.749312
4 0.749437
4 0.749562
4 0.749687
4 0.749812
4 0.749937
4 0.750063
4 0.750188
4 0.750313
4 0.750438
4 0.750563
4 0.750688
4 0.750814
4 0.750939
4 0.751064
4 0.751189
4 0.751314
4 0.751439
4 0.751564
4 0.75169
4 0.751815
4 0.75194
4 0.752065
4 0.75219
4 0.752315
4 0.752441
4 0.752566
4 0.752691
4 0.752816
4 0.752941
4 0.753066
4 0.753191
4 0.753317
4 0.753442
4 0.753567
4 0.753692
4 0.753817
4 0.753942
4 0.754068
4 0.754193
4 0.754318
4 0.754443
4 0.754568
4 0.754693
4 0.754819
4 0.754944
4 0.755069
4 0.755194
4 0.755319
4 0.755444
4 0.755569
4 0.755695
4 0.75582
4 0.755945
4 0.75607
4 0.756195
4 0.75632
4 0.756446
4 0.756571
4 0.756696
4 0.756821
4 0.756946
4 0.757071
4 0.757196
4 0.757322
4 0.757447
4 0.757572
4 0.757697
4 0.757822
4 0.757947
4 0.758073
4 0.758198
4 0.758323
4 0.758448
4 0.758573
4 0.758698
4 0.758824
4 0.758949
4 0.759074
4 0.759199
4 0.759324
4 0.759449
4 0.759574
4 0.7597
4 0.759825
4 0.75995
4 0.760075
4 0.7602
4 0.760325
4 0.760451
4 0.760576
4 0.760701
4 0.760826
4 0.760951
4 0.761076
4 0.761202
4 0.761327
4 0.761452
4 0.761577
4 0.761702
4 0.761827
4 0.761952
4 0.762078
4 0.762203
4 0.762328
4 0.762453
4 0.762578
4 0.762703
4 0.762829
4 0.762954
4 0.763079
4 0.763204
4 0.763329
4 0.763454
4 0.763579
4 0.763705
4 0.76383
4 0.763955
4 0.76408
4 0.764205
4 0.76433
4 0.764456
4 0.764581
4 0.764706
4 0.764831
4 0.764956
4 0.765081
4 0.765207
4 0.765332
4 0.765457
4 0.765582
4 0.765707
4 0.765832
4 0.765957
4 0.766083
4 0.766208
4 0.766333
4 0.766458
4 0.766583
4 0.766708
4 0.766834
4 0.766959
4 0.767084
4 0.767209
4 0.767334
4 0.767459
4 0.767584
4 0.76771
4 0.767835
4 0.76796
4 0.768085
4 0.76821
4 0.768335
4 0.768461
4 0.768586
4 0.768711
4 0.768836
4 0.768961
4 0.769086
4 0.769212
4 0.769337
4 0.769462
4 0.769587
4 0.769712
4 0.769837
4 0.769962
4 0.770088
4 0.770213
4 0.770338
4 0.770463
4 0.770588
4 0.770713
4 0.770839
4 0.770964
4 0.771089
4 0.771214
4 0.771339
4 0.771464
4 0.771589
4 0.771715
4 0.77184
4 0.771965
4 0.77209
4 0.772215
4 0.77234
4 0.772466
4 0.772591
4 0.772716
4 0.772841
4 0.772966
4 0.773091
4 0.773217
4 0.773342
4 0.773467
4 0.773592
4 0.773717
4 0.773842
4 0.773967
4 0.774093
4 0.774218
4 0.774343
4 0.774468
4 0.774593
4 0.774718
4 0.774844
4 0.774969
4 0.775094
4 0.775219
4 0.775344
4 0.775469
4 0.775594
4 0.77572
4 0.775845
4 0.77597
4 0.776095
4 0.77622
4 0.776345
4 0.776471
4 0.776596
4 0.776721
4 0.776846
4 0.776971
4 0.777096
4 0.777222
4 0.777347
4 0.777472
4 0.777597
4 0.777722
4 0.777847
4 0.777972
4 0.778098
4 0.778223
4 0.778348
4 0.778473
4 0.778598
4 0.778723
4 0.778849
4 0.778974
4 0.779099
4 0.779224
4 0.779349
4 0.779474
4 0.779599
4 0.779725
4 0.77985
4 0.779975
4 0.7801
4 0.780225
4 0.78035
4 0.780476
4 0.780601
4 0.780726
4 0.780851
4 0.780976
4 0.781101
4 0.781227
4 0.781352
4 0.781477
4 0.781602
4 0.781727
4 0.781852
4 0.781977
4 0.782103
4 0.782228
4 0.782353
4 0.782478
4 0.782603
4 0.782728
4 0.782854
4 0.782979
4 0.783104
4 0.783229
4 0.783354
4 0.783479
4 0.783605
4 0.78373
4 0.783855
4 0.78398
4 0.784105
4 0.78423
4 0.784355
4 0.784481
4 0.784606
4 0.784731
4 0.784856
4 0.784981
4 0.785106
4 0.785232
4 0.785357
4 0.785482
4 0.785607
4 0.785732
4 0.785857
4 0.785982
4 0.786108
4 0.786233
4 0.786358
4 0.786483
4 0.786608
4 0.786733
4 0.786859
4 0.786984
4 0.787109
4 0.787234
4 0.787359
4 0.787484
4 0.78761
4 0.787735
4 0.78786
4 0.787985
4 0.78811
4 0.788235
4 0.78836
4 0.788486
4 0.788611
4 0.788736
4 0.788861
4 0.788986
4 0.789111
4 0.789237
4 0.789362
4 0.789487
4 0.789612
4 0.789737
4 0.789862
4 0.789987
4 0.790113
4 0.790238
4 0.790363
4 0.790488
4 0.790613
4 0.790738
4 0.790864
4 0.790989
4 0.791114
4 0.791239
4 0.791364
4 0.791489
4 0.791615
4 0.79174
4 0.791865
4 0.79199
4 0.792115
4 0.79224
4 0.792365
4 0.792491
4 0.792616
4 0.792741
4 0.792866
4 0.792991
4 0.793116
4 0.793242
4 0.793367
4 0.793492
4 0.793617
4 0.793742
4 0.793867
4 0.793992
4 0.794118
4 0.794243
4 0.794368
4 0.794493
4 0.794618
4 0.794743
4 0.794869
4 0.794994
4 0.795119
4 0.795244
4 0.795369
4 0.795494
4 0.79562
4 0.795745
4 0.79587
4 0.795995
4 0.79612
4 0.796245
4 0.79637
4 0.796496
4 0.796621
4 0.796746
4 0.796871
4 0.796996
4 0.797121
4 0.797247
4 0.797372
4 0.797497
4 0.797622
4 0.797747
4 0.797872
4 0.797997
4 0.798123
4 0.798248
4 0.798373
4 0.798498
4 0.798623
4 0.798748
4 0.798874
4 0.798999
4 0.799124
4 0.799249
4 0.799374
4 0.799499
4 0.799625
4 0.79975
4 0.799875
4 0.8
4 0.800125
4 0.80025
4 0.800375
4 0.800501
4 0.800626
4 0.800751
4 0.800876
4 0.801001
4 0.801126
4 0.801252
4 0.801377
4 0.801502
4 0.801627
4 0.801752
4 0.801877
4 0.802003
4 0.802128
4 0.802253
4 0.802378
4 0.802503
4 0.802628
4 0.802753
4 0.802879
4 0.803004
4 0.803129
4 0.803254
4 0.803379
4 0.803504
4 0.80363
4 0.803755
4 0.80388
4 0.804005
4 0.80413
4 0.804255
4 0.80438
4 0.804506
4 0.804631
4 0.804756
4 0.804881
4 0.805006
4 0.805131
4 0.805257
4 0.805382
4 0.805507
4 0.805632
4 0.805757
4 0.805882
4 0.806008
4 0.806133
4 0.806258
4 0.806383
4 0.806508
4 0.806633
4 0.806758
4 0.806884
4 0.807009
4 0.807134
4 0.807259
4 0.807384
4 0.807509
4 0.807635
4 0.80776
4 0.807885
4 0.80801
4 0.808135
4 0.80826
4 0.808385
4 0.808511
4 0.808636
4 0.808761
4 0.808886
4 0.809011
4 0.809136
4 0.809262
4 0.809387
4 0.809512
4 0.809637
4 0.809762
4 0.809887
4 0.810013
4 0.810138
4 0.810263
4 0.810388
4 0.810513
4 0.810638
4 0.810763
4 0.810889
4 0.811014
4 0.811139
4 0.811264
4 0.811389
4 0.811514
4 0.81164
4 0.811765
4 0.81189
4 0.812015
4 0.81214
4 0.812265
4 0.81239
4 0.812516
4 0.812641
4 0.812766
4 0.812891
4 0.813016
4 0.813141
4 0.813267
4 0.813392
4 0.813517
4 0.813642
4 0.813767
4 0.813892
4 0.814018
4 0.814143
4 0.814268
4 0.814393
4 0.814518
4 0.814643
4 0.814768
4 0.814894
4 0.815019
4 0.815144
4 0.815269
4 0.815394
4 0.815519
4 0.815645
4 0.81577
4 0.815895
4 0.81602
4 0.816145
4 0.81627
4 0.816395
4 0.816521
4 0.816646
4 0.816771
4 0.816896
4 0.817021
4 0.817146
4 0.817272
4 0.817397
4 0.817522
4 0.817647
4 0.817772
4 0.817897
4 0.818023
4 0.818148
4 0.818273
4 0.818398
4 0.818523
4 0.818648
4 0.818773
4 0.818899
4 0.819024
4 0.819149
4 0.819274
4 0.819399
4 0.819524
4 0.81965
4 0.819775
4 0.8199
4 0.820025
4 0.82015
4 0.820275
4 0.820401
4 0.820526
4 0.820651
4 0.820776
4 0.820901
4 0.821026
4 0.821151
4 0.821277
4 0.821402
4 0.821527
4 0.821652
4 0.821777
4 0.821902
4 0.822028
4 0.822153
4 0.822278
4 0.822403
4 0.822528
4 0.822653
4 0.822778
4 0.822904
4 0.823029
4 0.823154
4 0.823279
4 0.823404
4 0.823529
4 0.823655
4 0.82378
4 0.823905
4 0.82403
4 0.824155
4 0.82428
4 0.824406
4 0.824531
4 0.824656
4 0.824781
4 0.824906
4 0.825031
4 0.825156
4 0.825282
4 0.825407
4 0.825532
4 0.825657
4 0.825782
4 0.825907
4 0.826033
4 0.826158
4 0.826283
4 0.826408
4 0.826533
4 0.826658
4 0.826783
4 0.826909
4 0.827034
4 0.827159
4 0.827284
4 0.827409
4 0.827534
4 0.82766
4 0.827785
4 0.82791
4 0.828035
4 0.82816
4 0.828285
4 0.828411
4 0.828536
4 0.828661
4 0.828786
4 0.828911
4 0.829036
4 0.829161
4 0.829287
4 0.829412
4 0.829537
4 0.829662
4 0.829787
4 0.829912
4 0.830038
4 0.830163
4 0.830288
4 0.830413
4 0.830538
4 0.830663
4 0.830788
4 0.830914
4 0.831039
4 0.831164
4 0.831289
4 0.831414
4 0.831539
4 0.831665
4 0.83179
4 0.831915
4 0.83204
4 0.832165
4 0.83229
4 0.832416
4 0.832541
4 0.832666
4 0.832791
4 0.832916
4 0.833041
4 0.833166
4 0.833292
4 0.833417
4 0.833542
4 0.833667
4 0.833792
4 0.833917
4 0.834043
4 0.834168
4 0.834293
4 0.834418
4 0.834543
4 0.834668
4 0.834793
4 0.834919
4 0.835044
4 0.835169
4 0.835294
4 0.835419
4 0.835544
4 0.83567
4 0.835795
4 0.83592
4 0.836045
4 0.83617
4 0.836295
4 0.836421
4 0.836546
4 0.836671
4 0.836796
4 0.836921
4 0.837046
4 0.837171
4 0.837297
4 0.837422
4 0.837547
4 0.837672
4 0.837797
4 0.837922
4 0.838048
4 0.838173
4 0.838298
4 0.838423
4 0.838548
4 0.838673
4 0.838798
4 0.838924
4 0.839049
4 0.839174
4 0.839299
4 0.839424
4 0.839549
4 0.839675
4 0.8398
4 0.839925
4 0.84005
4 0.840175
4 0.8403
4 0.840426
4 0.840551
4 0.840676
4 0.840801
4 0.840926
4 0.841051
4 0.841176
4 0.841302
4 0.841427
4 0.841552
4 0.841677
4 0.841802
4 0.841927
4 0.842053
4 0.842178
4 0.842303
4 0.842428
4 0.842553
4 0.842678
4 0.842804
4 0.842929
4 0.843054
4 0.843179
4 0.843304
4 0.843429
4 0.843554
4 0.84368
4 0.843805
4 0.84393
4 0.844055
4 0.84418
4 0.844305
4 0.844431
4 0.844556
4 0.844681
4 0.844806
4 0.844931
4 0.845056
4 0.845181
4 0.845307
4 0.845432
4 0.845557
4 0.845682
4 0.845807
4 0.845932
4 0.846058
4 0.846183
4 0.846308
4 0.846433
4 0.846558
4 0.846683
4 0.846809
4 0.846934
4 0.847059
4 0.847184
4 0.847309
4 0.847434
4 0.847559
4 0.847685
4 0.84781
4 0.847935
4 0.84806
4 0.848185
4 0.84831
4 0.848436
4 0.848561
4 0.848686
4 0.848811
4 0.848936
4 0.849061
4 0.849186
4 0.849312
4 0.849437
4 0.849562
4 0.849687
4 0.849812
4 0.849937
4 0.850063
4 0.850188
4 0.850313
4 0.850438
4 0.850563
4 0.850688
4 0.850814
4 0.850939
4 0.851064
4 0.851189
4 0.851314
4 0.851439
4 0.851564
4 0.85169
4 0.851815
4 0.85194
4 0.852065
4 0.85219
4 0.852315
4 0.852441
4 0.852566
4 0.852691
4 0.852816
4 0.852941
4 0.853066
4 0.853191
4 0.853317
4 0.853442
4 0.853567
4 0.853692
4 0.853817
4 0.853942
4 0.854068
4 0.854193
4 0.854318
4 0.854443
4 0.854568
4 0.854693
4 0.854819
4 0.854944
4 0.855069
4 0.855194
4 0.855319
4 0.855444
4 0.855569
4 0.855695
4 0.85582
4 0.855945
4 0.85607
4 0.856195
4 0.85632
4 0.856446
4 0.856571
4 0.856696
4 0.856821
4 0.856946
4 0.857071
4 0.857196
4 0.857322
4 0.857447
4 0.857572
4 0.857697
4 0.857822
4 0.857947
4 0.858073
4 0.858198
4 0.858323
4 0.858448
4 0.858573
4 0.858698
4 0.858824
4 0.858949
4 0.859074
4 0.859199
4 0.859324
4 0.859449
4 0.859574
4 0.8597
4 0.859825
4 0.85995
4 0.860075
4 0.8602
4 0.860325
4 0.860451
4 0.860576
4 0.860701
4 0.860826
4 0.860951
4 0.861076
4 0.861202
4 0.861327
4 0.861452
4 0.861577
4 0.861702
4 0.861827
4 0.861952
4 0.862078
4 0.862203
4 0.862328
4 0.862453
4 0.862578
4 0.862703
4 0.862829
4 0.862954
4 0.863079
4 0.863204
4 0.863329
4 0.863454
4 0.863579
4 0.863705
4 0.86383
4 0.863955
4 0.86408
4 0.864205
4 0.86433
4 0.864456
4 0.864581
4 0.864706
4 0.864831
4 0.864956
4 0.865081
4 0.865207
4 0.865332
4 0.865457
4 0.865582
4 0.865707
4 0.865832
4 0.865957
4 0.866083
4 0.866208
4 0.866333
4 0.866458
4 0.866583
4 0.866708
4 0.866834
4 0.866959
4 0.867084
4 0.867209
4 0.867334
4 0.867459
4 0.867584
4 0.86771
4 0.867835
4 0.86796
4 0.868085
4 0.86821
4 0.868335
4 0.868461
4 0.868586
4 0.868711
4 0.868836
4 0.868961
4 0.869086
4 0.869212
4 0.869337
4 0.869462
4 0.869587
4 0.869712
4 0.869837
4 0.869962
4 0.870088
4 0.870213
4 0.870338
4 0.870463
4 0.870588
4 0.870713
4 0.870839
4 0.870964
4 0.871089
4 0.871214
4 0.871339
4 0.871464
4 0.871589
4 0.871715
4 0.87184
4 0.871965
4 0.87209
4 0.872215
4 0.87234
4 0.872466
4 0.872591
4 0.872716
4 0.872841
4 0.872966
4 0.873091
4 0.873217
4 0.873342
4 0.873467
4 0.873592
4 0.873717
4 0.873842
4 0.873967
4 0.874093
4 0.874218
4 0.874343
4 0.874468
4 0.874593
4 0.874718
4 0.874844
4 0.874969
4 0.875094
4 0.875219
4 0.875344
4 0.875469
4 0.875594
4 0.87572
4 0.875845
4 0.87597
4 0.876095
4 0.87622
4 0.876345
4 0.876471
4 0.876596
4 0.876721
4 0.876846
4 0.876971
4 0.877096
4 0.877222
4 0.877347
4 0.877472
4 0.877597
4 0.877722
4 0.877847
4 0.877972
4 0.878098
4 0.878223
4 0.878348
4 0.878473
4 0.878598
4 0.878723
4 0.878849
4 0.878974
4 0.879099
4 0.879224
4 0.879349
4 0.879474
4 0.879599
4 0.879725
4 0.87985
4 0.879975
4 0.8801
4 0.880225
4 0.88035
4 0.880476
4 0.880601
4 0.880726
4 0.880851
4 0.880976
4 0.881101
4 0.881227
4 0.881352
4 0.881477
4 0.881602
4 0.881727
4 0.881852
4 0.881977
4 0.882103
4 0.882228
4 0.882353
4 0.882478
4 0.882603
4 0.882728
4 0.882854
4 0.882979
4 0.883104
4 0.883229
4 0.883354
4 0.883479
4 0.883605
4 0.88373
4 0.883855
4 0.88398
4 0.884105
4 0.88423
4 0.884355
4 0.884481
4 0.884606
4 0.884731
4 0.884856
4 0.884981
4 0.885106
4 0.885232
4 0.885357
4 0.885482
4 0.885607
4 0.885732
4 0.885857
4 0.885982
4 0.886108
4 0.886233
4 0.886358
4 0.886483
4 0.886608
4 0.886733
4 0.886859
4 0.886984
4 0.887109
4 0.887234
4 0.887359
4 0.887484
4 0.88761
4 0.887735
4 0.88786
4 0.887985
4 0.88811
4 0.888235
4 0.88836
4 0.888486
4 0.888611
4 0.888736
4 0.888861
4 0.888986
4 0.889111
4 0.889237
4 0.889362
4 0.889487
4 0.889612
4 0.889737
4 0.889862
4 0.889987
4 0.890113
4 0.890238
4 0.890363
4 0.890488
4 0.890613
4 0.890738
4 0.890864
4 0.890989
4 0.891114
4 0.891239
4 0.891364
4 0.891489
4 0.891615
4 0.89174
4 0.891865
4 0.89199
4 0.892115
4 0.89224
4 0.892365
4 0.892491
4 0.892616
4 0.892741
4 0.892866
4 0.892991
4 0.893116
4 0.893242
4 0.893367
4 0.893492
4 0.893617
4 0.893742
4 0.893867
4 0.893992
4 0.894118
4 0.894243
4 0.894368
4 0.894493
4 0.894618
4 0.894743
4 0.894869
4 0.894994
4 0.895119
4 0.895244
4 0.895369
4 0.895494
4 0.89562
4 0.895745
4 0.89587
4 0.895995
4 0.89612
4 0.896245
4 0.89637
4 0.896496
4 0.896621
4 0.896746
4 0.896871
4 0.896996
4 0.897121
4 0.897247
4 0.897372
4 0.897497
4 0.897622
4 0.897747
4 0.897872
4 0.897997
4 0.898123
4 0.898248
4 0.898373
4 0.898498
4 0.898623
4 0.898748
4 0.898874
4 0.898999
4 0.899124
4 0.899249
4 0.899374
4 0.899499
4 0.899625
4 0.89975
4 0.899875
4 0.9
4 0.900125
4 0.90025
4 0.900375
4 0.900501
4 0.900626
4 0.900751
4 0.900876
4 0.901001
4 0.901126
4 0.901252
4 0.901377
4 0.901502
4 0.901627
4 0.901752
4 0.901877
4 0.902003
4 0.902128
4 0.902253
4 0.902378
4 0.902503
4 0.902628
4 0.902753
4 0.902879
4 0.903004
4 0.903129
4 0.903254
4 0.903379
4 0.903504
4 0.90363
4 0.903755
4 0.90388
4 0.904005
4 0.90413
4 0.904255
4 0.90438
4 0.904506
4 0.904631
4 0.904756
4 0.904881
4 0.905006
4 0.905131
4 0.905257
4 0.905382
4 0.905507
4 0.905632
4 0.905757
4 0.905882
4 0.906008
4 0.906133
4 0.906258
4 0.906383
4 0.906508
4 0.906633
4 0.906758
4 0.906884
4 0.907009
4 0.907134
4 0.907259
4 0.907384
4 0.907509
4 0.907635
4 0.90776
4 0.907885
4 0.90801
4 0.908135
4 0.90826
4 0.908385
4 0.908511
4 0.908636
4 0.908761
4 0.908886
4 0.909011
4 0.909136
4 0.909262
4 0.909387
4 0.909512
4 0.909637
4 0.909762
4 0.909887
4 0.910013
4 0.910138
4 0.910263
4 0.910388
4 0.910513
4 0.910638
4 0.910763
4 0.910889
4 0.911014
4 0.911139
4 0.911264
4 0.911389
4 0.911514
4 0.91164
4 0.911765
4 0.91189
4 0.912015
4 0.91214
4 0.912265
4 0.91239
4 0.912516
4 0.912641
4 0.912766
4 0.912891
4 0.913016
4 0.913141
4 0.913267
4 0.913392
4 0.913517
4 0.913642
4 0.913767
4 0.913892
4 0.914018
4 0.914143
4 0.914268
4 0.914393
4 0.914518
4 0.914643
4 0.914768
4 0.914894
4 0.915019
4 0.915144
4 0.915269
4 0.915394
4 0.915519
4 0.915645
4 0.91577
4 0.915895
4 0.91602
4 0.916145
4 0.91627
4 0.916395
4 0.916521
4 0.916646
4 0.916771
4 0.916896
4 0.917021
4 0.917146
4 0.917272
4 0.917397
4 0.917522
4 0.917647
4 0.917772
4 0.917897
4 0.918023
4 0.918148
4 0.918273
4 0.918398
4 0.918523
4 0.918648
4 0.918773
4 0.918899
4 0.919024
4 0.919149
4 0.919274
4 0.919399
4 0.919524
4 0.91965
4 0.919775
4 0.9199
4 0.920025
4 0.92015
4 0.920275
4 0.920401
4 0.920526
4 0.920651
4 0.920776
4 0.920901
4 0.921026
4 0.921151
4 0.921277
4 0.921402
4 0.921527
4 0.921652
4 0.921777
4 0.921902
4 0.922028
4 0.922153
4 0.922278
4 0.922403
4 0.922528
4 0.922653
4 0.922778
4 0.922904
4 0.923029
4 0.923154
4 0.923279
4 0.923404
4 0.923529
4 0.923655
4 0.92378
4 0.923905
4 0.92403
4 0.924155
4 0.92428
4 0.924406
4 0.924531
4 0.924656
4 0.924781
4 0.924906
4 0.925031
4 0.925156
4 0.925282
4 0.925407
4 0.925532
4 0.925657
4 0.925782
4 0.925907
4 0.926033
4 0.926158
4 0.926283
4 0.926408
4 0.926533
4 0.926658
4 0.926783
4 0.926909
4 0.927034
4 0.927159
4 0.927284
4 0.927409
4 0.927534
4 0.92766
4 0.927785
4 0.92791
4 0.928035
4 0.92816
4 0.928285
4 0.928411
4 0.928536
4 0.928661
4 0.928786
4 0.928911
4 0.929036
4 0.929161
4 0.929287
4 0.929412
4 0.929537
4 0.929662
4 0.929787
4 0.929912
4 0.930038
4 0.930163
4 0.930288
4 0.930413
4 0.930538
4 0.930663
4 0.930788
4 0.930914
4 0.931039
4 0.931164
4 0.931289
4 0.931414
4 0.931539
4 0.931665
4 0.93179
4 0.931915
4 0.93204
4 0.932165
4 0.93229
4 0.932416
4 0.932541
4 0.932666
4 0.932791
4 0.932916
4 0.933041
4 0.933166
4 0.933292
4 0.933417
4 0.933542
4 0.933667
4 0.933792
4 0.933917
4 0.934043
4 0.934168
4 0.934293
4 0.934418
4 0.934543
4 0.934668
4 0.934793
4 0.934919
4 0.935044
4 0.935169
4 0.935294
4 0.935419
4 0.935544
4 0.93567
4 0.935795
4 0.93592
4 0.936045
4 0.93617
4 0.936295
4 0.936421
4 0.936546
4 0.936671
4 0.936796
4 0.936921
4 0.937046
4 0.937171
4 0.937297
4 0.937422
4 0.937547
4 0.937672
4 0.937797
4 0.937922
4 0.938048
4 0.938173
4 0.938298
4 0.938423
4 0.938548
4 0.938673
4 0.938798
4 0.938924
4 0.939049
4 0.939174
4 0.939299
4 0.939424
4 0.939549
4 0.939675
4 0.9398
4 0.939925
4 0.94005
4 0.940175
4 0.9403
4 0.940426
4 0.940551
4 0.940676
4 0.940801
4 0.940926
4 0.941051
4 0.941176
4 0.941302
4 0.941427
4 0.941552
4 0.941677
3 0.941802
3 0.941927
3 0.942053
3 0.942178
3 0.942303
3 0.942428
3 0.942553
3 0.942678
3 0.942804
3 0.942929
3 0.943054
3 0.943179
3 0.943304
3 0.943429
3 0.943554
3 0.94368
3 0.943805
3 0.94393
3 0.944055
3 0.94418
3 0.944305
3 0.944431
3 0.944556
3 0.944681
3 0.944806
3 0.944931
3 0.945056
3 0.945181
3 0.945307
3 0.945432
3 0.945557
3 0.945682
3 0.945807
3 0.945932
3 0.946058
3 0.946183
3 0.946308
3 0.946433
3 0.946558
3 0.946683
3 0.946809
3 0.946934
3 0.947059
3 0.947184
3 0.947309
3 0.947434
3 0.947559
3 0.947685
3 0.94781
3 0.947935
3 0.94806
3 0.948185
3 0.94831
3 0.948436
3 0.948561
3 0.948686
3 0.948811
3 0.948936
3 0.949061
3 0.949186
3 0.949312
3 0.949437
3 0.949562
3 0.949687
3 0.949812
3 0.949937
3 0.950063
3 0.950188
3 0.950313
3 0.950438
3 0.950563
3 0.950688
3 0.950814
3 0.950939
3 0.951064
3 0.951189
3 0.951314
3 0.951439
3 0.951564
3 0.95169
3 0.951815
3 0.95194
3 0.952065
3 0.95219
3 0.952315
3 0.952441
3 0.952566
3 0.952691
3 0.952816
3 0.952941
3 0.953066
3 0.953191
3 0.953317
3 0.953442
3 0.953567
3 0.953692
3 0.953817
3 0.953942
3 0.954068
3 0.954193
3 0.954318
3 0.954443
3 0.954568
3 0.954693
3 0.954819
3 0.954944
3 0.955069
3 0.955194
3 0.955319
3 0.955444
3 0.955569
3 0.955695
3 0.95582
3 0.955945
3 0.95607
3 0.956195
3 0.95632
3 0.956446
3 0.956571
3 0.956696
3 0.956821
3 0.956946
3 0.957071
3 0.957196
3 0.957322
3 0.957447
3 0.957572
3 0.957697
3 0.957822
3 0.957947
3 0.958073
3 0.958198
3 0.958323
3 0.958448
3 0.958573
3 0.958698
3 0.958824
3 0.958949
3 0.959074
3 0.959199
3 0.959324
3 0.959449
3 0.959574
3 0.9597
3 0.959825
3 0.95995
3 0.960075
3 0.9602
3 0.960325
3 0.960451
3 0.960576
3 0.960701
3 0.960826
3 0.960951
3 0.961076
3 0.961202
3 0.961327
3 0.961452
3 0.961577
3 0.961702
3 0.961827
3 0.961952
3 0.962078
3 0.962203
3 0.962328
3 0.962453
3 0.962578
3 0.962703
3 0.962829
3 0.962954
3 0.963079
3 0.963204
3 0.963329
3 0.963454
3 0.963579
3 0.963705
3 0.96383
3 0.963955
3 0.96408
3 0.964205
3 0.96433
3 0.964456
3 0.964581
3 0.964706
3 0.964831
3 0.964956
3 0.965081
3 0.965207
3 0.965332
3 0.965457
3 0.965582
3 0.965707
3 0.965832
3 0.965957
3 0.966083
3 0.966208
3 0.966333
3 0.966458
3 0.966583
3 0.966708
3 0.966834
3 0.966959
3 0.967084
3 0.967209
3 0.967334
3 0.967459
3 0.967584
3 0.96771
3 0.967835
3 0.96796
3 0.968085
3 0.96821
3 0.968335
3 0.968461
3 0.968586
3 0.968711
3 0.968836
3 0.968961
3 0.969086
3 0.969212
3 0.969337
3 0.969462
3 0.969587
3 0.969712
3 0.969837
3 0.969962
3 0.970088
3 0.970213
3 0.970338
3 0.970463
3 0.970588
3 0.970713
3 0.970839
3 0.970964
3 0.971089
3 0.971214
3 0.971339
3 0.971464
3 0.971589
3 0.971715
3 0.97184
3 0.971965
3 0.97209
3 0.972215
3 0.97234
3 0.972466
3 0.972591
3 0.972716
3 0.972841
3 0.972966
3 0.973091
3 0.973217
3 0.973342
3 0.973467
3 0.973592
3 0.973717
3 0.973842
3 0.973967
3 0.974093
3 0.974218
3 0.974343
3 0.974468
3 0.974593
3 0.974718
3 0.974844
3 0.974969
3 0.975094
3 0.975219
3 0.975344
3 0.975469
3 0.975594
3 0.97572
3 0.975845
3 0.97597
3 0.976095
3 0.97622
3 0.976345
3 0.976471
3 0.976596
3 0.976721
3 0.976846
3 0.976971
3 0.977096
3 0.977222
3 0.977347
3 0.977472
3 0.977597
3 0.977722
3 0.977847
3 0.977972
3 0.978098
3 0.978223
3 0.978348
3 0.978473
3 0.978598
3 0.978723
3 0.978849
3 0.978974
3 0.979099
3 0.979224
3 0.979349
3 0.979474
3 0.979599
3 0.979725
3 0.97985
3 0.979975
3 0.9801
3 0.980225
3 0.98035
3 0.980476
3 0.980601
3 0.980726
3 0.980851
3 0.980976
3 0.981101
3 0.981227
3 0.981352
3 0.981477
3 0.981602
3 0.981727
3 0.981852
3 0.981977
3 0.982103
3 0.982228
3 0.982353
3 0.982478
3 0.982603
3 0.982728
3 0.982854
3 0.982979
3 0.983104
3 0.983229
3 0.983354
3 0.983479
3 0.983605
3 0.98373
3 0.983855
3 0.98398
3 0.984105
3 0.98423
3 0.984355
3 0.984481
3 0.984606
3 0.984731
3 0.984856
3 0.984981
3 0.985106
3 0.985232
3 0.985357
3 0.985482
3 0.985607
3 0.985732
3 0.985857
3 0.985982
3 0.986108
3 0.986233
3 0.986358
3 0.986483
3 0.986608
3 0.986733
3 0.986859
3 0.986984
3 0.987109
3 0.987234
3 0.987359
3 0.987484
3 0.98761
3 0.987735
3 0.98786
3 0.987985
3 0.98811
3 0.988235
3 0.98836
3 0.988486
3 0.988611
3 0.988736
3 0.988861
3 0.988986
3 0.989111
3 0.989237
3 0.989362
3 0.989487
3 0.989612
3 0.989737
3 0.989862
3 0.989987
3 0.990113
3 0.990238
3 0.990363
3 0.990488
3 0.990613
3 0.990738
3 0.990864
3 0.990989
3 0.991114
3 0.991239
3 0.991364
3 0.991489
3 0.991615
3 0.99174
3 0.991865
3 0.99199
3 0.992115
3 0.99224
3 0.992365
3 0.992491
3 0.992616
3 0.992741
3 0.992866
3 0.992991
3 0.993116
2 0.993242
2 0.993367
2 0.993492
2 0.993617
2 0.993742
2 0.993867
2 0.993992
2 0.994118
2 0.994243
2 0.994368
2 0.994493
2 0.994618
2 0.994743
2 0.994869
2 0.994994
2 0.995119
2 0.995244
2 0.995369
2 0.995494
2 0.99562
2 0.995745
2 0.99587
2 0.995995
2 0.99612
2 0.996245
2 0.99637
2 0.996496
2 0.996621
2 0.996746
2 0.996871
2 0.996996
2 0.997121
2 0.997247
2 0.997372
2 0.997497
2 0.997622
2 0.997747
2 0.997872
2 0.997997
2 0.998123
2 0.998248
2 0.998373
2 0.998498
2 0.998623
2 0.998748
2 0.998874
2 0.998999
2 0.999124
2 0.999249
2 0.999374
2 0.999499
1 0.999625
1 0.99975
1 0.999875
1 1
