5727 0.000168862
94 0.000337724
62 0.000506586
62 0.000675447
58 0.000844309
46 0.00101317
46 0.00118203
42 0.00135089
41 0.00151976
40 0.00168862
40 0.00185748
39 0.00202634
37 0.0021952
36 0.00236407
35 0.00253293
35 0.00270179
35 0.00287065
33 0.00303951
31 0.00320838
31 0.00337724
31 0.0035461
31 0.00371496
30 0.00388382
29 0.00405268
28 0.00422155
28 0.00439041
27 0.00455927
27 0.00472813
27 0.00489699
27 0.00506586
26 0.00523472
26 0.00540358
26 0.00557244
26 0.0057413
25 0.00591017
25 0.00607903
25 0.00624789
25 0.00641675
24 0.00658561
24 0.00675447
24 0.00692334
24 0.0070922
23 0.00726106
23 0.00742992
23 0.00759878
23 0.00776765
22 0.00793651
22 0.00810537
22 0.00827423
22 0.00844309
22 0.00861196
22 0.00878082
22 0.00894968
21 0.00911854
21 0.0092874
21 0.00945626
21 0.00962513
21 0.00979399
21 0.00996285
20 0.0101317
20 0.0103006
20 0.0104694
20 0.0106383
20 0.0108072
20 0.010976
20 0.0111449
19 0.0113137
19 0.0114826
19 0.0116515
19 0.0118203
19 0.0119892
19 0.0121581
19 0.0123269
19 0.0124958
19 0.0126646
19 0.0128335
19 0.0130024
19 0.0131712
19 0.0133401
19 0.0135089
18 0.0136778
18 0.0138467
18 0.0140155
18 0.0141844
18 0.0143533
18 0.0145221
18 0.014691
18 0.0148598
18 0.0150287
18 0.0151976
18 0.0153664
18 0.0155353
18 0.0157042
18 0.015873
18 0.0160419
18 0.0162107
18 0.0163796
18 0.0165485
18 0.0167173
18 0.0168862
18 0.017055
18 0.0172239
18 0.0173928
18 0.0175616
17 0.0177305
17 0.0178994
17 0.0180682
17 0.0182371
17 0.0184059
17 0.0185748
17 0.0187437
17 0.0189125
17 0.0190814
17 0.0192503
17 0.0194191
17 0.019588
17 0.0197568
17 0.0199257
17 0.0200946
17 0.0202634
17 0.0204323
17 0.0206011
17 0.02077
17 0.0209389
17 0.0211077
17 0.0212766
17 0.0214455
16 0.0216143
16 0.0217832
16 0.021952
16 0.0221209
16 0.0222898
16 0.0224586
16 0.0226275
16 0.0227964
16 0.0229652
16 0.0231341
16 0.0233029
16 0.0234718
16 0.0236407
16 0.0238095
16 0.0239784
16 0.0241472
16 0.0243161
16 0.024485
16 0.0246538
15 0.0248227
15 0.0249916
15 0.0251604
15 0.0253293
15 0.0254981
15 0.025667
15 0.0258359
15 0.0260047
15 0.0261736
15 0.0263425
15 0.0265113
15 0.0266802
15 0.026849
15 0.0270179
15 0.0271868
15 0.0273556
15 0.0275245
15 0.0276933
15 0.0278622
15 0.0280311
15 0.0281999
15 0.0283688
15 0.0285377
15 0.0287065
15 0.0288754
15 0.0290442
15 0.0292131
15 0.029382
15 0.0295508
15 0.0297197
15 0.0298886
15 0.0300574
15 0.0302263
14 0.0303951
14 0.030564
14 0.0307329
14 0.0309017
14 0.0310706
14 0.0312394
14 0.0314083
14 0.0315772
14 0.031746
14 0.0319149
14 0.0320838
14 0.0322526
14 0.0324215
14 0.0325903
14 0.0327592
14 0.0329281
14 0.0330969
14 0.0332658
14 0.0334347
14 0.0336035
14 0.0337724
14 0.0339412
14 0.0341101
14 0.034279
14 0.0344478
14 0.0346167
14 0.0347855
14 0.0349544
14 0.0351233
14 0.0352921
14 0.035461
14 0.0356299
14 0.0357987
14 0.0359676
14 0.0361364
14 0.0363053
14 0.0364742
14 0.036643
14 0.0368119
14 0.0369807
14 0.0371496
14 0.0373185
14 0.0374873
14 0.0376562
14 0.0378251
13 0.0379939
13 0.0381628
13 0.0383316
13 0.0385005
13 0.0386694
13 0.0388382
13 0.0390071
13 0.039176
13 0.0393448
13 0.0395137
13 0.0396825
13 0.0398514
13 0.0400203
13 0.0401891
13 0.040358
13 0.0405268
13 0.0406957
13 0.0408646
13 0.0410334
13 0.0412023
13 0.0413712
13 0.04154
13 0.0417089
13 0.0418777
13 0.0420466
13 0.0422155
13 0.0423843
13 0.0425532
13 0.0427221
13 0.0428909
13 0.0430598
13 0.0432286
13 0.0433975
13 0.0435664
13 0.0437352
13 0.0439041
13 0.0440729
13 0.0442418
13 0.0444107
13 0.0445795
13 0.0447484
12 0.0449173
12 0.0450861
12 0.045255
12 0.0454238
12 0.0455927
12 0.0457616
12 0.0459304
12 0.0460993
12 0.0462682
12 0.046437
12 0.0466059
12 0.0467747
12 0.0469436
12 0.0471125
12 0.0472813
12 0.0474502
12 0.047619
12 0.0477879
12 0.0479568
12 0.0481256
12 0.0482945
12 0.0484634
12 0.0486322
12 0.0488011
12 0.0489699
12 0.0491388
12 0.0493077
12 0.0494765
12 0.0496454
12 0.0498143
12 0.0499831
12 0.050152
12 0.0503208
12 0.0504897
12 0.0506586
12 0.0508274
12 0.0509963
12 0.0511651
12 0.051334
12 0.0515029
12 0.0516717
12 0.0518406
12 0.0520095
12 0.0521783
12 0.0523472
12 0.052516
12 0.0526849
12 0.0528538
12 0.0530226
12 0.0531915
12 0.0533604
12 0.0535292
11 0.0536981
11 0.0538669
11 0.0540358
11 0.0542047
11 0.0543735
11 0.0545424
11 0.0547112
11 0.0548801
11 0.055049
11 0.0552178
11 0.0553867
11 0.0555556
11 0.0557244
11 0.0558933
11 0.0560621
11 0.056231
11 0.0563999
11 0.0565687
11 0.0567376
11 0.0569065
11 0.0570753
11 0.0572442
11 0.057413
11 0.0575819
11 0.0577508
11 0.0579196
11 0.0580885
11 0.0582573
11 0.0584262
11 0.0585951
11 0.0587639
11 0.0589328
11 0.0591017
11 0.0592705
11 0.0594394
11 0.0596082
11 0.0597771
11 0.059946
11 0.0601148
11 0.0602837
11 0.0604525
11 0.0606214
11 0.0607903
11 0.0609591
11 0.061128
11 0.0612969
11 0.0614657
11 0.0616346
11 0.0618034
11 0.0619723
11 0.0621412
11 0.06231
11 0.0624789
11 0.0626478
11 0.0628166
11 0.0629855
11 0.0631543
11 0.0633232
11 0.0634921
11 0.0636609
11 0.0638298
11 0.0639986
11 0.0641675
11 0.0643364
11 0.0645052
11 0.0646741
11 0.064843
11 0.0650118
11 0.0651807
11 0.0653495
11 0.0655184
11 0.0656873
11 0.0658561
11 0.066025
11 0.0661939
11 0.0663627
11 0.0665316
11 0.0667004
11 0.0668693
11 0.0670382
11 0.067207
11 0.0673759
11 0.0675447
11 0.0677136
11 0.0678825
11 0.0680513
11 0.0682202
11 0.0683891
11 0.0685579
11 0.0687268
11 0.0688956
11 0.0690645
11 0.0692334
11 0.0694022
11 0.0695711
11 0.06974
11 0.0699088
11 0.0700777
11 0.0702465
11 0.0704154
11 0.0705843
11 0.0707531
11 0.070922
11 0.0710908
11 0.0712597
11 0.0714286
11 0.0715974
11 0.0717663
11 0.0719352
11 0.072104
10 0.0722729
10 0.0724417
10 0.0726106
10 0.0727795
10 0.0729483
10 0.0731172
10 0.0732861
10 0.0734549
10 0.0736238
10 0.0737926
10 0.0739615
10 0.0741304
10 0.0742992
10 0.0744681
10 0.0746369
10 0.0748058
10 0.0749747
10 0.0751435
10 0.0753124
10 0.0754813
10 0.0756501
10 0.075819
10 0.0759878
10 0.0761567
10 0.0763256
10 0.0764944
10 0.0766633
10 0.0768322
10 0.077001
10 0.0771699
10 0.0773387
10 0.0775076
10 0.0776765
10 0.0778453
10 0.0780142
10 0.078183
10 0.0783519
10 0.0785208
10 0.0786896
10 0.0788585
10 0.0790274
10 0.0791962
10 0.0793651
10 0.0795339
10 0.0797028
10 0.0798717
10 0.0800405
10 0.0802094
10 0.0803783
10 0.0805471
10 0.080716
10 0.0808848
10 0.0810537
10 0.0812226
10 0.0813914
10 0.0815603
10 0.0817291
10 0.081898
10 0.0820669
10 0.0822357
10 0.0824046
10 0.0825735
10 0.0827423
10 0.0829112
10 0.08308
10 0.0832489
10 0.0834178
10 0.0835866
10 0.0837555
10 0.0839243
10 0.0840932
10 0.0842621
10 0.0844309
10 0.0845998
10 0.0847687
10 0.0849375
10 0.0851064
10 0.0852752
10 0.0854441
10 0.085613
10 0.0857818
10 0.0859507
10 0.0861196
10 0.0862884
10 0.0864573
10 0.0866261
10 0.086795
10 0.0869639
10 0.0871327
10 0.0873016
10 0.0874704
10 0.0876393
10 0.0878082
10 0.087977
10 0.0881459
10 0.0883148
10 0.0884836
10 0.0886525
10 0.0888213
10 0.0889902
10 0.0891591
10 0.0893279
10 0.0894968
10 0.0896657
10 0.0898345
10 0.0900034
10 0.0901722
10 0.0903411
10 0.09051
10 0.0906788
10 0.0908477
10 0.0910165
10 0.0911854
10 0.0913543
10 0.0915231
10 0.091692
10 0.0918609
10 0.0920297
10 0.0921986
10 0.0923674
10 0.0925363
10 0.0927052
10 0.092874
10 0.0930429
10 0.0932118
10 0.0933806
10 0.0935495
10 0.0937183
10 0.0938872
10 0.0940561
10 0.0942249
10 0.0943938
10 0.0945626
10 0.0947315
10 0.0949004
10 0.0950692
10 0.0952381
10 0.095407
10 0.0955758
9 0.0957447
9 0.0959135
9 0.0960824
9 0.0962513
9 0.0964201
9 0.096589
9 0.0967579
9 0.0969267
9 0.0970956
9 0.0972644
9 0.0974333
9 0.0976022
9 0.097771
9 0.0979399
9 0.0981087
9 0.0982776
9 0.0984465
9 0.0986153
9 0.0987842
9 0.0989531
9 0.0991219
9 0.0992908
9 0.0994596
9 0.0996285
9 0.0997974
9 0.0999662
9 0.100135
9 0.100304
9 0.100473
9 0.100642
9 0.100811
9 0.100979
9 0.101148
9 0.101317
9 0.101486
9 0.101655
9 0.101824
9 0.101993
9 0.102161
9 0.10233
9 0.102499
9 0.102668
9 0.102837
9 0.103006
9 0.103175
9 0.103343
9 0.103512
9 0.103681
9 0.10385
9 0.104019
9 0.104188
9 0.104357
9 0.104525
9 0.104694
9 0.104863
9 0.105032
9 0.105201
9 0.10537
9 0.105539
9 0.105708
9 0.105876
9 0.106045
9 0.106214
9 0.106383
9 0.106552
9 0.106721
9 0.10689
9 0.107058
9 0.107227
9 0.107396
9 0.107565
9 0.107734
9 0.107903
9 0.108072
9 0.10824
9 0.108409
9 0.108578
9 0.108747
9 0.108916
9 0.109085
9 0.109254
9 0.109422
9 0.109591
9 0.10976
9 0.109929
9 0.110098
9 0.110267
9 0.110436
9 0.110605
9 0.110773
9 0.110942
9 0.111111
9 0.11128
9 0.111449
9 0.111618
9 0.111787
9 0.111955
9 0.112124
9 0.112293
9 0.112462
9 0.112631
9 0.1128
9 0.112969
9 0.113137
9 0.113306
9 0.113475
9 0.113644
9 0.113813
9 0.113982
9 0.114151
9 0.114319
9 0.114488
9 0.114657
9 0.114826
9 0.114995
9 0.115164
9 0.115333
9 0.115502
9 0.11567
9 0.115839
9 0.116008
9 0.116177
9 0.116346
9 0.116515
9 0.116684
9 0.116852
9 0.117021
9 0.11719
9 0.117359
9 0.117528
9 0.117697
9 0.117866
9 0.118034
9 0.118203
9 0.118372
9 0.118541
9 0.11871
9 0.118879
9 0.119048
9 0.119216
9 0.119385
9 0.119554
9 0.119723
9 0.119892
9 0.120061
9 0.12023
9 0.120399
9 0.120567
9 0.120736
9 0.120905
9 0.121074
9 0.121243
9 0.121412
9 0.121581
9 0.121749
9 0.121918
9 0.122087
9 0.122256
9 0.122425
9 0.122594
9 0.122763
9 0.122931
9 0.1231
9 0.123269
9 0.123438
9 0.123607
9 0.123776
9 0.123945
9 0.124113
9 0.124282
9 0.124451
9 0.12462
9 0.124789
9 0.124958
9 0.125127
9 0.125296
9 0.125464
9 0.125633
9 0.125802
9 0.125971
9 0.12614
8 0.126309
8 0.126478
8 0.126646
8 0.126815
8 0.126984
8 0.127153
8 0.127322
8 0.127491
8 0.12766
8 0.127828
8 0.127997
8 0.128166
8 0.128335
8 0.128504
8 0.128673
8 0.128842
8 0.12901
8 0.129179
8 0.129348
8 0.129517
8 0.129686
8 0.129855
8 0.130024
8 0.130193
8 0.130361
8 0.13053
8 0.130699
8 0.130868
8 0.131037
8 0.131206
8 0.131375
8 0.131543
8 0.131712
8 0.131881
8 0.13205
8 0.132219
8 0.132388
8 0.132557
8 0.132725
8 0.132894
8 0.133063
8 0.133232
8 0.133401
8 0.13357
8 0.133739
8 0.133907
8 0.134076
8 0.134245
8 0.134414
8 0.134583
8 0.134752
8 0.134921
8 0.135089
8 0.135258
8 0.135427
8 0.135596
8 0.135765
8 0.135934
8 0.136103
8 0.136272
8 0.13644
8 0.136609
8 0.136778
8 0.136947
8 0.137116
8 0.137285
8 0.137454
8 0.137622
8 0.137791
8 0.13796
8 0.138129
8 0.138298
8 0.138467
8 0.138636
8 0.138804
8 0.138973
8 0.139142
8 0.139311
8 0.13948
8 0.139649
8 0.139818
8 0.139986
8 0.140155
8 0.140324
8 0.140493
8 0.140662
8 0.140831
8 0.141
8 0.141169
8 0.141337
8 0.141506
8 0.141675
8 0.141844
8 0.142013
8 0.142182
8 0.142351
8 0.142519
8 0.142688
8 0.142857
8 0.143026
8 0.143195
8 0.143364
8 0.143533
8 0.143701
8 0.14387
8 0.144039
8 0.144208
8 0.144377
8 0.144546
8 0.144715
8 0.144883
8 0.145052
8 0.145221
8 0.14539
8 0.145559
8 0.145728
8 0.145897
8 0.146066
8 0.146234
8 0.146403
8 0.146572
8 0.146741
8 0.14691
8 0.147079
8 0.147248
8 0.147416
8 0.147585
8 0.147754
8 0.147923
8 0.148092
8 0.148261
8 0.14843
8 0.148598
8 0.148767
8 0.148936
8 0.149105
8 0.149274
8 0.149443
8 0.149612
8 0.14978
8 0.149949
8 0.150118
8 0.150287
8 0.150456
8 0.150625
8 0.150794
8 0.150963
8 0.151131
8 0.1513
8 0.151469
8 0.151638
8 0.151807
8 0.151976
8 0.152145
8 0.152313
8 0.152482
8 0.152651
8 0.15282
8 0.152989
8 0.153158
8 0.153327
8 0.153495
8 0.153664
8 0.153833
8 0.154002
8 0.154171
8 0.15434
8 0.154509
8 0.154677
8 0.154846
8 0.155015
8 0.155184
8 0.155353
8 0.155522
8 0.155691
8 0.15586
8 0.156028
8 0.156197
8 0.156366
8 0.156535
8 0.156704
8 0.156873
8 0.157042
8 0.15721
8 0.157379
8 0.157548
8 0.157717
8 0.157886
8 0.158055
8 0.158224
8 0.158392
8 0.158561
8 0.15873
8 0.158899
8 0.159068
8 0.159237
8 0.159406
8 0.159574
8 0.159743
8 0.159912
8 0.160081
8 0.16025
8 0.160419
8 0.160588
8 0.160757
8 0.160925
8 0.161094
8 0.161263
8 0.161432
8 0.161601
8 0.16177
8 0.161939
8 0.162107
8 0.162276
8 0.162445
8 0.162614
8 0.162783
8 0.162952
8 0.163121
8 0.163289
8 0.163458
8 0.163627
8 0.163796
8 0.163965
8 0.164134
8 0.164303
8 0.164471
8 0.16464
8 0.164809
8 0.164978
8 0.165147
8 0.165316
8 0.165485
8 0.165653
8 0.165822
8 0.165991
8 0.16616
8 0.166329
8 0.166498
8 0.166667
8 0.166836
8 0.167004
8 0.167173
8 0.167342
8 0.167511
8 0.16768
8 0.167849
8 0.168018
8 0.168186
8 0.168355
8 0.168524
8 0.168693
8 0.168862
8 0.169031
8 0.1692
8 0.169368
8 0.169537
8 0.169706
8 0.169875
8 0.170044
8 0.170213
8 0.170382
8 0.17055
8 0.170719
8 0.170888
8 0.171057
8 0.171226
8 0.171395
8 0.171564
8 0.171733
8 0.171901
8 0.17207
8 0.172239
8 0.172408
7 0.172577
7 0.172746
7 0.172915
7 0.173083
7 0.173252
7 0.173421
7 0.17359
7 0.173759
7 0.173928
7 0.174097
7 0.174265
7 0.174434
7 0.174603
7 0.174772
7 0.174941
7 0.17511
7 0.175279
7 0.175447
7 0.175616
7 0.175785
7 0.175954
7 0.176123
7 0.176292
7 0.176461
7 0.17663
7 0.176798
7 0.176967
7 0.177136
7 0.177305
7 0.177474
7 0.177643
7 0.177812
7 0.17798
7 0.178149
7 0.178318
7 0.178487
7 0.178656
7 0.178825
7 0.178994
7 0.179162
7 0.179331
7 0.1795
7 0.179669
7 0.179838
7 0.180007
7 0.180176
7 0.180344
7 0.180513
7 0.180682
7 0.180851
7 0.18102
7 0.181189
7 0.181358
7 0.181527
7 0.181695
7 0.181864
7 0.182033
7 0.182202
7 0.182371
7 0.18254
7 0.182709
7 0.182877
7 0.183046
7 0.183215
7 0.183384
7 0.183553
7 0.183722
7 0.183891
7 0.184059
7 0.184228
7 0.184397
7 0.184566
7 0.184735
7 0.184904
7 0.185073
7 0.185241
7 0.18541
7 0.185579
7 0.185748
7 0.185917
7 0.186086
7 0.186255
7 0.186424
7 0.186592
7 0.186761
7 0.18693
7 0.187099
7 0.187268
7 0.187437
7 0.187606
7 0.187774
7 0.187943
7 0.188112
7 0.188281
7 0.18845
7 0.188619
7 0.188788
7 0.188956
7 0.189125
7 0.189294
7 0.189463
7 0.189632
7 0.189801
7 0.18997
7 0.190138
7 0.190307
7 0.190476
7 0.190645
7 0.190814
7 0.190983
7 0.191152
7 0.19132
7 0.191489
7 0.191658
7 0.191827
7 0.191996
7 0.192165
7 0.192334
7 0.192503
7 0.192671
7 0.19284
7 0.193009
7 0.193178
7 0.193347
7 0.193516
7 0.193685
7 0.193853
7 0.194022
7 0.194191
7 0.19436
7 0.194529
7 0.194698
7 0.194867
7 0.195035
7 0.195204
7 0.195373
7 0.195542
7 0.195711
7 0.19588
7 0.196049
7 0.196217
7 0.196386
7 0.196555
7 0.196724
7 0.196893
7 0.197062
7 0.197231
7 0.1974
7 0.197568
7 0.197737
7 0.197906
7 0.198075
7 0.198244
7 0.198413
7 0.198582
7 0.19875
7 0.198919
7 0.199088
7 0.199257
7 0.199426
7 0.199595
7 0.199764
7 0.199932
7 0.200101
7 0.20027
7 0.200439
7 0.200608
7 0.200777
7 0.200946
7 0.201114
7 0.201283
7 0.201452
7 0.201621
7 0.20179
7 0.201959
7 0.202128
7 0.202297
7 0.202465
7 0.202634
7 0.202803
7 0.202972
7 0.203141
7 0.20331
7 0.203479
7 0.203647
7 0.203816
7 0.203985
7 0.204154
7 0.204323
7 0.204492
7 0.204661
7 0.204829
7 0.204998
7 0.205167
7 0.205336
7 0.205505
7 0.205674
7 0.205843
7 0.206011
7 0.20618
7 0.206349
7 0.206518
7 0.206687
7 0.206856
7 0.207025
7 0.207194
7 0.207362
7 0.207531
7 0.2077
7 0.207869
7 0.208038
7 0.208207
7 0.208376
7 0.208544
7 0.208713
7 0.208882
7 0.209051
7 0.20922
7 0.209389
7 0.209558
7 0.209726
7 0.209895
7 0.210064
7 0.210233
7 0.210402
7 0.210571
7 0.21074
7 0.210908
7 0.211077
7 0.211246
7 0.211415
7 0.211584
7 0.211753
7 0.211922
7 0.212091
7 0.212259
7 0.212428
7 0.212597
7 0.212766
7 0.212935
7 0.213104
7 0.213273
7 0.213441
7 0.21361
7 0.213779
7 0.213948
7 0.214117
7 0.214286
7 0.214455
7 0.214623
7 0.214792
7 0.214961
7 0.21513
7 0.215299
7 0.215468
7 0.215637
7 0.215805
7 0.215974
7 0.216143
7 0.216312
7 0.216481
7 0.21665
7 0.216819
7 0.216988
7 0.217156
7 0.217325
7 0.217494
7 0.217663
7 0.217832
7 0.218001
7 0.21817
7 0.218338
7 0.218507
7 0.218676
7 0.218845
7 0.219014
7 0.219183
7 0.219352
7 0.21952
7 0.219689
7 0.219858
7 0.220027
7 0.220196
7 0.220365
7 0.220534
7 0.220702
7 0.220871
7 0.22104
7 0.221209
7 0.221378
7 0.221547
7 0.221716
7 0.221884
7 0.222053
7 0.222222
7 0.222391
7 0.22256
7 0.222729
7 0.222898
7 0.223067
7 0.223235
7 0.223404
7 0.223573
7 0.223742
7 0.223911
7 0.22408
7 0.224249
7 0.224417
7 0.224586
7 0.224755
7 0.224924
7 0.225093
7 0.225262
7 0.225431
7 0.225599
7 0.225768
7 0.225937
7 0.226106
7 0.226275
7 0.226444
7 0.226613
7 0.226781
7 0.22695
7 0.227119
7 0.227288
7 0.227457
7 0.227626
7 0.227795
7 0.227964
7 0.228132
7 0.228301
7 0.22847
7 0.228639
7 0.228808
7 0.228977
7 0.229146
7 0.229314
7 0.229483
7 0.229652
7 0.229821
7 0.22999
7 0.230159
7 0.230328
7 0.230496
7 0.230665
7 0.230834
7 0.231003
7 0.231172
7 0.231341
7 0.23151
7 0.231678
7 0.231847
7 0.232016
7 0.232185
7 0.232354
7 0.232523
7 0.232692
7 0.232861
7 0.233029
7 0.233198
7 0.233367
7 0.233536
7 0.233705
7 0.233874
7 0.234043
7 0.234211
7 0.23438
7 0.234549
7 0.234718
7 0.234887
7 0.235056
7 0.235225
7 0.235393
7 0.235562
7 0.235731
7 0.2359
7 0.236069
7 0.236238
7 0.236407
7 0.236575
7 0.236744
7 0.236913
7 0.237082
7 0.237251
7 0.23742
7 0.237589
7 0.237758
7 0.237926
7 0.238095
7 0.238264
7 0.238433
7 0.238602
7 0.238771
7 0.23894
7 0.239108
7 0.239277
7 0.239446
7 0.239615
7 0.239784
7 0.239953
7 0.240122
7 0.24029
7 0.240459
7 0.240628
7 0.240797
6 0.240966
6 0.241135
6 0.241304
6 0.241472
6 0.241641
6 0.24181
6 0.241979
6 0.242148
6 0.242317
6 0.242486
6 0.242655
6 0.242823
6 0.242992
6 0.243161
6 0.24333
6 0.243499
6 0.243668
6 0.243837
6 0.244005
6 0.244174
6 0.244343
6 0.244512
6 0.244681
6 0.24485
6 0.245019
6 0.245187
6 0.245356
6 0.245525
6 0.245694
6 0.245863
6 0.246032
6 0.246201
6 0.246369
6 0.246538
6 0.246707
6 0.246876
6 0.247045
6 0.247214
6 0.247383
6 0.247552
6 0.24772
6 0.247889
6 0.248058
6 0.248227
6 0.248396
6 0.248565
6 0.248734
6 0.248902
6 0.249071
6 0.24924
6 0.249409
6 0.249578
6 0.249747
6 0.249916
6 0.250084
6 0.250253
6 0.250422
6 0.250591
6 0.25076
6 0.250929
6 0.251098
6 0.251266
6 0.251435
6 0.251604
6 0.251773
6 0.251942
6 0.252111
6 0.25228
6 0.252448
6 0.252617
6 0.252786
6 0.252955
6 0.253124
6 0.253293
6 0.253462
6 0.253631
6 0.253799
6 0.253968
6 0.254137
6 0.254306
6 0.254475
6 0.254644
6 0.254813
6 0.254981
6 0.25515
6 0.255319
6 0.255488
6 0.255657
6 0.255826
6 0.255995
6 0.256163
6 0.256332
6 0.256501
6 0.25667
6 0.256839
6 0.257008
6 0.257177
6 0.257345
6 0.257514
6 0.257683
6 0.257852
6 0.258021
6 0.25819
6 0.258359
6 0.258528
6 0.258696
6 0.258865
6 0.259034
6 0.259203
6 0.259372
6 0.259541
6 0.25971
6 0.259878
6 0.260047
6 0.260216
6 0.260385
6 0.260554
6 0.260723
6 0.260892
6 0.26106
6 0.261229
6 0.261398
6 0.261567
6 0.261736
6 0.261905
6 0.262074
6 0.262242
6 0.262411
6 0.26258
6 0.262749
6 0.262918
6 0.263087
6 0.263256
6 0.263425
6 0.263593
6 0.263762
6 0.263931
6 0.2641
6 0.264269
6 0.264438
6 0.264607
6 0.264775
6 0.264944
6 0.265113
6 0.265282
6 0.265451
6 0.26562
6 0.265789
6 0.265957
6 0.266126
6 0.266295
6 0.266464
6 0.266633
6 0.266802
6 0.266971
6 0.267139
6 0.267308
6 0.267477
6 0.267646
6 0.267815
6 0.267984
6 0.268153
6 0.268322
6 0.26849
6 0.268659
6 0.268828
6 0.268997
6 0.269166
6 0.269335
6 0.269504
6 0.269672
6 0.269841
6 0.27001
6 0.270179
6 0.270348
6 0.270517
6 0.270686
6 0.270854
6 0.271023
6 0.271192
6 0.271361
6 0.27153
6 0.271699
6 0.271868
6 0.272036
6 0.272205
6 0.272374
6 0.272543
6 0.272712
6 0.272881
6 0.27305
6 0.273219
6 0.273387
6 0.273556
6 0.273725
6 0.273894
6 0.274063
6 0.274232
6 0.274401
6 0.274569
6 0.274738
6 0.274907
6 0.275076
6 0.275245
6 0.275414
6 0.275583
6 0.275751
6 0.27592
6 0.276089
6 0.276258
6 0.276427
6 0.276596
6 0.276765
6 0.276933
6 0.277102
6 0.277271
6 0.27744
6 0.277609
6 0.277778
6 0.277947
6 0.278116
6 0.278284
6 0.278453
6 0.278622
6 0.278791
6 0.27896
6 0.279129
6 0.279298
6 0.279466
6 0.279635
6 0.279804
6 0.279973
6 0.280142
6 0.280311
6 0.28048
6 0.280648
6 0.280817
6 0.280986
6 0.281155
6 0.281324
6 0.281493
6 0.281662
6 0.28183
6 0.281999
6 0.282168
6 0.282337
6 0.282506
6 0.282675
6 0.282844
6 0.283012
6 0.283181
6 0.28335
6 0.283519
6 0.283688
6 0.283857
6 0.284026
6 0.284195
6 0.284363
6 0.284532
6 0.284701
6 0.28487
6 0.285039
6 0.285208
6 0.285377
6 0.285545
6 0.285714
6 0.285883
6 0.286052
6 0.286221
6 0.28639
6 0.286559
6 0.286727
6 0.286896
6 0.287065
6 0.287234
6 0.287403
6 0.287572
6 0.287741
6 0.287909
6 0.288078
6 0.288247
6 0.288416
6 0.288585
6 0.288754
6 0.288923
6 0.289092
6 0.28926
6 0.289429
6 0.289598
6 0.289767
6 0.289936
6 0.290105
6 0.290274
6 0.290442
6 0.290611
6 0.29078
6 0.290949
6 0.291118
6 0.291287
6 0.291456
6 0.291624
6 0.291793
6 0.291962
6 0.292131
6 0.2923
6 0.292469
6 0.292638
6 0.292806
6 0.292975
6 0.293144
6 0.293313
6 0.293482
6 0.293651
6 0.29382
6 0.293989
6 0.294157
6 0.294326
6 0.294495
6 0.294664
6 0.294833
6 0.295002
6 0.295171
6 0.295339
6 0.295508
6 0.295677
6 0.295846
6 0.296015
6 0.296184
6 0.296353
6 0.296521
6 0.29669
6 0.296859
6 0.297028
6 0.297197
6 0.297366
6 0.297535
6 0.297703
6 0.297872
6 0.298041
6 0.29821
6 0.298379
6 0.298548
6 0.298717
6 0.298886
6 0.299054
6 0.299223
6 0.299392
6 0.299561
6 0.29973
6 0.299899
6 0.300068
6 0.300236
6 0.300405
6 0.300574
6 0.300743
6 0.300912
6 0.301081
6 0.30125
6 0.301418
6 0.301587
6 0.301756
6 0.301925
6 0.302094
6 0.302263
6 0.302432
6 0.3026
6 0.302769
6 0.302938
6 0.303107
6 0.303276
6 0.303445
6 0.303614
6 0.303783
6 0.303951
6 0.30412
6 0.304289
6 0.304458
6 0.304627
6 0.304796
6 0.304965
6 0.305133
6 0.305302
6 0.305471
6 0.30564
6 0.305809
6 0.305978
6 0.306147
6 0.306315
6 0.306484
6 0.306653
6 0.306822
6 0.306991
6 0.30716
6 0.307329
6 0.307497
6 0.307666
6 0.307835
6 0.308004
6 0.308173
6 0.308342
6 0.308511
6 0.30868
6 0.308848
6 0.309017
6 0.309186
6 0.309355
6 0.309524
6 0.309693
6 0.309862
6 0.31003
6 0.310199
6 0.310368
6 0.310537
6 0.310706
6 0.310875
6 0.311044
6 0.311212
6 0.311381
6 0.31155
6 0.311719
6 0.311888
6 0.312057
6 0.312226
6 0.312394
6 0.312563
6 0.312732
6 0.312901
6 0.31307
6 0.313239
6 0.313408
6 0.313576
6 0.313745
6 0.313914
6 0.314083
6 0.314252
6 0.314421
6 0.31459
6 0.314759
6 0.314927
6 0.315096
6 0.315265
6 0.315434
6 0.315603
6 0.315772
6 0.315941
6 0.316109
6 0.316278
6 0.316447
6 0.316616
6 0.316785
6 0.316954
6 0.317123
6 0.317291
6 0.31746
6 0.317629
6 0.317798
6 0.317967
6 0.318136
6 0.318305
6 0.318473
6 0.318642
6 0.318811
6 0.31898
6 0.319149
6 0.319318
6 0.319487
6 0.319656
6 0.319824
6 0.319993
6 0.320162
6 0.320331
6 0.3205
6 0.320669
6 0.320838
6 0.321006
6 0.321175
6 0.321344
6 0.321513
6 0.321682
6 0.321851
6 0.32202
6 0.322188
6 0.322357
6 0.322526
6 0.322695
6 0.322864
6 0.323033
6 0.323202
6 0.32337
6 0.323539
6 0.323708
6 0.323877
6 0.324046
6 0.324215
6 0.324384
6 0.324553
6 0.324721
6 0.32489
6 0.325059
6 0.325228
6 0.325397
6 0.325566
6 0.325735
6 0.325903
6 0.326072
6 0.326241
6 0.32641
6 0.326579
6 0.326748
6 0.326917
6 0.327085
6 0.327254
6 0.327423
6 0.327592
6 0.327761
6 0.32793
6 0.328099
6 0.328267
6 0.328436
6 0.328605
6 0.328774
6 0.328943
6 0.329112
6 0.329281
6 0.32945
6 0.329618
6 0.329787
6 0.329956
6 0.330125
6 0.330294
6 0.330463
6 0.330632
6 0.3308
6 0.330969
6 0.331138
6 0.331307
6 0.331476
6 0.331645
6 0.331814
6 0.331982
6 0.332151
6 0.33232
6 0.332489
6 0.332658
6 0.332827
6 0.332996
6 0.333164
6 0.333333
6 0.333502
6 0.333671
6 0.33384
6 0.334009
6 0.334178
6 0.334347
6 0.334515
6 0.334684
6 0.334853
6 0.335022
6 0.335191
6 0.33536
6 0.335529
6 0.335697
6 0.335866
6 0.336035
6 0.336204
6 0.336373
6 0.336542
6 0.336711
6 0.336879
6 0.337048
6 0.337217
6 0.337386
6 0.337555
6 0.337724
6 0.337893
6 0.338061
6 0.33823
6 0.338399
6 0.338568
6 0.338737
6 0.338906
6 0.339075
6 0.339243
6 0.339412
6 0.339581
6 0.33975
6 0.339919
6 0.340088
6 0.340257
6 0.340426
6 0.340594
6 0.340763
6 0.340932
6 0.341101
6 0.34127
6 0.341439
6 0.341608
6 0.341776
6 0.341945
6 0.342114
6 0.342283
6 0.342452
6 0.342621
6 0.34279
6 0.342958
6 0.343127
6 0.343296
6 0.343465
6 0.343634
6 0.343803
6 0.343972
6 0.34414
6 0.344309
6 0.344478
6 0.344647
6 0.344816
6 0.344985
6 0.345154
6 0.345323
6 0.345491
6 0.34566
6 0.345829
6 0.345998
6 0.346167
6 0.346336
6 0.346505
6 0.346673
6 0.346842
6 0.347011
6 0.34718
6 0.347349
6 0.347518
6 0.347687
6 0.347855
6 0.348024
6 0.348193
6 0.348362
6 0.348531
6 0.3487
6 0.348869
6 0.349037
6 0.349206
6 0.349375
6 0.349544
6 0.349713
6 0.349882
6 0.350051
6 0.35022
6 0.350388
6 0.350557
6 0.350726
6 0.350895
6 0.351064
6 0.351233
6 0.351402
6 0.35157
5 0.351739
5 0.351908
5 0.352077
5 0.352246
5 0.352415
5 0.352584
5 0.352752
5 0.352921
5 0.35309
5 0.353259
5 0.353428
5 0.353597
5 0.353766
5 0.353934
5 0.354103
5 0.354272
5 0.354441
5 0.35461
5 0.354779
5 0.354948
5 0.355117
5 0.355285
5 0.355454
5 0.355623
5 0.355792
5 0.355961
5 0.35613
5 0.356299
5 0.356467
5 0.356636
5 0.356805
5 0.356974
5 0.357143
5 0.357312
5 0.357481
5 0.357649
5 0.357818
5 0.357987
5 0.358156
5 0.358325
5 0.358494
5 0.358663
5 0.358831
5 0.359
5 0.359169
5 0.359338
5 0.359507
5 0.359676
5 0.359845
5 0.360014
5 0.360182
5 0.360351
5 0.36052
5 0.360689
5 0.360858
5 0.361027
5 0.361196
5 0.361364
5 0.361533
5 0.361702
5 0.361871
5 0.36204
5 0.362209
5 0.362378
5 0.362546
5 0.362715
5 0.362884
5 0.363053
5 0.363222
5 0.363391
5 0.36356
5 0.363728
5 0.363897
5 0.364066
5 0.364235
5 0.364404
5 0.364573
5 0.364742
5 0.364911
5 0.365079
5 0.365248
5 0.365417
5 0.365586
5 0.365755
5 0.365924
5 0.366093
5 0.366261
5 0.36643
5 0.366599
5 0.366768
5 0.366937
5 0.367106
5 0.367275
5 0.367443
5 0.367612
5 0.367781
5 0.36795
5 0.368119
5 0.368288
5 0.368457
5 0.368625
5 0.368794
5 0.368963
5 0.369132
5 0.369301
5 0.36947
5 0.369639
5 0.369807
5 0.369976
5 0.370145
5 0.370314
5 0.370483
5 0.370652
5 0.370821
5 0.37099
5 0.371158
5 0.371327
5 0.371496
5 0.371665
5 0.371834
5 0.372003
5 0.372172
5 0.37234
5 0.372509
5 0.372678
5 0.372847
5 0.373016
5 0.373185
5 0.373354
5 0.373522
5 0.373691
5 0.37386
5 0.374029
5 0.374198
5 0.374367
5 0.374536
5 0.374704
5 0.374873
5 0.375042
5 0.375211
5 0.37538
5 0.375549
5 0.375718
5 0.375887
5 0.376055
5 0.376224
5 0.376393
5 0.376562
5 0.376731
5 0.3769
5 0.377069
5 0.377237
5 0.377406
5 0.377575
5 0.377744
5 0.377913
5 0.378082
5 0.378251
5 0.378419
5 0.378588
5 0.378757
5 0.378926
5 0.379095
5 0.379264
5 0.379433
5 0.379601
5 0.37977
5 0.379939
5 0.380108
5 0.380277
5 0.380446
5 0.380615
5 0.380784
5 0.380952
5 0.381121
5 0.38129
5 0.381459
5 0.381628
5 0.381797
5 0.381966
5 0.382134
5 0.382303
5 0.382472
5 0.382641
5 0.38281
5 0.382979
5 0.383148
5 0.383316
5 0.383485
5 0.383654
5 0.383823
5 0.383992
5 0.384161
5 0.38433
5 0.384498
5 0.384667
5 0.384836
5 0.385005
5 0.385174
5 0.385343
5 0.385512
5 0.385681
5 0.385849
5 0.386018
5 0.386187
5 0.386356
5 0.386525
5 0.386694
5 0.386863
5 0.387031
5 0.3872
5 0.387369
5 0.387538
5 0.387707
5 0.387876
5 0.388045
5 0.388213
5 0.388382
5 0.388551
5 0.38872
5 0.388889
5 0.389058
5 0.389227
5 0.389395
5 0.389564
5 0.389733
5 0.389902
5 0.390071
5 0.39024
5 0.390409
5 0.390578
5 0.390746
5 0.390915
5 0.391084
5 0.391253
5 0.391422
5 0.391591
5 0.39176
5 0.391928
5 0.392097
5 0.392266
5 0.392435
5 0.392604
5 0.392773
5 0.392942
5 0.39311
5 0.393279
5 0.393448
5 0.393617
5 0.393786
5 0.393955
5 0.394124
5 0.394292
5 0.394461
5 0.39463
5 0.394799
5 0.394968
5 0.395137
5 0.395306
5 0.395475
5 0.395643
5 0.395812
5 0.395981
5 0.39615
5 0.396319
5 0.396488
5 0.396657
5 0.396825
5 0.396994
5 0.397163
5 0.397332
5 0.397501
5 0.39767
5 0.397839
5 0.398007
5 0.398176
5 0.398345
5 0.398514
5 0.398683
5 0.398852
5 0.399021
5 0.399189
5 0.399358
5 0.399527
5 0.399696
5 0.399865
5 0.400034
5 0.400203
5 0.400371
5 0.40054
5 0.400709
5 0.400878
5 0.401047
5 0.401216
5 0.401385
5 0.401554
5 0.401722
5 0.401891
5 0.40206
5 0.402229
5 0.402398
5 0.402567
5 0.402736
5 0.402904
5 0.403073
5 0.403242
5 0.403411
5 0.40358
5 0.403749
5 0.403918
5 0.404086
5 0.404255
5 0.404424
5 0.404593
5 0.404762
5 0.404931
5 0.4051
5 0.405268
5 0.405437
5 0.405606
5 0.405775
5 0.405944
5 0.406113
5 0.406282
5 0.406451
5 0.406619
5 0.406788
5 0.406957
5 0.407126
5 0.407295
5 0.407464
5 0.407633
5 0.407801
5 0.40797
5 0.408139
5 0.408308
5 0.408477
5 0.408646
5 0.408815
5 0.408983
5 0.409152
5 0.409321
5 0.40949
5 0.409659
5 0.409828
5 0.409997
5 0.410165
5 0.410334
5 0.410503
5 0.410672
5 0.410841
5 0.41101
5 0.411179
5 0.411348
5 0.411516
5 0.411685
5 0.411854
5 0.412023
5 0.412192
5 0.412361
5 0.41253
5 0.412698
5 0.412867
5 0.413036
5 0.413205
5 0.413374
5 0.413543
5 0.413712
5 0.41388
5 0.414049
5 0.414218
5 0.414387
5 0.414556
5 0.414725
5 0.414894
5 0.415062
5 0.415231
5 0.4154
5 0.415569
5 0.415738
5 0.415907
5 0.416076
5 0.416245
5 0.416413
5 0.416582
5 0.416751
5 0.41692
5 0.417089
5 0.417258
5 0.417427
5 0.417595
5 0.417764
5 0.417933
5 0.418102
5 0.418271
5 0.41844
5 0.418609
5 0.418777
5 0.418946
5 0.419115
5 0.419284
5 0.419453
5 0.419622
5 0.419791
5 0.419959
5 0.420128
5 0.420297
5 0.420466
5 0.420635
5 0.420804
5 0.420973
5 0.421142
5 0.42131
5 0.421479
5 0.421648
5 0.421817
5 0.421986
5 0.422155
5 0.422324
5 0.422492
5 0.422661
5 0.42283
5 0.422999
5 0.423168
5 0.423337
5 0.423506
5 0.423674
5 0.423843
5 0.424012
5 0.424181
5 0.42435
5 0.424519
5 0.424688
5 0.424856
5 0.425025
5 0.425194
5 0.425363
5 0.425532
5 0.425701
5 0.42587
5 0.426039
5 0.426207
5 0.426376
5 0.426545
5 0.426714
5 0.426883
5 0.427052
5 0.427221
5 0.427389
5 0.427558
5 0.427727
5 0.427896
5 0.428065
5 0.428234
5 0.428403
5 0.428571
5 0.42874
5 0.428909
5 0.429078
5 0.429247
5 0.429416
5 0.429585
5 0.429753
5 0.429922
5 0.430091
5 0.43026
5 0.430429
5 0.430598
5 0.430767
5 0.430935
5 0.431104
5 0.431273
5 0.431442
5 0.431611
5 0.43178
5 0.431949
5 0.432118
5 0.432286
5 0.432455
5 0.432624
5 0.432793
5 0.432962
5 0.433131
5 0.4333
5 0.433468
5 0.433637
5 0.433806
5 0.433975
5 0.434144
5 0.434313
5 0.434482
5 0.43465
5 0.434819
5 0.434988
5 0.435157
5 0.435326
5 0.435495
5 0.435664
5 0.435832
5 0.436001
5 0.43617
5 0.436339
5 0.436508
5 0.436677
5 0.436846
5 0.437015
5 0.437183
5 0.437352
5 0.437521
5 0.43769
5 0.437859
5 0.438028
5 0.438197
5 0.438365
5 0.438534
5 0.438703
5 0.438872
5 0.439041
5 0.43921
5 0.439379
5 0.439547
5 0.439716
5 0.439885
5 0.440054
5 0.440223
5 0.440392
5 0.440561
5 0.440729
5 0.440898
5 0.441067
5 0.441236
5 0.441405
5 0.441574
5 0.441743
5 0.441912
5 0.44208
5 0.442249
5 0.442418
5 0.442587
5 0.442756
5 0.442925
5 0.443094
5 0.443262
5 0.443431
5 0.4436
5 0.443769
5 0.443938
5 0.444107
5 0.444276
5 0.444444
5 0.444613
5 0.444782
5 0.444951
5 0.44512
5 0.445289
5 0.445458
5 0.445626
5 0.445795
5 0.445964
5 0.446133
5 0.446302
5 0.446471
5 0.44664
5 0.446809
5 0.446977
5 0.447146
5 0.447315
5 0.447484
5 0.447653
5 0.447822
5 0.447991
5 0.448159
5 0.448328
5 0.448497
5 0.448666
5 0.448835
5 0.449004
5 0.449173
5 0.449341
5 0.44951
5 0.449679
5 0.449848
5 0.450017
5 0.450186
5 0.450355
5 0.450523
5 0.450692
5 0.450861
5 0.45103
5 0.451199
5 0.451368
5 0.451537
5 0.451706
5 0.451874
5 0.452043
5 0.452212
5 0.452381
5 0.45255
5 0.452719
5 0.452888
5 0.453056
5 0.453225
5 0.453394
5 0.453563
5 0.453732
5 0.453901
5 0.45407
5 0.454238
5 0.454407
5 0.454576
5 0.454745
5 0.454914
5 0.455083
5 0.455252
5 0.45542
5 0.455589
5 0.455758
5 0.455927
5 0.456096
5 0.456265
5 0.456434
5 0.456602
5 0.456771
5 0.45694
5 0.457109
5 0.457278
5 0.457447
5 0.457616
5 0.457785
5 0.457953
5 0.458122
5 0.458291
5 0.45846
5 0.458629
5 0.458798
5 0.458967
5 0.459135
5 0.459304
5 0.459473
5 0.459642
5 0.459811
5 0.45998
5 0.460149
5 0.460317
5 0.460486
5 0.460655
5 0.460824
5 0.460993
5 0.461162
5 0.461331
5 0.461499
5 0.461668
5 0.461837
5 0.462006
5 0.462175
5 0.462344
5 0.462513
5 0.462682
5 0.46285
5 0.463019
5 0.463188
5 0.463357
5 0.463526
5 0.463695
5 0.463864
5 0.464032
5 0.464201
5 0.46437
5 0.464539
5 0.464708
5 0.464877
5 0.465046
5 0.465214
5 0.465383
5 0.465552
5 0.465721
5 0.46589
5 0.466059
5 0.466228
5 0.466396
5 0.466565
5 0.466734
5 0.466903
5 0.467072
5 0.467241
5 0.46741
5 0.467579
5 0.467747
5 0.467916
5 0.468085
5 0.468254
5 0.468423
5 0.468592
5 0.468761
5 0.468929
5 0.469098
5 0.469267
5 0.469436
5 0.469605
5 0.469774
5 0.469943
5 0.470111
5 0.47028
5 0.470449
5 0.470618
5 0.470787
5 0.470956
5 0.471125
5 0.471293
5 0.471462
5 0.471631
5 0.4718
5 0.471969
5 0.472138
5 0.472307
5 0.472476
5 0.472644
5 0.472813
5 0.472982
5 0.473151
5 0.47332
5 0.473489
5 0.473658
5 0.473826
5 0.473995
5 0.474164
5 0.474333
5 0.474502
5 0.474671
5 0.47484
5 0.475008
5 0.475177
5 0.475346
5 0.475515
5 0.475684
5 0.475853
5 0.476022
5 0.47619
5 0.476359
5 0.476528
5 0.476697
5 0.476866
5 0.477035
5 0.477204
5 0.477373
5 0.477541
5 0.47771
5 0.477879
5 0.478048
5 0.478217
5 0.478386
5 0.478555
5 0.478723
5 0.478892
5 0.479061
5 0.47923
5 0.479399
5 0.479568
5 0.479737
5 0.479905
5 0.480074
5 0.480243
5 0.480412
5 0.480581
5 0.48075
5 0.480919
5 0.481087
5 0.481256
5 0.481425
5 0.481594
5 0.481763
5 0.481932
5 0.482101
5 0.48227
5 0.482438
5 0.482607
5 0.482776
5 0.482945
5 0.483114
5 0.483283
5 0.483452
5 0.48362
5 0.483789
5 0.483958
5 0.484127
5 0.484296
5 0.484465
5 0.484634
5 0.484802
5 0.484971
5 0.48514
5 0.485309
5 0.485478
5 0.485647
5 0.485816
5 0.485984
5 0.486153
5 0.486322
5 0.486491
5 0.48666
5 0.486829
5 0.486998
5 0.487166
5 0.487335
5 0.487504
5 0.487673
5 0.487842
5 0.488011
5 0.48818
5 0.488349
5 0.488517
5 0.488686
5 0.488855
5 0.489024
5 0.489193
5 0.489362
5 0.489531
5 0.489699
5 0.489868
5 0.490037
5 0.490206
5 0.490375
5 0.490544
5 0.490713
5 0.490881
5 0.49105
5 0.491219
5 0.491388
5 0.491557
5 0.491726
5 0.491895
5 0.492063
5 0.492232
5 0.492401
5 0.49257
5 0.492739
5 0.492908
5 0.493077
5 0.493246
5 0.493414
5 0.493583
5 0.493752
5 0.493921
5 0.49409
5 0.494259
5 0.494428
5 0.494596
5 0.494765
5 0.494934
5 0.495103
5 0.495272
5 0.495441
5 0.49561
5 0.495778
5 0.495947
5 0.496116
5 0.496285
5 0.496454
5 0.496623
5 0.496792
5 0.49696
5 0.497129
5 0.497298
5 0.497467
5 0.497636
5 0.497805
5 0.497974
5 0.498143
5 0.498311
5 0.49848
5 0.498649
5 0.498818
5 0.498987
5 0.499156
5 0.499325
5 0.499493
5 0.499662
5 0.499831
5 0.5
5 0.500169
5 0.500338
5 0.500507
5 0.500675
5 0.500844
5 0.501013
5 0.501182
5 0.501351
5 0.50152
5 0.501689
5 0.501857
5 0.502026
5 0.502195
5 0.502364
5 0.502533
5 0.502702
5 0.502871
5 0.50304
5 0.503208
5 0.503377
5 0.503546
5 0.503715
5 0.503884
5 0.504053
5 0.504222
5 0.50439
5 0.504559
5 0.504728
5 0.504897
5 0.505066
5 0.505235
5 0.505404
5 0.505572
5 0.505741
5 0.50591
5 0.506079
5 0.506248
5 0.506417
5 0.506586
5 0.506754
5 0.506923
5 0.507092
5 0.507261
5 0.50743
5 0.507599
5 0.507768
5 0.507937
5 0.508105
5 0.508274
5 0.508443
5 0.508612
5 0.508781
5 0.50895
5 0.509119
5 0.509287
5 0.509456
5 0.509625
5 0.509794
5 0.509963
5 0.510132
5 0.510301
5 0.510469
5 0.510638
5 0.510807
5 0.510976
5 0.511145
5 0.511314
5 0.511483
5 0.511651
5 0.51182
5 0.511989
5 0.512158
5 0.512327
5 0.512496
5 0.512665
5 0.512834
5 0.513002
5 0.513171
5 0.51334
5 0.513509
5 0.513678
5 0.513847
5 0.514016
5 0.514184
5 0.514353
5 0.514522
5 0.514691
5 0.51486
5 0.515029
5 0.515198
5 0.515366
5 0.515535
5 0.515704
5 0.515873
5 0.516042
5 0.516211
5 0.51638
5 0.516548
5 0.516717
5 0.516886
5 0.517055
5 0.517224
5 0.517393
5 0.517562
5 0.51773
5 0.517899
5 0.518068
5 0.518237
5 0.518406
5 0.518575
5 0.518744
5 0.518913
5 0.519081
5 0.51925
5 0.519419
5 0.519588
5 0.519757
5 0.519926
5 0.520095
5 0.520263
5 0.520432
5 0.520601
5 0.52077
5 0.520939
5 0.521108
5 0.521277
5 0.521445
5 0.521614
5 0.521783
5 0.521952
5 0.522121
5 0.52229
5 0.522459
5 0.522627
5 0.522796
5 0.522965
5 0.523134
5 0.523303
5 0.523472
5 0.523641
5 0.52381
5 0.523978
5 0.524147
5 0.524316
5 0.524485
5 0.524654
5 0.524823
5 0.524992
5 0.52516
5 0.525329
5 0.525498
5 0.525667
5 0.525836
5 0.526005
5 0.526174
5 0.526342
5 0.526511
5 0.52668
5 0.526849
5 0.527018
5 0.527187
5 0.527356
5 0.527524
5 0.527693
5 0.527862
5 0.528031
5 0.5282
5 0.528369
5 0.528538
5 0.528707
5 0.528875
5 0.529044
5 0.529213
5 0.529382
5 0.529551
5 0.52972
5 0.529889
5 0.530057
5 0.530226
5 0.530395
5 0.530564
5 0.530733
5 0.530902
5 0.531071
5 0.531239
5 0.531408
5 0.531577
5 0.531746
5 0.531915
5 0.532084
5 0.532253
5 0.532421
5 0.53259
5 0.532759
5 0.532928
5 0.533097
5 0.533266
5 0.533435
5 0.533604
5 0.533772
5 0.533941
5 0.53411
5 0.534279
5 0.534448
5 0.534617
5 0.534786
5 0.534954
5 0.535123
5 0.535292
5 0.535461
5 0.53563
5 0.535799
5 0.535968
5 0.536136
5 0.536305
5 0.536474
5 0.536643
5 0.536812
5 0.536981
4 0.53715
4 0.537318
4 0.537487
4 0.537656
4 0.537825
4 0.537994
4 0.538163
4 0.538332
4 0.538501
4 0.538669
4 0.538838
4 0.539007
4 0.539176
4 0.539345
4 0.539514
4 0.539683
4 0.539851
4 0.54002
4 0.540189
4 0.540358
4 0.540527
4 0.540696
4 0.540865
4 0.541033
4 0.541202
4 0.541371
4 0.54154
4 0.541709
4 0.541878
4 0.542047
4 0.542215
4 0.542384
4 0.542553
4 0.542722
4 0.542891
4 0.54306
4 0.543229
4 0.543398
4 0.543566
4 0.543735
4 0.543904
4 0.544073
4 0.544242
4 0.544411
4 0.54458
4 0.544748
4 0.544917
4 0.545086
4 0.545255
4 0.545424
4 0.545593
4 0.545762
4 0.54593
4 0.546099
4 0.546268
4 0.546437
4 0.546606
4 0.546775
4 0.546944
4 0.547112
4 0.547281
4 0.54745
4 0.547619
4 0.547788
4 0.547957
4 0.548126
4 0.548294
4 0.548463
4 0.548632
4 0.548801
4 0.54897
4 0.549139
4 0.549308
4 0.549477
4 0.549645
4 0.549814
4 0.549983
4 0.550152
4 0.550321
4 0.55049
4 0.550659
4 0.550827
4 0.550996
4 0.551165
4 0.551334
4 0.551503
4 0.551672
4 0.551841
4 0.552009
4 0.552178
4 0.552347
4 0.552516
4 0.552685
4 0.552854
4 0.553023
4 0.553191
4 0.55336
4 0.553529
4 0.553698
4 0.553867
4 0.554036
4 0.554205
4 0.554374
4 0.554542
4 0.554711
4 0.55488
4 0.555049
4 0.555218
4 0.555387
4 0.555556
4 0.555724
4 0.555893
4 0.556062
4 0.556231
4 0.5564
4 0.556569
4 0.556738
4 0.556906
4 0.557075
4 0.557244
4 0.557413
4 0.557582
4 0.557751
4 0.55792
4 0.558088
4 0.558257
4 0.558426
4 0.558595
4 0.558764
4 0.558933
4 0.559102
4 0.559271
4 0.559439
4 0.559608
4 0.559777
4 0.559946
4 0.560115
4 0.560284
4 0.560453
4 0.560621
4 0.56079
4 0.560959
4 0.561128
4 0.561297
4 0.561466
4 0.561635
4 0.561803
4 0.561972
4 0.562141
4 0.56231
4 0.562479
4 0.562648
4 0.562817
4 0.562985
4 0.563154
4 0.563323
4 0.563492
4 0.563661
4 0.56383
4 0.563999
4 0.564168
4 0.564336
4 0.564505
4 0.564674
4 0.564843
4 0.565012
4 0.565181
4 0.56535
4 0.565518
4 0.565687
4 0.565856
4 0.566025
4 0.566194
4 0.566363
4 0.566532
4 0.5667
4 0.566869
4 0.567038
4 0.567207
4 0.567376
4 0.567545
4 0.567714
4 0.567882
4 0.568051
4 0.56822
4 0.568389
4 0.568558
4 0.568727
4 0.568896
4 0.569065
4 0.569233
4 0.569402
4 0.569571
4 0.56974
4 0.569909
4 0.570078
4 0.570247
4 0.570415
4 0.570584
4 0.570753
4 0.570922
4 0.571091
4 0.57126
4 0.571429
4 0.571597
4 0.571766
4 0.571935
4 0.572104
4 0.572273
4 0.572442
4 0.572611
4 0.572779
4 0.572948
4 0.573117
4 0.573286
4 0.573455
4 0.573624
4 0.573793
4 0.573961
4 0.57413
4 0.574299
4 0.574468
4 0.574637
4 0.574806
4 0.574975
4 0.575144
4 0.575312
4 0.575481
4 0.57565
4 0.575819
4 0.575988
4 0.576157
4 0.576326
4 0.576494
4 0.576663
4 0.576832
4 0.577001
4 0.57717
4 0.577339
4 0.577508
4 0.577676
4 0.577845
4 0.578014
4 0.578183
4 0.578352
4 0.578521
4 0.57869
4 0.578858
4 0.579027
4 0.579196
4 0.579365
4 0.579534
4 0.579703
4 0.579872
4 0.580041
4 0.580209
4 0.580378
4 0.580547
4 0.580716
4 0.580885
4 0.581054
4 0.581223
4 0.581391
4 0.58156
4 0.581729
4 0.581898
4 0.582067
4 0.582236
4 0.582405
4 0.582573
4 0.582742
4 0.582911
4 0.58308
4 0.583249
4 0.583418
4 0.583587
4 0.583755
4 0.583924
4 0.584093
4 0.584262
4 0.584431
4 0.5846
4 0.584769
4 0.584938
4 0.585106
4 0.585275
4 0.585444
4 0.585613
4 0.585782
4 0.585951
4 0.58612
4 0.586288
4 0.586457
4 0.586626
4 0.586795
4 0.586964
4 0.587133
4 0.587302
4 0.58747
4 0.587639
4 0.587808
4 0.587977
4 0.588146
4 0.588315
4 0.588484
4 0.588652
4 0.588821
4 0.58899
4 0.589159
4 0.589328
4 0.589497
4 0.589666
4 0.589835
4 0.590003
4 0.590172
4 0.590341
4 0.59051
4 0.590679
4 0.590848
4 0.591017
4 0.591185
4 0.591354
4 0.591523
4 0.591692
4 0.591861
4 0.59203
4 0.592199
4 0.592367
4 0.592536
4 0.592705
4 0.592874
4 0.593043
4 0.593212
4 0.593381
4 0.593549
4 0.593718
4 0.593887
4 0.594056
4 0.594225
4 0.594394
4 0.594563
4 0.594732
4 0.5949
4 0.595069
4 0.595238
4 0.595407
4 0.595576
4 0.595745
4 0.595914
4 0.596082
4 0.596251
4 0.59642
4 0.596589
4 0.596758
4 0.596927
4 0.597096
4 0.597264
4 0.597433
4 0.597602
4 0.597771
4 0.59794
4 0.598109
4 0.598278
4 0.598446
4 0.598615
4 0.598784
4 0.598953
4 0.599122
4 0.599291
4 0.59946
4 0.599629
4 0.599797
4 0.599966
4 0.600135
4 0.600304
4 0.600473
4 0.600642
4 0.600811
4 0.600979
4 0.601148
4 0.601317
4 0.601486
4 0.601655
4 0.601824
4 0.601993
4 0.602161
4 0.60233
4 0.602499
4 0.602668
4 0.602837
4 0.603006
4 0.603175
4 0.603343
4 0.603512
4 0.603681
4 0.60385
4 0.604019
4 0.604188
4 0.604357
4 0.604525
4 0.604694
4 0.604863
4 0.605032
4 0.605201
4 0.60537
4 0.605539
4 0.605708
4 0.605876
4 0.606045
4 0.606214
4 0.606383
4 0.606552
4 0.606721
4 0.60689
4 0.607058
4 0.607227
4 0.607396
4 0.607565
4 0.607734
4 0.607903
4 0.608072
4 0.60824
4 0.608409
4 0.608578
4 0.608747
4 0.608916
4 0.609085
4 0.609254
4 0.609422
4 0.609591
4 0.60976
4 0.609929
4 0.610098
4 0.610267
4 0.610436
4 0.610605
4 0.610773
4 0.610942
4 0.611111
4 0.61128
4 0.611449
4 0.611618
4 0.611787
4 0.611955
4 0.612124
4 0.612293
4 0.612462
4 0.612631
4 0.6128
4 0.612969
4 0.613137
4 0.613306
4 0.613475
4 0.613644
4 0.613813
4 0.613982
4 0.614151
4 0.614319
4 0.614488
4 0.614657
4 0.614826
4 0.614995
4 0.615164
4 0.615333
4 0.615502
4 0.61567
4 0.615839
4 0.616008
4 0.616177
4 0.616346
4 0.616515
4 0.616684
4 0.616852
4 0.617021
4 0.61719
4 0.617359
4 0.617528
4 0.617697
4 0.617866
4 0.618034
4 0.618203
4 0.618372
4 0.618541
4 0.61871
4 0.618879
4 0.619048
4 0.619216
4 0.619385
4 0.619554
4 0.619723
4 0.619892
4 0.620061
4 0.62023
4 0.620399
4 0.620567
4 0.620736
4 0.620905
4 0.621074
4 0.621243
4 0.621412
4 0.621581
4 0.621749
4 0.621918
4 0.622087
4 0.622256
4 0.622425
4 0.622594
4 0.622763
4 0.622931
4 0.6231
4 0.623269
4 0.623438
4 0.623607
4 0.623776
4 0.623945
4 0.624113
4 0.624282
4 0.624451
4 0.62462
4 0.624789
4 0.624958
4 0.625127
4 0.625296
4 0.625464
4 0.625633
4 0.625802
4 0.625971
4 0.62614
4 0.626309
4 0.626478
4 0.626646
4 0.626815
4 0.626984
4 0.627153
4 0.627322
4 0.627491
4 0.62766
4 0.627828
4 0.627997
4 0.628166
4 0.628335
4 0.628504
4 0.628673
4 0.628842
4 0.62901
4 0.629179
4 0.629348
4 0.629517
4 0.629686
4 0.629855
4 0.630024
4 0.630193
4 0.630361
4 0.63053
4 0.630699
4 0.630868
4 0.631037
4 0.631206
4 0.631375
4 0.631543
4 0.631712
4 0.631881
4 0.63205
4 0.632219
4 0.632388
4 0.632557
4 0.632725
4 0.632894
4 0.633063
4 0.633232
4 0.633401
4 0.63357
4 0.633739
4 0.633907
4 0.634076
4 0.634245
4 0.634414
4 0.634583
4 0.634752
4 0.634921
4 0.635089
4 0.635258
4 0.635427
4 0.635596
4 0.635765
4 0.635934
4 0.636103
4 0.636272
4 0.63644
4 0.636609
4 0.636778
4 0.636947
4 0.637116
4 0.637285
4 0.637454
4 0.637622
4 0.637791
4 0.63796
4 0.638129
4 0.638298
4 0.638467
4 0.638636
4 0.638804
4 0.638973
4 0.639142
4 0.639311
4 0.63948
4 0.639649
4 0.639818
4 0.639986
4 0.640155
4 0.640324
4 0.640493
4 0.640662
4 0.640831
4 0.641
4 0.641169
4 0.641337
4 0.641506
4 0.641675
4 0.641844
4 0.642013
4 0.642182
4 0.642351
4 0.642519
4 0.642688
4 0.642857
4 0.643026
4 0.643195
4 0.643364
4 0.643533
4 0.643701
4 0.64387
4 0.644039
4 0.644208
4 0.644377
4 0.644546
4 0.644715
4 0.644883
4 0.645052
4 0.645221
4 0.64539
4 0.645559
4 0.645728
4 0.645897
4 0.646066
4 0.646234
4 0.646403
4 0.646572
4 0.646741
4 0.64691
4 0.647079
4 0.647248
4 0.647416
4 0.647585
4 0.647754
4 0.647923
4 0.648092
4 0.648261
4 0.64843
4 0.648598
4 0.648767
4 0.648936
4 0.649105
4 0.649274
4 0.649443
4 0.649612
4 0.64978
4 0.649949
4 0.650118
4 0.650287
4 0.650456
4 0.650625
4 0.650794
4 0.650963
4 0.651131
4 0.6513
4 0.651469
4 0.651638
4 0.651807
4 0.651976
4 0.652145
4 0.652313
4 0.652482
4 0.652651
4 0.65282
4 0.652989
4 0.653158
4 0.653327
4 0.653495
4 0.653664
4 0.653833
4 0.654002
4 0.654171
4 0.65434
4 0.654509
4 0.654677
4 0.654846
4 0.655015
4 0.655184
4 0.655353
4 0.655522
4 0.655691
4 0.65586
4 0.656028
4 0.656197
4 0.656366
4 0.656535
4 0.656704
4 0.656873
4 0.657042
4 0.65721
4 0.657379
4 0.657548
4 0.657717
4 0.657886
4 0.658055
4 0.658224
4 0.658392
4 0.658561
4 0.65873
4 0.658899
4 0.659068
4 0.659237
4 0.659406
4 0.659574
4 0.659743
4 0.659912
4 0.660081
4 0.66025
4 0.660419
4 0.660588
4 0.660757
4 0.660925
4 0.661094
4 0.661263
4 0.661432
4 0.661601
4 0.66177
4 0.661939
4 0.662107
4 0.662276
4 0.662445
4 0.662614
4 0.662783
4 0.662952
4 0.663121
4 0.663289
4 0.663458
4 0.663627
4 0.663796
4 0.663965
4 0.664134
4 0.664303
4 0.664471
4 0.66464
4 0.664809
4 0.664978
4 0.665147
4 0.665316
4 0.665485
4 0.665653
4 0.665822
4 0.665991
4 0.66616
4 0.666329
4 0.666498
4 0.666667
4 0.666836
4 0.667004
4 0.667173
4 0.667342
4 0.667511
4 0.66768
4 0.667849
4 0.668018
4 0.668186
4 0.668355
4 0.668524
4 0.668693
4 0.668862
4 0.669031
4 0.6692
4 0.669368
4 0.669537
4 0.669706
4 0.669875
4 0.670044
4 0.670213
4 0.670382
4 0.67055
4 0.670719
4 0.670888
4 0.671057
4 0.671226
4 0.671395
4 0.671564
4 0.671733
4 0.671901
4 0.67207
4 0.672239
4 0.672408
4 0.672577
4 0.672746
4 0.672915
4 0.673083
4 0.673252
4 0.673421
4 0.67359
4 0.673759
4 0.673928
4 0.674097
4 0.674265
4 0.674434
4 0.674603
4 0.674772
4 0.674941
4 0.67511
4 0.675279
4 0.675447
4 0.675616
4 0.675785
4 0.675954
4 0.676123
4 0.676292
4 0.676461
4 0.67663
4 0.676798
4 0.676967
4 0.677136
4 0.677305
4 0.677474
4 0.677643
4 0.677812
4 0.67798
4 0.678149
4 0.678318
4 0.678487
4 0.678656
4 0.678825
4 0.678994
4 0.679162
4 0.679331
4 0.6795
4 0.679669
4 0.679838
4 0.680007
4 0.680176
4 0.680344
4 0.680513
4 0.680682
4 0.680851
4 0.68102
4 0.681189
4 0.681358
4 0.681527
4 0.681695
4 0.681864
4 0.682033
4 0.682202
4 0.682371
4 0.68254
4 0.682709
4 0.682877
4 0.683046
4 0.683215
4 0.683384
4 0.683553
4 0.683722
4 0.683891
4 0.684059
4 0.684228
4 0.684397
4 0.684566
4 0.684735
4 0.684904
4 0.685073
4 0.685241
4 0.68541
4 0.685579
4 0.685748
4 0.685917
4 0.686086
4 0.686255
4 0.686424
4 0.686592
4 0.686761
4 0.68693
4 0.687099
4 0.687268
4 0.687437
4 0.687606
4 0.687774
4 0.687943
4 0.688112
4 0.688281
4 0.68845
4 0.688619
4 0.688788
4 0.688956
4 0.689125
4 0.689294
4 0.689463
4 0.689632
4 0.689801
4 0.68997
4 0.690138
4 0.690307
4 0.690476
4 0.690645
4 0.690814
4 0.690983
4 0.691152
4 0.69132
4 0.691489
4 0.691658
4 0.691827
4 0.691996
4 0.692165
4 0.692334
4 0.692503
4 0.692671
4 0.69284
4 0.693009
4 0.693178
4 0.693347
4 0.693516
4 0.693685
4 0.693853
4 0.694022
4 0.694191
4 0.69436
4 0.694529
4 0.694698
4 0.694867
4 0.695035
4 0.695204
4 0.695373
4 0.695542
4 0.695711
4 0.69588
4 0.696049
4 0.696217
4 0.696386
4 0.696555
4 0.696724
4 0.696893
4 0.697062
4 0.697231
4 0.6974
4 0.697568
4 0.697737
4 0.697906
4 0.698075
4 0.698244
4 0.698413
4 0.698582
4 0.69875
4 0.698919
4 0.699088
4 0.699257
4 0.699426
4 0.699595
4 0.699764
4 0.699932
4 0.700101
4 0.70027
4 0.700439
4 0.700608
4 0.700777
4 0.700946
4 0.701114
4 0.701283
4 0.701452
4 0.701621
4 0.70179
4 0.701959
4 0.702128
4 0.702297
4 0.702465
4 0.702634
4 0.702803
4 0.702972
4 0.703141
4 0.70331
4 0.703479
4 0.703647
4 0.703816
4 0.703985
4 0.704154
4 0.704323
4 0.704492
4 0.704661
4 0.704829
4 0.704998
4 0.705167
4 0.705336
4 0.705505
4 0.705674
4 0.705843
4 0.706011
4 0.70618
4 0.706349
4 0.706518
4 0.706687
4 0.706856
4 0.707025
4 0.707194
4 0.707362
4 0.707531
4 0.7077
4 0.707869
4 0.708038
4 0.708207
4 0.708376
4 0.708544
4 0.708713
4 0.708882
4 0.709051
4 0.70922
4 0.709389
4 0.709558
4 0.709726
4 0.709895
4 0.710064
4 0.710233
4 0.710402
4 0.710571
4 0.71074
4 0.710908
4 0.711077
4 0.711246
4 0.711415
4 0.711584
4 0.711753
4 0.711922
4 0.712091
4 0.712259
4 0.712428
4 0.712597
4 0.712766
4 0.712935
4 0.713104
4 0.713273
4 0.713441
4 0.71361
4 0.713779
4 0.713948
4 0.714117
4 0.714286
4 0.714455
4 0.714623
4 0.714792
4 0.714961
4 0.71513
4 0.715299
4 0.715468
4 0.715637
4 0.715805
4 0.715974
4 0.716143
4 0.716312
4 0.716481
4 0.71665
4 0.716819
4 0.716988
4 0.717156
4 0.717325
4 0.717494
4 0.717663
4 0.717832
4 0.718001
4 0.71817
4 0.718338
4 0.718507
4 0.718676
4 0.718845
4 0.719014
4 0.719183
4 0.719352
4 0.71952
4 0.719689
4 0.719858
4 0.720027
4 0.720196
4 0.720365
4 0.720534
4 0.720702
4 0.720871
4 0.72104
4 0.721209
4 0.721378
4 0.721547
4 0.721716
4 0.721884
4 0.722053
4 0.722222
4 0.722391
4 0.72256
4 0.722729
4 0.722898
4 0.723067
4 0.723235
4 0.723404
4 0.723573
4 0.723742
4 0.723911
4 0.72408
4 0.724249
4 0.724417
4 0.724586
4 0.724755
4 0.724924
4 0.725093
4 0.725262
4 0.725431
4 0.725599
4 0.725768
4 0.725937
4 0.726106
4 0.726275
4 0.726444
4 0.726613
4 0.726781
4 0.72695
4 0.727119
4 0.727288
4 0.727457
4 0.727626
4 0.727795
4 0.727964
4 0.728132
4 0.728301
4 0.72847
4 0.728639
4 0.728808
4 0.728977
4 0.729146
4 0.729314
4 0.729483
4 0.729652
4 0.729821
4 0.72999
4 0.730159
4 0.730328
4 0.730496
4 0.730665
4 0.730834
4 0.731003
4 0.731172
4 0.731341
4 0.73151
4 0.731678
4 0.731847
4 0.732016
4 0.732185
4 0.732354
4 0.732523
4 0.732692
4 0.732861
4 0.733029
4 0.733198
4 0.733367
4 0.733536
4 0.733705
4 0.733874
4 0.734043
4 0.734211
4 0.73438
4 0.734549
4 0.734718
4 0.734887
4 0.735056
4 0.735225
4 0.735393
4 0.735562
4 0.735731
4 0.7359
4 0.736069
4 0.736238
4 0.736407
4 0.736575
4 0.736744
4 0.736913
4 0.737082
4 0.737251
4 0.73742
4 0.737589
4 0.737758
4 0.737926
4 0.738095
4 0.738264
4 0.738433
4 0.738602
4 0.738771
4 0.73894
4 0.739108
4 0.739277
4 0.739446
4 0.739615
4 0.739784
4 0.739953
4 0.740122
4 0.74029
4 0.740459
4 0.740628
4 0.740797
4 0.740966
4 0.741135
4 0.741304
4 0.741472
4 0.741641
4 0.74181
4 0.741979
4 0.742148
4 0.742317
4 0.742486
4 0.742655
4 0.742823
4 0.742992
4 0.743161
4 0.74333
4 0.743499
4 0.743668
4 0.743837
4 0.744005
4 0.744174
4 0.744343
4 0.744512
4 0.744681
4 0.74485
4 0.745019
4 0.745187
4 0.745356
4 0.745525
4 0.745694
4 0.745863
4 0.746032
4 0.746201
4 0.746369
4 0.746538
4 0.746707
4 0.746876
4 0.747045
4 0.747214
4 0.747383
4 0.747552
4 0.74772
4 0.747889
4 0.748058
4 0.748227
4 0.748396
4 0.748565
4 0.748734
4 0.748902
4 0.749071
4 0.74924
4 0.749409
4 0.749578
4 0.749747
4 0.749916
4 0.750084
4 0.750253
4 0.750422
4 0.750591
4 0.75076
4 0.750929
4 0.751098
4 0.751266
4 0.751435
4 0.751604
4 0.751773
4 0.751942
4 0.752111
4 0.75228
4 0.752448
4 0.752617
4 0.752786
4 0.752955
4 0.753124
4 0.753293
4 0.753462
4 0.753631
4 0.753799
4 0.753968
4 0.754137
4 0.754306
4 0.754475
4 0.754644
4 0.754813
4 0.754981
4 0.75515
4 0.755319
4 0.755488
4 0.755657
4 0.755826
4 0.755995
4 0.756163
4 0.756332
4 0.756501
4 0.75667
4 0.756839
4 0.757008
4 0.757177
4 0.757345
4 0.757514
4 0.757683
4 0.757852
4 0.758021
4 0.75819
4 0.758359
4 0.758528
4 0.758696
4 0.758865
4 0.759034
4 0.759203
4 0.759372
4 0.759541
4 0.75971
4 0.759878
4 0.760047
4 0.760216
4 0.760385
4 0.760554
4 0.760723
4 0.760892
4 0.76106
4 0.761229
4 0.761398
4 0.761567
4 0.761736
4 0.761905
4 0.762074
4 0.762242
4 0.762411
4 0.76258
4 0.762749
4 0.762918
4 0.763087
4 0.763256
4 0.763425
4 0.763593
4 0.763762
4 0.763931
4 0.7641
4 0.764269
4 0.764438
4 0.764607
4 0.764775
4 0.764944
4 0.765113
4 0.765282
4 0.765451
4 0.76562
4 0.765789
4 0.765957
4 0.766126
4 0.766295
4 0.766464
4 0.766633
4 0.766802
4 0.766971
4 0.767139
4 0.767308
4 0.767477
4 0.767646
4 0.767815
4 0.767984
4 0.768153
4 0.768322
4 0.76849
4 0.768659
4 0.768828
4 0.768997
4 0.769166
4 0.769335
4 0.769504
4 0.769672
4 0.769841
4 0.77001
4 0.770179
4 0.770348
4 0.770517
4 0.770686
4 0.770854
4 0.771023
4 0.771192
4 0.771361
4 0.77153
4 0.771699
4 0.771868
4 0.772036
4 0.772205
4 0.772374
4 0.772543
4 0.772712
4 0.772881
4 0.77305
4 0.773219
4 0.773387
4 0.773556
4 0.773725
4 0.773894
4 0.774063
4 0.774232
4 0.774401
4 0.774569
4 0.774738
4 0.774907
4 0.775076
4 0.775245
4 0.775414
4 0.775583
4 0.775751
4 0.77592
4 0.776089
4 0.776258
4 0.776427
4 0.776596
4 0.776765
4 0.776933
4 0.777102
4 0.777271
4 0.77744
4 0.777609
4 0.777778
4 0.777947
4 0.778116
4 0.778284
4 0.778453
4 0.778622
4 0.778791
4 0.77896
4 0.779129
4 0.779298
4 0.779466
4 0.779635
4 0.779804
4 0.779973
4 0.780142
4 0.780311
4 0.78048
4 0.780648
4 0.780817
4 0.780986
4 0.781155
4 0.781324
4 0.781493
4 0.781662
4 0.78183
4 0.781999
4 0.782168
4 0.782337
4 0.782506
4 0.782675
4 0.782844
4 0.783012
4 0.783181
4 0.78335
4 0.783519
4 0.783688
4 0.783857
4 0.784026
4 0.784195
4 0.784363
4 0.784532
4 0.784701
4 0.78487
4 0.785039
4 0.785208
4 0.785377
4 0.785545
4 0.785714
4 0.785883
4 0.786052
4 0.786221
4 0.78639
4 0.786559
4 0.786727
4 0.786896
4 0.787065
4 0.787234
4 0.787403
4 0.787572
4 0.787741
4 0.787909
4 0.788078
4 0.788247
4 0.788416
4 0.788585
4 0.788754
4 0.788923
4 0.789092
4 0.78926
4 0.789429
4 0.789598
4 0.789767
4 0.789936
4 0.790105
4 0.790274
4 0.790442
4 0.790611
4 0.79078
4 0.790949
4 0.791118
4 0.791287
4 0.791456
4 0.791624
4 0.791793
4 0.791962
4 0.792131
4 0.7923
4 0.792469
4 0.792638
4 0.792806
4 0.792975
4 0.793144
4 0.793313
4 0.793482
4 0.793651
4 0.79382
4 0.793989
4 0.794157
4 0.794326
4 0.794495
4 0.794664
4 0.794833
4 0.795002
4 0.795171
4 0.795339
4 0.795508
4 0.795677
4 0.795846
4 0.796015
4 0.796184
4 0.796353
4 0.796521
4 0.79669
4 0.796859
4 0.797028
4 0.797197
4 0.797366
4 0.797535
4 0.797703
4 0.797872
4 0.798041
4 0.79821
4 0.798379
4 0.798548
4 0.798717
4 0.798886
4 0.799054
4 0.799223
4 0.799392
4 0.799561
4 0.79973
4 0.799899
4 0.800068
4 0.800236
4 0.800405
4 0.800574
4 0.800743
4 0.800912
4 0.801081
4 0.80125
4 0.801418
4 0.801587
4 0.801756
4 0.801925
4 0.802094
4 0.802263
4 0.802432
4 0.8026
4 0.802769
4 0.802938
4 0.803107
4 0.803276
4 0.803445
4 0.803614
4 0.803783
4 0.803951
4 0.80412
4 0.804289
4 0.804458
4 0.804627
4 0.804796
4 0.804965
4 0.805133
4 0.805302
4 0.805471
4 0.80564
4 0.805809
4 0.805978
4 0.806147
4 0.806315
4 0.806484
4 0.806653
4 0.806822
4 0.806991
4 0.80716
4 0.807329
4 0.807497
4 0.807666
4 0.807835
4 0.808004
4 0.808173
4 0.808342
4 0.808511
4 0.80868
4 0.808848
4 0.809017
4 0.809186
4 0.809355
4 0.809524
4 0.809693
4 0.809862
4 0.81003
4 0.810199
4 0.810368
4 0.810537
4 0.810706
4 0.810875
4 0.811044
4 0.811212
4 0.811381
4 0.81155
4 0.811719
4 0.811888
4 0.812057
4 0.812226
4 0.812394
4 0.812563
4 0.812732
4 0.812901
4 0.81307
4 0.813239
4 0.813408
4 0.813576
4 0.813745
4 0.813914
4 0.814083
4 0.814252
4 0.814421
4 0.81459
4 0.814759
4 0.814927
4 0.815096
4 0.815265
4 0.815434
4 0.815603
4 0.815772
4 0.815941
4 0.816109
4 0.816278
4 0.816447
4 0.816616
4 0.816785
4 0.816954
4 0.817123
4 0.817291
4 0.81746
4 0.817629
4 0.817798
4 0.817967
4 0.818136
4 0.818305
4 0.818473
4 0.818642
4 0.818811
4 0.81898
4 0.819149
4 0.819318
4 0.819487
4 0.819656
4 0.819824
4 0.819993
4 0.820162
4 0.820331
4 0.8205
4 0.820669
4 0.820838
4 0.821006
4 0.821175
4 0.821344
4 0.821513
4 0.821682
4 0.821851
4 0.82202
4 0.822188
4 0.822357
4 0.822526
4 0.822695
4 0.822864
4 0.823033
4 0.823202
4 0.82337
4 0.823539
4 0.823708
4 0.823877
4 0.824046
4 0.824215
4 0.824384
4 0.824553
4 0.824721
4 0.82489
4 0.825059
4 0.825228
4 0.825397
4 0.825566
4 0.825735
4 0.825903
4 0.826072
4 0.826241
4 0.82641
4 0.826579
4 0.826748
4 0.826917
4 0.827085
4 0.827254
4 0.827423
4 0.827592
4 0.827761
4 0.82793
4 0.828099
4 0.828267
4 0.828436
4 0.828605
4 0.828774
4 0.828943
4 0.829112
4 0.829281
4 0.82945
4 0.829618
4 0.829787
4 0.829956
4 0.830125
4 0.830294
4 0.830463
4 0.830632
4 0.8308
4 0.830969
4 0.831138
4 0.831307
4 0.831476
4 0.831645
4 0.831814
4 0.831982
4 0.832151
4 0.83232
4 0.832489
4 0.832658
4 0.832827
4 0.832996
4 0.833164
4 0.833333
4 0.833502
4 0.833671
4 0.83384
4 0.834009
4 0.834178
4 0.834347
4 0.834515
4 0.834684
4 0.834853
4 0.835022
4 0.835191
4 0.83536
4 0.835529
4 0.835697
4 0.835866
4 0.836035
4 0.836204
4 0.836373
4 0.836542
4 0.836711
4 0.836879
4 0.837048
4 0.837217
4 0.837386
4 0.837555
4 0.837724
4 0.837893
4 0.838061
4 0.83823
4 0.838399
4 0.838568
4 0.838737
4 0.838906
4 0.839075
4 0.839243
4 0.839412
4 0.839581
4 0.83975
4 0.839919
4 0.840088
4 0.840257
4 0.840426
4 0.840594
4 0.840763
4 0.840932
4 0.841101
4 0.84127
4 0.841439
4 0.841608
4 0.841776
4 0.841945
4 0.842114
4 0.842283
4 0.842452
4 0.842621
4 0.84279
4 0.842958
4 0.843127
4 0.843296
4 0.843465
4 0.843634
4 0.843803
4 0.843972
4 0.84414
4 0.844309
4 0.844478
4 0.844647
4 0.844816
4 0.844985
4 0.845154
4 0.845323
4 0.845491
4 0.84566
4 0.845829
4 0.845998
4 0.846167
4 0.846336
4 0.846505
4 0.846673
4 0.846842
4 0.847011
4 0.84718
4 0.847349
4 0.847518
4 0.847687
4 0.847855
4 0.848024
4 0.848193
4 0.848362
4 0.848531
4 0.8487
4 0.848869
4 0.849037
4 0.849206
4 0.849375
4 0.849544
4 0.849713
4 0.849882
4 0.850051
4 0.85022
4 0.850388
4 0.850557
4 0.850726
4 0.850895
4 0.851064
4 0.851233
4 0.851402
4 0.85157
4 0.851739
4 0.851908
4 0.852077
4 0.852246
4 0.852415
4 0.852584
4 0.852752
4 0.852921
4 0.85309
4 0.853259
4 0.853428
4 0.853597
4 0.853766
4 0.853934
4 0.854103
4 0.854272
4 0.854441
4 0.85461
4 0.854779
4 0.854948
4 0.855117
4 0.855285
4 0.855454
4 0.855623
4 0.855792
4 0.855961
4 0.85613
4 0.856299
4 0.856467
4 0.856636
4 0.856805
4 0.856974
4 0.857143
4 0.857312
4 0.857481
4 0.857649
4 0.857818
4 0.857987
4 0.858156
4 0.858325
4 0.858494
4 0.858663
4 0.858831
4 0.859
4 0.859169
4 0.859338
4 0.859507
4 0.859676
4 0.859845
4 0.860014
4 0.860182
4 0.860351
4 0.86052
4 0.860689
4 0.860858
4 0.861027
4 0.861196
4 0.861364
4 0.861533
4 0.861702
4 0.861871
4 0.86204
4 0.862209
4 0.862378
4 0.862546
4 0.862715
4 0.862884
4 0.863053
4 0.863222
4 0.863391
4 0.86356
4 0.863728
4 0.863897
4 0.864066
4 0.864235
4 0.864404
4 0.864573
4 0.864742
4 0.864911
4 0.865079
4 0.865248
4 0.865417
4 0.865586
4 0.865755
4 0.865924
4 0.866093
4 0.866261
4 0.86643
4 0.866599
4 0.866768
4 0.866937
4 0.867106
4 0.867275
4 0.867443
4 0.867612
4 0.867781
4 0.86795
4 0.868119
4 0.868288
4 0.868457
4 0.868625
4 0.868794
4 0.868963
4 0.869132
4 0.869301
4 0.86947
4 0.869639
4 0.869807
4 0.869976
4 0.870145
4 0.870314
4 0.870483
4 0.870652
4 0.870821
4 0.87099
4 0.871158
4 0.871327
4 0.871496
4 0.871665
4 0.871834
4 0.872003
4 0.872172
4 0.87234
4 0.872509
4 0.872678
4 0.872847
4 0.873016
4 0.873185
4 0.873354
4 0.873522
4 0.873691
4 0.87386
4 0.874029
4 0.874198
4 0.874367
4 0.874536
4 0.874704
4 0.874873
4 0.875042
4 0.875211
4 0.87538
4 0.875549
4 0.875718
4 0.875887
4 0.876055
4 0.876224
4 0.876393
4 0.876562
4 0.876731
4 0.8769
4 0.877069
4 0.877237
4 0.877406
4 0.877575
4 0.877744
4 0.877913
4 0.878082
4 0.878251
4 0.878419
4 0.878588
4 0.878757
4 0.878926
4 0.879095
4 0.879264
4 0.879433
4 0.879601
4 0.87977
4 0.879939
4 0.880108
4 0.880277
4 0.880446
4 0.880615
4 0.880784
4 0.880952
4 0.881121
4 0.88129
4 0.881459
4 0.881628
4 0.881797
4 0.881966
4 0.882134
4 0.882303
4 0.882472
4 0.882641
4 0.88281
4 0.882979
4 0.883148
4 0.883316
4 0.883485
4 0.883654
4 0.883823
3 0.883992
3 0.884161
3 0.88433
3 0.884498
3 0.884667
3 0.884836
3 0.885005
3 0.885174
3 0.885343
3 0.885512
3 0.885681
3 0.885849
3 0.886018
3 0.886187
3 0.886356
3 0.886525
3 0.886694
3 0.886863
3 0.887031
3 0.8872
3 0.887369
3 0.887538
3 0.887707
3 0.887876
3 0.888045
3 0.888213
3 0.888382
3 0.888551
3 0.88872
3 0.888889
3 0.889058
3 0.889227
3 0.889395
3 0.889564
3 0.889733
3 0.889902
3 0.890071
3 0.89024
3 0.890409
3 0.890578
3 0.890746
3 0.890915
3 0.891084
3 0.891253
3 0.891422
3 0.891591
3 0.89176
3 0.891928
3 0.892097
3 0.892266
3 0.892435
3 0.892604
3 0.892773
3 0.892942
3 0.89311
3 0.893279
3 0.893448
3 0.893617
3 0.893786
3 0.893955
3 0.894124
3 0.894292
3 0.894461
3 0.89463
3 0.894799
3 0.894968
3 0.895137
3 0.895306
3 0.895475
3 0.895643
3 0.895812
3 0.895981
3 0.89615
3 0.896319
3 0.896488
3 0.896657
3 0.896825
3 0.896994
3 0.897163
3 0.897332
3 0.897501
3 0.89767
3 0.897839
3 0.898007
3 0.898176
3 0.898345
3 0.898514
3 0.898683
3 0.898852
3 0.899021
3 0.899189
3 0.899358
3 0.899527
3 0.899696
3 0.899865
3 0.900034
3 0.900203
3 0.900371
3 0.90054
3 0.900709
3 0.900878
3 0.901047
3 0.901216
3 0.901385
3 0.901554
3 0.901722
3 0.901891
3 0.90206
3 0.902229
3 0.902398
3 0.902567
3 0.902736
3 0.902904
3 0.903073
3 0.903242
3 0.903411
3 0.90358
3 0.903749
3 0.903918
3 0.904086
3 0.904255
3 0.904424
3 0.904593
3 0.904762
3 0.904931
3 0.9051
3 0.905268
3 0.905437
3 0.905606
3 0.905775
3 0.905944
3 0.906113
3 0.906282
3 0.906451
3 0.906619
3 0.906788
3 0.906957
3 0.907126
3 0.907295
3 0.907464
3 0.907633
3 0.907801
3 0.90797
3 0.908139
3 0.908308
3 0.908477
3 0.908646
3 0.908815
3 0.908983
3 0.909152
3 0.909321
3 0.90949
3 0.909659
3 0.909828
3 0.909997
3 0.910165
3 0.910334
3 0.910503
3 0.910672
3 0.910841
3 0.91101
3 0.911179
3 0.911348
3 0.911516
3 0.911685
3 0.911854
3 0.912023
3 0.912192
3 0.912361
3 0.91253
3 0.912698
3 0.912867
3 0.913036
3 0.913205
3 0.913374
3 0.913543
3 0.913712
3 0.91388
3 0.914049
3 0.914218
3 0.914387
3 0.914556
3 0.914725
3 0.914894
3 0.915062
3 0.915231
3 0.9154
3 0.915569
3 0.915738
3 0.915907
3 0.916076
3 0.916245
3 0.916413
3 0.916582
3 0.916751
3 0.91692
3 0.917089
3 0.917258
3 0.917427
3 0.917595
3 0.917764
3 0.917933
3 0.918102
3 0.918271
3 0.91844
3 0.918609
3 0.918777
3 0.918946
3 0.919115
3 0.919284
3 0.919453
3 0.919622
3 0.919791
3 0.919959
3 0.920128
3 0.920297
3 0.920466
3 0.920635
3 0.920804
3 0.920973
3 0.921142
3 0.92131
3 0.921479
3 0.921648
3 0.921817
3 0.921986
3 0.922155
3 0.922324
3 0.922492
3 0.922661
3 0.92283
3 0.922999
3 0.923168
3 0.923337
3 0.923506
3 0.923674
3 0.923843
3 0.924012
3 0.924181
3 0.92435
3 0.924519
3 0.924688
3 0.924856
3 0.925025
3 0.925194
3 0.925363
3 0.925532
3 0.925701
3 0.92587
3 0.926039
3 0.926207
3 0.926376
3 0.926545
3 0.926714
3 0.926883
3 0.927052
3 0.927221
3 0.927389
3 0.927558
3 0.927727
3 0.927896
3 0.928065
3 0.928234
3 0.928403
3 0.928571
3 0.92874
3 0.928909
3 0.929078
3 0.929247
3 0.929416
3 0.929585
3 0.929753
3 0.929922
3 0.930091
3 0.93026
3 0.930429
3 0.930598
3 0.930767
3 0.930935
3 0.931104
3 0.931273
3 0.931442
3 0.931611
3 0.93178
3 0.931949
3 0.932118
3 0.932286
3 0.932455
3 0.932624
3 0.932793
3 0.932962
3 0.933131
3 0.9333
3 0.933468
3 0.933637
3 0.933806
3 0.933975
3 0.934144
3 0.934313
3 0.934482
3 0.93465
3 0.934819
3 0.934988
3 0.935157
3 0.935326
3 0.935495
3 0.935664
3 0.935832
3 0.936001
3 0.93617
3 0.936339
3 0.936508
3 0.936677
3 0.936846
3 0.937015
3 0.937183
3 0.937352
3 0.937521
3 0.93769
3 0.937859
3 0.938028
3 0.938197
3 0.938365
3 0.938534
3 0.938703
3 0.938872
3 0.939041
3 0.93921
3 0.939379
3 0.939547
3 0.939716
3 0.939885
3 0.940054
3 0.940223
3 0.940392
3 0.940561
3 0.940729
3 0.940898
3 0.941067
3 0.941236
3 0.941405
3 0.941574
3 0.941743
3 0.941912
3 0.94208
3 0.942249
3 0.942418
3 0.942587
3 0.942756
3 0.942925
3 0.943094
3 0.943262
3 0.943431
3 0.9436
3 0.943769
3 0.943938
3 0.944107
3 0.944276
3 0.944444
3 0.944613
3 0.944782
3 0.944951
3 0.94512
3 0.945289
3 0.945458
3 0.945626
3 0.945795
3 0.945964
3 0.946133
3 0.946302
3 0.946471
3 0.94664
3 0.946809
3 0.946977
3 0.947146
3 0.947315
3 0.947484
3 0.947653
3 0.947822
3 0.947991
3 0.948159
3 0.948328
3 0.948497
3 0.948666
3 0.948835
3 0.949004
3 0.949173
3 0.949341
3 0.94951
3 0.949679
3 0.949848
3 0.950017
3 0.950186
3 0.950355
3 0.950523
3 0.950692
3 0.950861
3 0.95103
3 0.951199
3 0.951368
3 0.951537
3 0.951706
3 0.951874
3 0.952043
3 0.952212
3 0.952381
3 0.95255
3 0.952719
3 0.952888
3 0.953056
3 0.953225
3 0.953394
3 0.953563
3 0.953732
3 0.953901
3 0.95407
3 0.954238
3 0.954407
3 0.954576
3 0.954745
3 0.954914
3 0.955083
3 0.955252
3 0.95542
3 0.955589
3 0.955758
3 0.955927
3 0.956096
3 0.956265
3 0.956434
3 0.956602
3 0.956771
3 0.95694
3 0.957109
3 0.957278
3 0.957447
3 0.957616
3 0.957785
3 0.957953
3 0.958122
3 0.958291
3 0.95846
3 0.958629
3 0.958798
3 0.958967
3 0.959135
3 0.959304
3 0.959473
3 0.959642
3 0.959811
3 0.95998
3 0.960149
3 0.960317
3 0.960486
3 0.960655
3 0.960824
3 0.960993
3 0.961162
3 0.961331
3 0.961499
3 0.961668
3 0.961837
3 0.962006
3 0.962175
3 0.962344
3 0.962513
3 0.962682
3 0.96285
3 0.963019
3 0.963188
3 0.963357
3 0.963526
3 0.963695
3 0.963864
3 0.964032
3 0.964201
3 0.96437
3 0.964539
3 0.964708
3 0.964877
3 0.965046
3 0.965214
3 0.965383
3 0.965552
3 0.965721
3 0.96589
3 0.966059
3 0.966228
3 0.966396
3 0.966565
3 0.966734
3 0.966903
3 0.967072
3 0.967241
3 0.96741
3 0.967579
3 0.967747
3 0.967916
3 0.968085
3 0.968254
3 0.968423
3 0.968592
3 0.968761
3 0.968929
3 0.969098
3 0.969267
3 0.969436
3 0.969605
3 0.969774
3 0.969943
3 0.970111
3 0.97028
3 0.970449
3 0.970618
3 0.970787
3 0.970956
3 0.971125
3 0.971293
3 0.971462
3 0.971631
3 0.9718
3 0.971969
3 0.972138
3 0.972307
3 0.972476
3 0.972644
3 0.972813
3 0.972982
3 0.973151
3 0.97332
3 0.973489
3 0.973658
3 0.973826
3 0.973995
3 0.974164
3 0.974333
3 0.974502
3 0.974671
3 0.97484
3 0.975008
3 0.975177
3 0.975346
3 0.975515
3 0.975684
3 0.975853
3 0.976022
3 0.97619
3 0.976359
3 0.976528
3 0.976697
3 0.976866
3 0.977035
3 0.977204
3 0.977373
3 0.977541
2 0.97771
2 0.977879
2 0.978048
2 0.978217
2 0.978386
2 0.978555
2 0.978723
2 0.978892
2 0.979061
2 0.97923
2 0.979399
2 0.979568
2 0.979737
2 0.979905
2 0.980074
2 0.980243
2 0.980412
2 0.980581
2 0.98075
2 0.980919
2 0.981087
2 0.981256
2 0.981425
2 0.981594
2 0.981763
2 0.981932
2 0.982101
2 0.98227
2 0.982438
2 0.982607
2 0.982776
2 0.982945
2 0.983114
2 0.983283
2 0.983452
2 0.98362
2 0.983789
2 0.983958
2 0.984127
2 0.984296
2 0.984465
2 0.984634
2 0.984802
2 0.984971
2 0.98514
2 0.985309
2 0.985478
2 0.985647
2 0.985816
2 0.985984
2 0.986153
2 0.986322
2 0.986491
2 0.98666
2 0.986829
2 0.986998
2 0.987166
2 0.987335
2 0.987504
2 0.987673
2 0.987842
2 0.988011
2 0.98818
2 0.988349
2 0.988517
2 0.988686
2 0.988855
2 0.989024
2 0.989193
2 0.989362
2 0.989531
2 0.989699
2 0.989868
2 0.990037
2 0.990206
2 0.990375
2 0.990544
2 0.990713
2 0.990881
2 0.99105
2 0.991219
2 0.991388
2 0.991557
2 0.991726
2 0.991895
2 0.992063
2 0.992232
2 0.992401
2 0.99257
2 0.992739
2 0.992908
2 0.993077
2 0.993246
2 0.993414
2 0.993583
2 0.993752
2 0.993921
2 0.99409
1 0.994259
1 0.994428
1 0.994596
1 0.994765
1 0.994934
1 0.995103
1 0.995272
1 0.995441
1 0.99561
1 0.995778
1 0.995947
1 0.996116
1 0.996285
1 0.996454
1 0.996623
1 0.996792
1 0.99696
1 0.997129
1 0.997298
1 0.997467
1 0.997636
1 0.997805
1 0.997974
1 0.998143
1 0.998311
1 0.99848
1 0.998649
1 0.998818
1 0.998987
1 0.999156
1 0.999325
1 0.999493
1 0.999662
1 0.999831
1 1
