3856 0.000250752
33 0.000501505
33 0.000752257
31 0.00100301
28 0.00125376
26 0.00150451
26 0.00175527
25 0.00200602
24 0.00225677
24 0.00250752
23 0.00275827
23 0.00300903
23 0.00325978
22 0.00351053
21 0.00376128
21 0.00401204
21 0.00426279
21 0.00451354
21 0.00476429
20 0.00501505
20 0.0052658
20 0.00551655
20 0.0057673
20 0.00601805
19 0.00626881
19 0.00651956
19 0.00677031
19 0.00702106
19 0.00727182
19 0.00752257
18 0.00777332
18 0.00802407
18 0.00827482
18 0.00852558
18 0.00877633
18 0.00902708
17 0.00927783
17 0.00952859
17 0.00977934
17 0.0100301
17 0.0102808
17 0.0105316
17 0.0107823
17 0.0110331
16 0.0112839
16 0.0115346
16 0.0117854
16 0.0120361
16 0.0122869
16 0.0125376
16 0.0127884
16 0.0130391
16 0.0132899
16 0.0135406
16 0.0137914
16 0.0140421
16 0.0142929
15 0.0145436
15 0.0147944
15 0.0150451
15 0.0152959
15 0.0155466
15 0.0157974
15 0.0160481
15 0.0162989
15 0.0165496
15 0.0168004
15 0.0170512
15 0.0173019
15 0.0175527
15 0.0178034
14 0.0180542
14 0.0183049
14 0.0185557
14 0.0188064
14 0.0190572
14 0.0193079
14 0.0195587
14 0.0198094
14 0.0200602
14 0.0203109
14 0.0205617
14 0.0208124
14 0.0210632
14 0.0213139
14 0.0215647
14 0.0218154
14 0.0220662
13 0.022317
13 0.0225677
13 0.0228185
13 0.0230692
13 0.02332
13 0.0235707
13 0.0238215
13 0.0240722
13 0.024323
13 0.0245737
13 0.0248245
13 0.0250752
13 0.025326
13 0.0255767
13 0.0258275
13 0.0260782
13 0.026329
13 0.0265797
13 0.0268305
13 0.0270812
13 0.027332
13 0.0275827
13 0.0278335
13 0.0280843
13 0.028335
13 0.0285858
12 0.0288365
12 0.0290873
12 0.029338
12 0.0295888
12 0.0298395
12 0.0300903
12 0.030341
12 0.0305918
12 0.0308425
12 0.0310933
12 0.031344
12 0.0315948
12 0.0318455
12 0.0320963
12 0.032347
12 0.0325978
12 0.0328485
12 0.0330993
12 0.0333501
12 0.0336008
12 0.0338516
12 0.0341023
12 0.0343531
12 0.0346038
12 0.0348546
12 0.0351053
12 0.0353561
12 0.0356068
12 0.0358576
12 0.0361083
12 0.0363591
12 0.0366098
11 0.0368606
11 0.0371113
11 0.0373621
11 0.0376128
11 0.0378636
11 0.0381143
11 0.0383651
11 0.0386158
11 0.0388666
11 0.0391174
11 0.0393681
11 0.0396189
11 0.0398696
11 0.0401204
11 0.0403711
11 0.0406219
11 0.0408726
11 0.0411234
11 0.0413741
11 0.0416249
11 0.0418756
11 0.0421264
11 0.0423771
11 0.0426279
11 0.0428786
11 0.0431294
11 0.0433801
11 0.0436309
11 0.0438816
11 0.0441324
11 0.0443831
11 0.0446339
11 0.0448847
11 0.0451354
11 0.0453862
11 0.0456369
11 0.0458877
11 0.0461384
11 0.0463892
11 0.0466399
11 0.0468907
11 0.0471414
11 0.0473922
11 0.0476429
11 0.0478937
11 0.0481444
11 0.0483952
11 0.0486459
11 0.0488967
11 0.0491474
11 0.0493982
11 0.0496489
11 0.0498997
10 0.0501505
10 0.0504012
10 0.050652
10 0.0509027
10 0.0511535
10 0.0514042
10 0.051655
10 0.0519057
10 0.0521565
10 0.0524072
10 0.052658
10 0.0529087
10 0.0531595
10 0.0534102
10 0.053661
10 0.0539117
10 0.0541625
10 0.0544132
10 0.054664
10 0.0549147
10 0.0551655
10 0.0554162
10 0.055667
10 0.0559178
10 0.0561685
10 0.0564193
10 0.05667
10 0.0569208
10 0.0571715
10 0.0574223
10 0.057673
10 0.0579238
10 0.0581745
10 0.0584253
10 0.058676
10 0.0589268
10 0.0591775
10 0.0594283
10 0.059679
10 0.0599298
10 0.0601805
10 0.0604313
10 0.060682
10 0.0609328
10 0.0611836
10 0.0614343
10 0.0616851
10 0.0619358
10 0.0621866
10 0.0624373
10 0.0626881
10 0.0629388
10 0.0631896
10 0.0634403
10 0.0636911
10 0.0639418
10 0.0641926
10 0.0644433
10 0.0646941
10 0.0649448
10 0.0651956
10 0.0654463
10 0.0656971
10 0.0659478
10 0.0661986
10 0.0664493
10 0.0667001
10 0.0669509
10 0.0672016
10 0.0674524
10 0.0677031
10 0.0679539
10 0.0682046
10 0.0684554
10 0.0687061
10 0.0689569
10 0.0692076
10 0.0694584
10 0.0697091
10 0.0699599
10 0.0702106
10 0.0704614
10 0.0707121
10 0.0709629
10 0.0712136
10 0.0714644
9 0.0717151
9 0.0719659
9 0.0722166
9 0.0724674
9 0.0727182
9 0.0729689
9 0.0732197
9 0.0734704
9 0.0737212
9 0.0739719
9 0.0742227
9 0.0744734
9 0.0747242
9 0.0749749
9 0.0752257
9 0.0754764
9 0.0757272
9 0.0759779
9 0.0762287
9 0.0764794
9 0.0767302
9 0.0769809
9 0.0772317
9 0.0774824
9 0.0777332
9 0.077984
9 0.0782347
9 0.0784855
9 0.0787362
9 0.078987
9 0.0792377
9 0.0794885
9 0.0797392
9 0.07999
9 0.0802407
9 0.0804915
9 0.0807422
9 0.080993
9 0.0812437
9 0.0814945
9 0.0817452
9 0.081996
9 0.0822467
9 0.0824975
9 0.0827482
9 0.082999
9 0.0832497
9 0.0835005
9 0.0837513
9 0.084002
9 0.0842528
9 0.0845035
9 0.0847543
9 0.085005
9 0.0852558
9 0.0855065
9 0.0857573
9 0.086008
9 0.0862588
9 0.0865095
9 0.0867603
9 0.087011
9 0.0872618
9 0.0875125
9 0.0877633
9 0.088014
9 0.0882648
9 0.0885155
9 0.0887663
9 0.0890171
9 0.0892678
9 0.0895186
9 0.0897693
9 0.0900201
9 0.0902708
9 0.0905216
9 0.0907723
9 0.0910231
9 0.0912738
9 0.0915246
9 0.0917753
9 0.0920261
9 0.0922768
9 0.0925276
9 0.0927783
9 0.0930291
9 0.0932798
9 0.0935306
9 0.0937813
9 0.0940321
9 0.0942828
9 0.0945336
9 0.0947844
9 0.0950351
9 0.0952859
9 0.0955366
9 0.0957874
9 0.0960381
9 0.0962889
9 0.0965396
9 0.0967904
9 0.0970411
9 0.0972919
9 0.0975426
9 0.0977934
9 0.0980441
9 0.0982949
8 0.0985456
8 0.0987964
8 0.0990471
8 0.0992979
8 0.0995486
8 0.0997994
8 0.10005
8 0.100301
8 0.100552
8 0.100802
8 0.101053
8 0.101304
8 0.101555
8 0.101805
8 0.102056
8 0.102307
8 0.102558
8 0.102808
8 0.103059
8 0.10331
8 0.103561
8 0.103811
8 0.104062
8 0.104313
8 0.104564
8 0.104814
8 0.105065
8 0.105316
8 0.105567
8 0.105817
8 0.106068
8 0.106319
8 0.10657
8 0.10682
8 0.107071
8 0.107322
8 0.107573
8 0.107823
8 0.108074
8 0.108325
8 0.108576
8 0.108826
8 0.109077
8 0.109328
8 0.109579
8 0.109829
8 0.11008
8 0.110331
8 0.110582
8 0.110832
8 0.111083
8 0.111334
8 0.111585
8 0.111836
8 0.112086
8 0.112337
8 0.112588
8 0.112839
8 0.113089
8 0.11334
8 0.113591
8 0.113842
8 0.114092
8 0.114343
8 0.114594
8 0.114845
8 0.115095
8 0.115346
8 0.115597
8 0.115848
8 0.116098
8 0.116349
8 0.1166
8 0.116851
8 0.117101
8 0.117352
8 0.117603
8 0.117854
8 0.118104
8 0.118355
8 0.118606
8 0.118857
8 0.119107
8 0.119358
8 0.119609
8 0.11986
8 0.12011
8 0.120361
8 0.120612
8 0.120863
8 0.121113
8 0.121364
8 0.121615
8 0.121866
8 0.122116
8 0.122367
8 0.122618
8 0.122869
8 0.123119
8 0.12337
8 0.123621
8 0.123872
8 0.124122
8 0.124373
8 0.124624
8 0.124875
8 0.125125
8 0.125376
8 0.125627
8 0.125878
8 0.126128
8 0.126379
8 0.12663
8 0.126881
8 0.127131
8 0.127382
8 0.127633
8 0.127884
8 0.128134
8 0.128385
8 0.128636
8 0.128887
8 0.129137
8 0.129388
8 0.129639
8 0.12989
8 0.13014
8 0.130391
8 0.130642
8 0.130893
8 0.131143
8 0.131394
8 0.131645
8 0.131896
8 0.132146
8 0.132397
8 0.132648
8 0.132899
8 0.133149
8 0.1334
8 0.133651
8 0.133902
8 0.134152
8 0.134403
8 0.134654
8 0.134905
8 0.135155
7 0.135406
7 0.135657
7 0.135908
7 0.136158
7 0.136409
7 0.13666
7 0.136911
7 0.137161
7 0.137412
7 0.137663
7 0.137914
7 0.138164
7 0.138415
7 0.138666
7 0.138917
7 0.139168
7 0.139418
7 0.139669
7 0.13992
7 0.140171
7 0.140421
7 0.140672
7 0.140923
7 0.141174
7 0.141424
7 0.141675
7 0.141926
7 0.142177
7 0.142427
7 0.142678
7 0.142929
7 0.14318
7 0.14343
7 0.143681
7 0.143932
7 0.144183
7 0.144433
7 0.144684
7 0.144935
7 0.145186
7 0.145436
7 0.145687
7 0.145938
7 0.146189
7 0.146439
7 0.14669
7 0.146941
7 0.147192
7 0.147442
7 0.147693
7 0.147944
7 0.148195
7 0.148445
7 0.148696
7 0.148947
7 0.149198
7 0.149448
7 0.149699
7 0.14995
7 0.150201
7 0.150451
7 0.150702
7 0.150953
7 0.151204
7 0.151454
7 0.151705
7 0.151956
7 0.152207
7 0.152457
7 0.152708
7 0.152959
7 0.15321
7 0.15346
7 0.153711
7 0.153962
7 0.154213
7 0.154463
7 0.154714
7 0.154965
7 0.155216
7 0.155466
7 0.155717
7 0.155968
7 0.156219
7 0.156469
7 0.15672
7 0.156971
7 0.157222
7 0.157472
7 0.157723
7 0.157974
7 0.158225
7 0.158475
7 0.158726
7 0.158977
7 0.159228
7 0.159478
7 0.159729
7 0.15998
7 0.160231
7 0.160481
7 0.160732
7 0.160983
7 0.161234
7 0.161484
7 0.161735
7 0.161986
7 0.162237
7 0.162487
7 0.162738
7 0.162989
7 0.16324
7 0.16349
7 0.163741
7 0.163992
7 0.164243
7 0.164493
7 0.164744
7 0.164995
7 0.165246
7 0.165496
7 0.165747
7 0.165998
7 0.166249
7 0.166499
7 0.16675
7 0.167001
7 0.167252
7 0.167503
7 0.167753
7 0.168004
7 0.168255
7 0.168506
7 0.168756
7 0.169007
7 0.169258
7 0.169509
7 0.169759
7 0.17001
7 0.170261
7 0.170512
7 0.170762
7 0.171013
7 0.171264
7 0.171515
7 0.171765
7 0.172016
7 0.172267
7 0.172518
7 0.172768
7 0.173019
7 0.17327
7 0.173521
7 0.173771
7 0.174022
7 0.174273
7 0.174524
7 0.174774
7 0.175025
7 0.175276
7 0.175527
7 0.175777
7 0.176028
7 0.176279
7 0.17653
7 0.17678
7 0.177031
7 0.177282
7 0.177533
7 0.177783
7 0.178034
7 0.178285
7 0.178536
7 0.178786
7 0.179037
7 0.179288
7 0.179539
7 0.179789
7 0.18004
7 0.180291
7 0.180542
7 0.180792
7 0.181043
7 0.181294
7 0.181545
7 0.181795
7 0.182046
7 0.182297
7 0.182548
7 0.182798
7 0.183049
7 0.1833
7 0.183551
7 0.183801
7 0.184052
7 0.184303
7 0.184554
7 0.184804
7 0.185055
7 0.185306
7 0.185557
7 0.185807
7 0.186058
7 0.186309
7 0.18656
7 0.18681
7 0.187061
7 0.187312
7 0.187563
7 0.187813
7 0.188064
7 0.188315
7 0.188566
7 0.188816
7 0.189067
7 0.189318
7 0.189569
7 0.189819
7 0.19007
7 0.190321
7 0.190572
7 0.190822
7 0.191073
7 0.191324
7 0.191575
7 0.191825
7 0.192076
7 0.192327
7 0.192578
7 0.192828
7 0.193079
7 0.19333
7 0.193581
7 0.193831
7 0.194082
7 0.194333
7 0.194584
7 0.194835
7 0.195085
7 0.195336
7 0.195587
7 0.195838
7 0.196088
7 0.196339
7 0.19659
7 0.196841
7 0.197091
6 0.197342
6 0.197593
6 0.197844
6 0.198094
6 0.198345
6 0.198596
6 0.198847
6 0.199097
6 0.199348
6 0.199599
6 0.19985
6 0.2001
6 0.200351
6 0.200602
6 0.200853
6 0.201103
6 0.201354
6 0.201605
6 0.201856
6 0.202106
6 0.202357
6 0.202608
6 0.202859
6 0.203109
6 0.20336
6 0.203611
6 0.203862
6 0.204112
6 0.204363
6 0.204614
6 0.204865
6 0.205115
6 0.205366
6 0.205617
6 0.205868
6 0.206118
6 0.206369
6 0.20662
6 0.206871
6 0.207121
6 0.207372
6 0.207623
6 0.207874
6 0.208124
6 0.208375
6 0.208626
6 0.208877
6 0.209127
6 0.209378
6 0.209629
6 0.20988
6 0.21013
6 0.210381
6 0.210632
6 0.210883
6 0.211133
6 0.211384
6 0.211635
6 0.211886
6 0.212136
6 0.212387
6 0.212638
6 0.212889
6 0.213139
6 0.21339
6 0.213641
6 0.213892
6 0.214142
6 0.214393
6 0.214644
6 0.214895
6 0.215145
6 0.215396
6 0.215647
6 0.215898
6 0.216148
6 0.216399
6 0.21665
6 0.216901
6 0.217151
6 0.217402
6 0.217653
6 0.217904
6 0.218154
6 0.218405
6 0.218656
6 0.218907
6 0.219157
6 0.219408
6 0.219659
6 0.21991
6 0.22016
6 0.220411
6 0.220662
6 0.220913
6 0.221163
6 0.221414
6 0.221665
6 0.221916
6 0.222166
6 0.222417
6 0.222668
6 0.222919
6 0.22317
6 0.22342
6 0.223671
6 0.223922
6 0.224173
6 0.224423
6 0.224674
6 0.224925
6 0.225176
6 0.225426
6 0.225677
6 0.225928
6 0.226179
6 0.226429
6 0.22668
6 0.226931
6 0.227182
6 0.227432
6 0.227683
6 0.227934
6 0.228185
6 0.228435
6 0.228686
6 0.228937
6 0.229188
6 0.229438
6 0.229689
6 0.22994
6 0.230191
6 0.230441
6 0.230692
6 0.230943
6 0.231194
6 0.231444
6 0.231695
6 0.231946
6 0.232197
6 0.232447
6 0.232698
6 0.232949
6 0.2332
6 0.23345
6 0.233701
6 0.233952
6 0.234203
6 0.234453
6 0.234704
6 0.234955
6 0.235206
6 0.235456
6 0.235707
6 0.235958
6 0.236209
6 0.236459
6 0.23671
6 0.236961
6 0.237212
6 0.237462
6 0.237713
6 0.237964
6 0.238215
6 0.238465
6 0.238716
6 0.238967
6 0.239218
6 0.239468
6 0.239719
6 0.23997
6 0.240221
6 0.240471
6 0.240722
6 0.240973
6 0.241224
6 0.241474
6 0.241725
6 0.241976
6 0.242227
6 0.242477
6 0.242728
6 0.242979
6 0.24323
6 0.24348
6 0.243731
6 0.243982
6 0.244233
6 0.244483
6 0.244734
6 0.244985
6 0.245236
6 0.245486
6 0.245737
6 0.245988
6 0.246239
6 0.246489
6 0.24674
6 0.246991
6 0.247242
6 0.247492
6 0.247743
6 0.247994
6 0.248245
6 0.248495
6 0.248746
6 0.248997
6 0.249248
6 0.249498
6 0.249749
6 0.25
6 0.250251
6 0.250502
6 0.250752
6 0.251003
6 0.251254
6 0.251505
6 0.251755
6 0.252006
6 0.252257
6 0.252508
6 0.252758
6 0.253009
6 0.25326
6 0.253511
6 0.253761
6 0.254012
6 0.254263
6 0.254514
6 0.254764
6 0.255015
6 0.255266
6 0.255517
6 0.255767
6 0.256018
6 0.256269
6 0.25652
6 0.25677
6 0.257021
6 0.257272
6 0.257523
6 0.257773
6 0.258024
6 0.258275
6 0.258526
6 0.258776
6 0.259027
6 0.259278
6 0.259529
6 0.259779
6 0.26003
6 0.260281
6 0.260532
6 0.260782
6 0.261033
6 0.261284
6 0.261535
6 0.261785
6 0.262036
6 0.262287
6 0.262538
6 0.262788
6 0.263039
6 0.26329
6 0.263541
6 0.263791
6 0.264042
6 0.264293
6 0.264544
6 0.264794
6 0.265045
6 0.265296
6 0.265547
6 0.265797
6 0.266048
6 0.266299
6 0.26655
6 0.2668
6 0.267051
6 0.267302
6 0.267553
6 0.267803
6 0.268054
6 0.268305
6 0.268556
6 0.268806
6 0.269057
6 0.269308
6 0.269559
6 0.269809
6 0.27006
6 0.270311
6 0.270562
6 0.270812
6 0.271063
6 0.271314
6 0.271565
6 0.271815
6 0.272066
6 0.272317
6 0.272568
6 0.272818
6 0.273069
6 0.27332
6 0.273571
6 0.273821
6 0.274072
6 0.274323
6 0.274574
6 0.274824
6 0.275075
6 0.275326
6 0.275577
6 0.275827
6 0.276078
6 0.276329
6 0.27658
6 0.27683
6 0.277081
6 0.277332
6 0.277583
6 0.277834
6 0.278084
6 0.278335
6 0.278586
6 0.278837
6 0.279087
6 0.279338
6 0.279589
6 0.27984
6 0.28009
6 0.280341
6 0.280592
6 0.280843
6 0.281093
6 0.281344
6 0.281595
6 0.281846
6 0.282096
6 0.282347
6 0.282598
6 0.282849
6 0.283099
6 0.28335
6 0.283601
6 0.283852
6 0.284102
6 0.284353
6 0.284604
6 0.284855
6 0.285105
6 0.285356
6 0.285607
6 0.285858
6 0.286108
6 0.286359
6 0.28661
6 0.286861
6 0.287111
6 0.287362
6 0.287613
6 0.287864
6 0.288114
6 0.288365
6 0.288616
6 0.288867
6 0.289117
6 0.289368
6 0.289619
6 0.28987
6 0.29012
6 0.290371
6 0.290622
6 0.290873
6 0.291123
6 0.291374
6 0.291625
6 0.291876
6 0.292126
6 0.292377
6 0.292628
6 0.292879
6 0.293129
6 0.29338
6 0.293631
6 0.293882
6 0.294132
6 0.294383
6 0.294634
6 0.294885
6 0.295135
6 0.295386
6 0.295637
6 0.295888
6 0.296138
6 0.296389
6 0.29664
6 0.296891
6 0.297141
6 0.297392
6 0.297643
6 0.297894
6 0.298144
6 0.298395
6 0.298646
6 0.298897
6 0.299147
6 0.299398
5 0.299649
5 0.2999
5 0.30015
5 0.300401
5 0.300652
5 0.300903
5 0.301153
5 0.301404
5 0.301655
5 0.301906
5 0.302156
5 0.302407
5 0.302658
5 0.302909
5 0.303159
5 0.30341
5 0.303661
5 0.303912
5 0.304162
5 0.304413
5 0.304664
5 0.304915
5 0.305165
5 0.305416
5 0.305667
5 0.305918
5 0.306169
5 0.306419
5 0.30667
5 0.306921
5 0.307172
5 0.307422
5 0.307673
5 0.307924
5 0.308175
5 0.308425
5 0.308676
5 0.308927
5 0.309178
5 0.309428
5 0.309679
5 0.30993
5 0.310181
5 0.310431
5 0.310682
5 0.310933
5 0.311184
5 0.311434
5 0.311685
5 0.311936
5 0.312187
5 0.312437
5 0.312688
5 0.312939
5 0.31319
5 0.31344
5 0.313691
5 0.313942
5 0.314193
5 0.314443
5 0.314694
5 0.314945
5 0.315196
5 0.315446
5 0.315697
5 0.315948
5 0.316199
5 0.316449
5 0.3167
5 0.316951
5 0.317202
5 0.317452
5 0.317703
5 0.317954
5 0.318205
5 0.318455
5 0.318706
5 0.318957
5 0.319208
5 0.319458
5 0.319709
5 0.31996
5 0.320211
5 0.320461
5 0.320712
5 0.320963
5 0.321214
5 0.321464
5 0.321715
5 0.321966
5 0.322217
5 0.322467
5 0.322718
5 0.322969
5 0.32322
5 0.32347
5 0.323721
5 0.323972
5 0.324223
5 0.324473
5 0.324724
5 0.324975
5 0.325226
5 0.325476
5 0.325727
5 0.325978
5 0.326229
5 0.326479
5 0.32673
5 0.326981
5 0.327232
5 0.327482
5 0.327733
5 0.327984
5 0.328235
5 0.328485
5 0.328736
5 0.328987
5 0.329238
5 0.329488
5 0.329739
5 0.32999
5 0.330241
5 0.330491
5 0.330742
5 0.330993
5 0.331244
5 0.331494
5 0.331745
5 0.331996
5 0.332247
5 0.332497
5 0.332748
5 0.332999
5 0.33325
5 0.333501
5 0.333751
5 0.334002
5 0.334253
5 0.334504
5 0.334754
5 0.335005
5 0.335256
5 0.335507
5 0.335757
5 0.336008
5 0.336259
5 0.33651
5 0.33676
5 0.337011
5 0.337262
5 0.337513
5 0.337763
5 0.338014
5 0.338265
5 0.338516
5 0.338766
5 0.339017
5 0.339268
5 0.339519
5 0.339769
5 0.34002
5 0.340271
5 0.340522
5 0.340772
5 0.341023
5 0.341274
5 0.341525
5 0.341775
5 0.342026
5 0.342277
5 0.342528
5 0.342778
5 0.343029
5 0.34328
5 0.343531
5 0.343781
5 0.344032
5 0.344283
5 0.344534
5 0.344784
5 0.345035
5 0.345286
5 0.345537
5 0.345787
5 0.346038
5 0.346289
5 0.34654
5 0.34679
5 0.347041
5 0.347292
5 0.347543
5 0.347793
5 0.348044
5 0.348295
5 0.348546
5 0.348796
5 0.349047
5 0.349298
5 0.349549
5 0.349799
5 0.35005
5 0.350301
5 0.350552
5 0.350802
5 0.351053
5 0.351304
5 0.351555
5 0.351805
5 0.352056
5 0.352307
5 0.352558
5 0.352808
5 0.353059
5 0.35331
5 0.353561
5 0.353811
5 0.354062
5 0.354313
5 0.354564
5 0.354814
5 0.355065
5 0.355316
5 0.355567
5 0.355817
5 0.356068
5 0.356319
5 0.35657
5 0.35682
5 0.357071
5 0.357322
5 0.357573
5 0.357823
5 0.358074
5 0.358325
5 0.358576
5 0.358826
5 0.359077
5 0.359328
5 0.359579
5 0.359829
5 0.36008
5 0.360331
5 0.360582
5 0.360832
5 0.361083
5 0.361334
5 0.361585
5 0.361836
5 0.362086
5 0.362337
5 0.362588
5 0.362839
5 0.363089
5 0.36334
5 0.363591
5 0.363842
5 0.364092
5 0.364343
5 0.364594
5 0.364845
5 0.365095
5 0.365346
5 0.365597
5 0.365848
5 0.366098
5 0.366349
5 0.3666
5 0.366851
5 0.367101
5 0.367352
5 0.367603
5 0.367854
5 0.368104
5 0.368355
5 0.368606
5 0.368857
5 0.369107
5 0.369358
5 0.369609
5 0.36986
5 0.37011
5 0.370361
5 0.370612
5 0.370863
5 0.371113
5 0.371364
5 0.371615
5 0.371866
5 0.372116
5 0.372367
5 0.372618
5 0.372869
5 0.373119
5 0.37337
5 0.373621
5 0.373872
5 0.374122
5 0.374373
5 0.374624
5 0.374875
5 0.375125
5 0.375376
5 0.375627
5 0.375878
5 0.376128
5 0.376379
5 0.37663
5 0.376881
5 0.377131
5 0.377382
5 0.377633
5 0.377884
5 0.378134
5 0.378385
5 0.378636
5 0.378887
5 0.379137
5 0.379388
5 0.379639
5 0.37989
5 0.38014
5 0.380391
5 0.380642
5 0.380893
5 0.381143
5 0.381394
5 0.381645
5 0.381896
5 0.382146
5 0.382397
5 0.382648
5 0.382899
5 0.383149
5 0.3834
5 0.383651
5 0.383902
5 0.384152
5 0.384403
5 0.384654
5 0.384905
5 0.385155
5 0.385406
5 0.385657
5 0.385908
5 0.386158
5 0.386409
5 0.38666
5 0.386911
5 0.387161
5 0.387412
5 0.387663
5 0.387914
5 0.388164
5 0.388415
5 0.388666
5 0.388917
5 0.389168
5 0.389418
5 0.389669
5 0.38992
5 0.390171
5 0.390421
5 0.390672
5 0.390923
5 0.391174
5 0.391424
5 0.391675
5 0.391926
5 0.392177
5 0.392427
5 0.392678
5 0.392929
5 0.39318
5 0.39343
5 0.393681
5 0.393932
5 0.394183
5 0.394433
5 0.394684
5 0.394935
5 0.395186
5 0.395436
5 0.395687
5 0.395938
5 0.396189
5 0.396439
5 0.39669
5 0.396941
5 0.397192
5 0.397442
5 0.397693
5 0.397944
5 0.398195
5 0.398445
5 0.398696
5 0.398947
5 0.399198
5 0.399448
5 0.399699
5 0.39995
5 0.400201
5 0.400451
5 0.400702
5 0.400953
5 0.401204
5 0.401454
5 0.401705
5 0.401956
5 0.402207
5 0.402457
5 0.402708
5 0.402959
5 0.40321
5 0.40346
5 0.403711
5 0.403962
5 0.404213
5 0.404463
5 0.404714
5 0.404965
5 0.405216
5 0.405466
5 0.405717
5 0.405968
5 0.406219
5 0.406469
5 0.40672
5 0.406971
5 0.407222
5 0.407472
5 0.407723
5 0.407974
5 0.408225
5 0.408475
5 0.408726
5 0.408977
5 0.409228
5 0.409478
5 0.409729
5 0.40998
5 0.410231
5 0.410481
5 0.410732
5 0.410983
5 0.411234
5 0.411484
5 0.411735
5 0.411986
5 0.412237
5 0.412487
5 0.412738
5 0.412989
5 0.41324
5 0.41349
5 0.413741
5 0.413992
5 0.414243
5 0.414493
5 0.414744
5 0.414995
5 0.415246
5 0.415496
5 0.415747
5 0.415998
5 0.416249
5 0.416499
5 0.41675
5 0.417001
5 0.417252
5 0.417503
5 0.417753
5 0.418004
5 0.418255
5 0.418506
5 0.418756
5 0.419007
5 0.419258
5 0.419509
5 0.419759
5 0.42001
5 0.420261
5 0.420512
5 0.420762
5 0.421013
5 0.421264
5 0.421515
5 0.421765
5 0.422016
5 0.422267
5 0.422518
5 0.422768
5 0.423019
5 0.42327
5 0.423521
5 0.423771
5 0.424022
5 0.424273
5 0.424524
5 0.424774
5 0.425025
5 0.425276
5 0.425527
5 0.425777
5 0.426028
5 0.426279
5 0.42653
5 0.42678
5 0.427031
5 0.427282
5 0.427533
5 0.427783
5 0.428034
5 0.428285
5 0.428536
5 0.428786
5 0.429037
5 0.429288
5 0.429539
5 0.429789
5 0.43004
5 0.430291
5 0.430542
5 0.430792
5 0.431043
5 0.431294
5 0.431545
5 0.431795
5 0.432046
5 0.432297
5 0.432548
5 0.432798
5 0.433049
5 0.4333
5 0.433551
5 0.433801
5 0.434052
5 0.434303
5 0.434554
5 0.434804
5 0.435055
5 0.435306
5 0.435557
5 0.435807
5 0.436058
5 0.436309
5 0.43656
5 0.43681
5 0.437061
5 0.437312
5 0.437563
5 0.437813
5 0.438064
5 0.438315
5 0.438566
5 0.438816
5 0.439067
5 0.439318
5 0.439569
5 0.439819
5 0.44007
5 0.440321
5 0.440572
5 0.440822
5 0.441073
5 0.441324
5 0.441575
5 0.441825
5 0.442076
5 0.442327
5 0.442578
5 0.442828
5 0.443079
5 0.44333
5 0.443581
5 0.443831
5 0.444082
5 0.444333
5 0.444584
5 0.444835
5 0.445085
5 0.445336
5 0.445587
5 0.445838
5 0.446088
5 0.446339
5 0.44659
5 0.446841
5 0.447091
5 0.447342
5 0.447593
5 0.447844
5 0.448094
5 0.448345
5 0.448596
5 0.448847
5 0.449097
5 0.449348
5 0.449599
5 0.44985
5 0.4501
5 0.450351
5 0.450602
5 0.450853
5 0.451103
5 0.451354
5 0.451605
5 0.451856
5 0.452106
5 0.452357
5 0.452608
5 0.452859
5 0.453109
5 0.45336
5 0.453611
5 0.453862
5 0.454112
5 0.454363
5 0.454614
5 0.454865
5 0.455115
5 0.455366
5 0.455617
5 0.455868
5 0.456118
5 0.456369
5 0.45662
5 0.456871
5 0.457121
5 0.457372
5 0.457623
5 0.457874
5 0.458124
5 0.458375
5 0.458626
5 0.458877
5 0.459127
5 0.459378
5 0.459629
5 0.45988
5 0.46013
5 0.460381
5 0.460632
5 0.460883
5 0.461133
5 0.461384
5 0.461635
5 0.461886
5 0.462136
5 0.462387
5 0.462638
5 0.462889
5 0.463139
5 0.46339
5 0.463641
5 0.463892
5 0.464142
5 0.464393
5 0.464644
5 0.464895
5 0.465145
5 0.465396
5 0.465647
5 0.465898
5 0.466148
5 0.466399
5 0.46665
5 0.466901
5 0.467151
5 0.467402
5 0.467653
5 0.467904
5 0.468154
5 0.468405
5 0.468656
5 0.468907
5 0.469157
5 0.469408
5 0.469659
5 0.46991
5 0.47016
5 0.470411
5 0.470662
5 0.470913
5 0.471163
5 0.471414
4 0.471665
4 0.471916
4 0.472166
4 0.472417
4 0.472668
4 0.472919
4 0.47317
4 0.47342
4 0.473671
4 0.473922
4 0.474173
4 0.474423
4 0.474674
4 0.474925
4 0.475176
4 0.475426
4 0.475677
4 0.475928
4 0.476179
4 0.476429
4 0.47668
4 0.476931
4 0.477182
4 0.477432
4 0.477683
4 0.477934
4 0.478185
4 0.478435
4 0.478686
4 0.478937
4 0.479188
4 0.479438
4 0.479689
4 0.47994
4 0.480191
4 0.480441
4 0.480692
4 0.480943
4 0.481194
4 0.481444
4 0.481695
4 0.481946
4 0.482197
4 0.482447
4 0.482698
4 0.482949
4 0.4832
4 0.48345
4 0.483701
4 0.483952
4 0.484203
4 0.484453
4 0.484704
4 0.484955
4 0.485206
4 0.485456
4 0.485707
4 0.485958
4 0.486209
4 0.486459
4 0.48671
4 0.486961
4 0.487212
4 0.487462
4 0.487713
4 0.487964
4 0.488215
4 0.488465
4 0.488716
4 0.488967
4 0.489218
4 0.489468
4 0.489719
4 0.48997
4 0.490221
4 0.490471
4 0.490722
4 0.490973
4 0.491224
4 0.491474
4 0.491725
4 0.491976
4 0.492227
4 0.492477
4 0.492728
4 0.492979
4 0.49323
4 0.49348
4 0.493731
4 0.493982
4 0.494233
4 0.494483
4 0.494734
4 0.494985
4 0.495236
4 0.495486
4 0.495737
4 0.495988
4 0.496239
4 0.496489
4 0.49674
4 0.496991
4 0.497242
4 0.497492
4 0.497743
4 0.497994
4 0.498245
4 0.498495
4 0.498746
4 0.498997
4 0.499248
4 0.499498
4 0.499749
4 0.5
4 0.500251
4 0.500502
4 0.500752
4 0.501003
4 0.501254
4 0.501505
4 0.501755
4 0.502006
4 0.502257
4 0.502508
4 0.502758
4 0.503009
4 0.50326
4 0.503511
4 0.503761
4 0.504012
4 0.504263
4 0.504514
4 0.504764
4 0.505015
4 0.505266
4 0.505517
4 0.505767
4 0.506018
4 0.506269
4 0.50652
4 0.50677
4 0.507021
4 0.507272
4 0.507523
4 0.507773
4 0.508024
4 0.508275
4 0.508526
4 0.508776
4 0.509027
4 0.509278
4 0.509529
4 0.509779
4 0.51003
4 0.510281
4 0.510532
4 0.510782
4 0.511033
4 0.511284
4 0.511535
4 0.511785
4 0.512036
4 0.512287
4 0.512538
4 0.512788
4 0.513039
4 0.51329
4 0.513541
4 0.513791
4 0.514042
4 0.514293
4 0.514544
4 0.514794
4 0.515045
4 0.515296
4 0.515547
4 0.515797
4 0.516048
4 0.516299
4 0.51655
4 0.5168
4 0.517051
4 0.517302
4 0.517553
4 0.517803
4 0.518054
4 0.518305
4 0.518556
4 0.518806
4 0.519057
4 0.519308
4 0.519559
4 0.519809
4 0.52006
4 0.520311
4 0.520562
4 0.520812
4 0.521063
4 0.521314
4 0.521565
4 0.521815
4 0.522066
4 0.522317
4 0.522568
4 0.522818
4 0.523069
4 0.52332
4 0.523571
4 0.523821
4 0.524072
4 0.524323
4 0.524574
4 0.524824
4 0.525075
4 0.525326
4 0.525577
4 0.525827
4 0.526078
4 0.526329
4 0.52658
4 0.52683
4 0.527081
4 0.527332
4 0.527583
4 0.527834
4 0.528084
4 0.528335
4 0.528586
4 0.528837
4 0.529087
4 0.529338
4 0.529589
4 0.52984
4 0.53009
4 0.530341
4 0.530592
4 0.530843
4 0.531093
4 0.531344
4 0.531595
4 0.531846
4 0.532096
4 0.532347
4 0.532598
4 0.532849
4 0.533099
4 0.53335
4 0.533601
4 0.533852
4 0.534102
4 0.534353
4 0.534604
4 0.534855
4 0.535105
4 0.535356
4 0.535607
4 0.535858
4 0.536108
4 0.536359
4 0.53661
4 0.536861
4 0.537111
4 0.537362
4 0.537613
4 0.537864
4 0.538114
4 0.538365
4 0.538616
4 0.538867
4 0.539117
4 0.539368
4 0.539619
4 0.53987
4 0.54012
4 0.540371
4 0.540622
4 0.540873
4 0.541123
4 0.541374
4 0.541625
4 0.541876
4 0.542126
4 0.542377
4 0.542628
4 0.542879
4 0.543129
4 0.54338
4 0.543631
4 0.543882
4 0.544132
4 0.544383
4 0.544634
4 0.544885
4 0.545135
4 0.545386
4 0.545637
4 0.545888
4 0.546138
4 0.546389
4 0.54664
4 0.546891
4 0.547141
4 0.547392
4 0.547643
4 0.547894
4 0.548144
4 0.548395
4 0.548646
4 0.548897
4 0.549147
4 0.549398
4 0.549649
4 0.5499
4 0.55015
4 0.550401
4 0.550652
4 0.550903
4 0.551153
4 0.551404
4 0.551655
4 0.551906
4 0.552156
4 0.552407
4 0.552658
4 0.552909
4 0.553159
4 0.55341
4 0.553661
4 0.553912
4 0.554162
4 0.554413
4 0.554664
4 0.554915
4 0.555165
4 0.555416
4 0.555667
4 0.555918
4 0.556169
4 0.556419
4 0.55667
4 0.556921
4 0.557172
4 0.557422
4 0.557673
4 0.557924
4 0.558175
4 0.558425
4 0.558676
4 0.558927
4 0.559178
4 0.559428
4 0.559679
4 0.55993
4 0.560181
4 0.560431
4 0.560682
4 0.560933
4 0.561184
4 0.561434
4 0.561685
4 0.561936
4 0.562187
4 0.562437
4 0.562688
4 0.562939
4 0.56319
4 0.56344
4 0.563691
4 0.563942
4 0.564193
4 0.564443
4 0.564694
4 0.564945
4 0.565196
4 0.565446
4 0.565697
4 0.565948
4 0.566199
4 0.566449
4 0.5667
4 0.566951
4 0.567202
4 0.567452
4 0.567703
4 0.567954
4 0.568205
4 0.568455
4 0.568706
4 0.568957
4 0.569208
4 0.569458
4 0.569709
4 0.56996
4 0.570211
4 0.570461
4 0.570712
4 0.570963
4 0.571214
4 0.571464
4 0.571715
4 0.571966
4 0.572217
4 0.572467
4 0.572718
4 0.572969
4 0.57322
4 0.57347
4 0.573721
4 0.573972
4 0.574223
4 0.574473
4 0.574724
4 0.574975
4 0.575226
4 0.575476
4 0.575727
4 0.575978
4 0.576229
4 0.576479
4 0.57673
4 0.576981
4 0.577232
4 0.577482
4 0.577733
4 0.577984
4 0.578235
4 0.578485
4 0.578736
4 0.578987
4 0.579238
4 0.579488
4 0.579739
4 0.57999
4 0.580241
4 0.580491
4 0.580742
4 0.580993
4 0.581244
4 0.581494
4 0.581745
4 0.581996
4 0.582247
4 0.582497
4 0.582748
4 0.582999
4 0.58325
4 0.583501
4 0.583751
4 0.584002
4 0.584253
4 0.584504
4 0.584754
4 0.585005
4 0.585256
4 0.585507
4 0.585757
4 0.586008
4 0.586259
4 0.58651
4 0.58676
4 0.587011
4 0.587262
4 0.587513
4 0.587763
4 0.588014
4 0.588265
4 0.588516
4 0.588766
4 0.589017
4 0.589268
4 0.589519
4 0.589769
4 0.59002
4 0.590271
4 0.590522
4 0.590772
4 0.591023
4 0.591274
4 0.591525
4 0.591775
4 0.592026
4 0.592277
4 0.592528
4 0.592778
4 0.593029
4 0.59328
4 0.593531
4 0.593781
4 0.594032
4 0.594283
4 0.594534
4 0.594784
4 0.595035
4 0.595286
4 0.595537
4 0.595787
4 0.596038
4 0.596289
4 0.59654
4 0.59679
4 0.597041
4 0.597292
4 0.597543
4 0.597793
4 0.598044
4 0.598295
4 0.598546
4 0.598796
4 0.599047
4 0.599298
4 0.599549
4 0.599799
4 0.60005
4 0.600301
4 0.600552
4 0.600802
4 0.601053
4 0.601304
4 0.601555
4 0.601805
4 0.602056
4 0.602307
4 0.602558
4 0.602808
4 0.603059
4 0.60331
4 0.603561
4 0.603811
4 0.604062
4 0.604313
4 0.604564
4 0.604814
4 0.605065
4 0.605316
4 0.605567
4 0.605817
4 0.606068
4 0.606319
4 0.60657
4 0.60682
4 0.607071
4 0.607322
4 0.607573
4 0.607823
4 0.608074
4 0.608325
4 0.608576
4 0.608826
4 0.609077
4 0.609328
4 0.609579
4 0.609829
4 0.61008
4 0.610331
4 0.610582
4 0.610832
4 0.611083
4 0.611334
4 0.611585
4 0.611836
4 0.612086
4 0.612337
4 0.612588
4 0.612839
4 0.613089
4 0.61334
4 0.613591
4 0.613842
4 0.614092
4 0.614343
4 0.614594
4 0.614845
4 0.615095
4 0.615346
4 0.615597
4 0.615848
4 0.616098
4 0.616349
4 0.6166
4 0.616851
4 0.617101
4 0.617352
4 0.617603
4 0.617854
4 0.618104
4 0.618355
4 0.618606
4 0.618857
4 0.619107
4 0.619358
4 0.619609
4 0.61986
4 0.62011
4 0.620361
4 0.620612
4 0.620863
4 0.621113
4 0.621364
4 0.621615
4 0.621866
4 0.622116
4 0.622367
4 0.622618
4 0.622869
4 0.623119
4 0.62337
4 0.623621
4 0.623872
4 0.624122
4 0.624373
4 0.624624
4 0.624875
4 0.625125
4 0.625376
4 0.625627
4 0.625878
4 0.626128
4 0.626379
4 0.62663
4 0.626881
4 0.627131
4 0.627382
4 0.627633
4 0.627884
4 0.628134
4 0.628385
4 0.628636
4 0.628887
4 0.629137
4 0.629388
4 0.629639
4 0.62989
4 0.63014
4 0.630391
4 0.630642
4 0.630893
4 0.631143
4 0.631394
4 0.631645
4 0.631896
4 0.632146
4 0.632397
4 0.632648
4 0.632899
4 0.633149
4 0.6334
4 0.633651
4 0.633902
4 0.634152
4 0.634403
4 0.634654
4 0.634905
4 0.635155
4 0.635406
4 0.635657
4 0.635908
4 0.636158
4 0.636409
4 0.63666
4 0.636911
4 0.637161
4 0.637412
4 0.637663
4 0.637914
4 0.638164
4 0.638415
4 0.638666
4 0.638917
4 0.639168
4 0.639418
4 0.639669
4 0.63992
4 0.640171
4 0.640421
4 0.640672
4 0.640923
4 0.641174
4 0.641424
4 0.641675
4 0.641926
4 0.642177
4 0.642427
4 0.642678
4 0.642929
4 0.64318
4 0.64343
4 0.643681
4 0.643932
4 0.644183
4 0.644433
4 0.644684
4 0.644935
4 0.645186
4 0.645436
4 0.645687
4 0.645938
4 0.646189
4 0.646439
4 0.64669
4 0.646941
4 0.647192
4 0.647442
4 0.647693
4 0.647944
4 0.648195
4 0.648445
4 0.648696
4 0.648947
4 0.649198
4 0.649448
4 0.649699
4 0.64995
4 0.650201
4 0.650451
4 0.650702
4 0.650953
4 0.651204
4 0.651454
4 0.651705
4 0.651956
4 0.652207
4 0.652457
4 0.652708
4 0.652959
4 0.65321
4 0.65346
4 0.653711
4 0.653962
4 0.654213
4 0.654463
4 0.654714
4 0.654965
4 0.655216
4 0.655466
4 0.655717
4 0.655968
4 0.656219
4 0.656469
4 0.65672
4 0.656971
4 0.657222
4 0.657472
4 0.657723
4 0.657974
4 0.658225
4 0.658475
4 0.658726
4 0.658977
4 0.659228
4 0.659478
4 0.659729
4 0.65998
4 0.660231
4 0.660481
4 0.660732
4 0.660983
4 0.661234
4 0.661484
4 0.661735
4 0.661986
4 0.662237
4 0.662487
4 0.662738
4 0.662989
4 0.66324
4 0.66349
4 0.663741
4 0.663992
4 0.664243
4 0.664493
4 0.664744
4 0.664995
4 0.665246
4 0.665496
4 0.665747
4 0.665998
4 0.666249
4 0.666499
4 0.66675
4 0.667001
4 0.667252
4 0.667503
4 0.667753
4 0.668004
4 0.668255
4 0.668506
4 0.668756
4 0.669007
4 0.669258
4 0.669509
4 0.669759
4 0.67001
4 0.670261
4 0.670512
4 0.670762
4 0.671013
4 0.671264
4 0.671515
4 0.671765
4 0.672016
4 0.672267
4 0.672518
4 0.672768
4 0.673019
4 0.67327
4 0.673521
4 0.673771
4 0.674022
4 0.674273
4 0.674524
4 0.674774
4 0.675025
4 0.675276
4 0.675527
4 0.675777
4 0.676028
4 0.676279
4 0.67653
4 0.67678
4 0.677031
4 0.677282
4 0.677533
4 0.677783
4 0.678034
4 0.678285
4 0.678536
4 0.678786
4 0.679037
4 0.679288
4 0.679539
4 0.679789
4 0.68004
4 0.680291
4 0.680542
4 0.680792
4 0.681043
4 0.681294
4 0.681545
4 0.681795
4 0.682046
4 0.682297
4 0.682548
4 0.682798
4 0.683049
4 0.6833
4 0.683551
4 0.683801
4 0.684052
4 0.684303
4 0.684554
4 0.684804
4 0.685055
4 0.685306
4 0.685557
4 0.685807
4 0.686058
4 0.686309
4 0.68656
4 0.68681
4 0.687061
4 0.687312
4 0.687563
4 0.687813
4 0.688064
4 0.688315
4 0.688566
4 0.688816
4 0.689067
4 0.689318
4 0.689569
4 0.689819
4 0.69007
4 0.690321
4 0.690572
4 0.690822
4 0.691073
4 0.691324
4 0.691575
4 0.691825
4 0.692076
4 0.692327
4 0.692578
4 0.692828
4 0.693079
4 0.69333
4 0.693581
4 0.693831
4 0.694082
4 0.694333
4 0.694584
4 0.694835
4 0.695085
4 0.695336
4 0.695587
4 0.695838
4 0.696088
4 0.696339
4 0.69659
4 0.696841
4 0.697091
4 0.697342
4 0.697593
4 0.697844
4 0.698094
4 0.698345
4 0.698596
4 0.698847
4 0.699097
4 0.699348
4 0.699599
4 0.69985
4 0.7001
4 0.700351
4 0.700602
4 0.700853
4 0.701103
4 0.701354
4 0.701605
4 0.701856
4 0.702106
4 0.702357
4 0.702608
4 0.702859
4 0.703109
4 0.70336
4 0.703611
4 0.703862
4 0.704112
4 0.704363
4 0.704614
4 0.704865
4 0.705115
4 0.705366
4 0.705617
4 0.705868
4 0.706118
4 0.706369
4 0.70662
4 0.706871
4 0.707121
4 0.707372
4 0.707623
4 0.707874
4 0.708124
4 0.708375
4 0.708626
4 0.708877
4 0.709127
4 0.709378
4 0.709629
4 0.70988
4 0.71013
4 0.710381
4 0.710632
4 0.710883
4 0.711133
4 0.711384
4 0.711635
4 0.711886
4 0.712136
4 0.712387
4 0.712638
4 0.712889
4 0.713139
4 0.71339
4 0.713641
4 0.713892
4 0.714142
4 0.714393
4 0.714644
4 0.714895
4 0.715145
4 0.715396
4 0.715647
4 0.715898
4 0.716148
4 0.716399
4 0.71665
4 0.716901
4 0.717151
4 0.717402
4 0.717653
4 0.717904
4 0.718154
4 0.718405
4 0.718656
4 0.718907
4 0.719157
4 0.719408
4 0.719659
4 0.71991
4 0.72016
4 0.720411
4 0.720662
4 0.720913
4 0.721163
4 0.721414
4 0.721665
4 0.721916
4 0.722166
4 0.722417
4 0.722668
4 0.722919
4 0.72317
4 0.72342
4 0.723671
4 0.723922
4 0.724173
4 0.724423
4 0.724674
4 0.724925
4 0.725176
4 0.725426
4 0.725677
4 0.725928
4 0.726179
4 0.726429
4 0.72668
4 0.726931
4 0.727182
4 0.727432
4 0.727683
4 0.727934
4 0.728185
4 0.728435
4 0.728686
4 0.728937
4 0.729188
4 0.729438
4 0.729689
4 0.72994
4 0.730191
4 0.730441
4 0.730692
4 0.730943
4 0.731194
4 0.731444
4 0.731695
4 0.731946
4 0.732197
4 0.732447
4 0.732698
4 0.732949
4 0.7332
4 0.73345
4 0.733701
4 0.733952
4 0.734203
4 0.734453
4 0.734704
4 0.734955
4 0.735206
4 0.735456
4 0.735707
4 0.735958
4 0.736209
4 0.736459
4 0.73671
4 0.736961
4 0.737212
4 0.737462
4 0.737713
4 0.737964
4 0.738215
4 0.738465
4 0.738716
4 0.738967
4 0.739218
4 0.739468
4 0.739719
4 0.73997
4 0.740221
4 0.740471
4 0.740722
4 0.740973
4 0.741224
4 0.741474
4 0.741725
4 0.741976
4 0.742227
4 0.742477
4 0.742728
4 0.742979
4 0.74323
4 0.74348
4 0.743731
4 0.743982
4 0.744233
4 0.744483
4 0.744734
4 0.744985
4 0.745236
4 0.745486
4 0.745737
4 0.745988
4 0.746239
4 0.746489
4 0.74674
4 0.746991
4 0.747242
4 0.747492
4 0.747743
4 0.747994
4 0.748245
4 0.748495
4 0.748746
4 0.748997
4 0.749248
4 0.749498
4 0.749749
4 0.75
4 0.750251
4 0.750502
4 0.750752
4 0.751003
4 0.751254
4 0.751505
4 0.751755
4 0.752006
4 0.752257
4 0.752508
4 0.752758
4 0.753009
4 0.75326
4 0.753511
4 0.753761
4 0.754012
4 0.754263
4 0.754514
4 0.754764
4 0.755015
4 0.755266
4 0.755517
4 0.755767
4 0.756018
4 0.756269
4 0.75652
4 0.75677
4 0.757021
4 0.757272
4 0.757523
4 0.757773
4 0.758024
4 0.758275
4 0.758526
4 0.758776
4 0.759027
4 0.759278
4 0.759529
4 0.759779
4 0.76003
4 0.760281
4 0.760532
4 0.760782
4 0.761033
4 0.761284
4 0.761535
4 0.761785
4 0.762036
4 0.762287
4 0.762538
4 0.762788
4 0.763039
4 0.76329
4 0.763541
4 0.763791
4 0.764042
4 0.764293
4 0.764544
4 0.764794
4 0.765045
4 0.765296
4 0.765547
4 0.765797
4 0.766048
4 0.766299
4 0.76655
4 0.7668
4 0.767051
4 0.767302
4 0.767553
4 0.767803
4 0.768054
4 0.768305
4 0.768556
4 0.768806
4 0.769057
4 0.769308
4 0.769559
4 0.769809
4 0.77006
4 0.770311
4 0.770562
4 0.770812
4 0.771063
4 0.771314
4 0.771565
4 0.771815
4 0.772066
4 0.772317
4 0.772568
4 0.772818
4 0.773069
4 0.77332
4 0.773571
4 0.773821
4 0.774072
4 0.774323
4 0.774574
4 0.774824
4 0.775075
4 0.775326
4 0.775577
4 0.775827
4 0.776078
4 0.776329
4 0.77658
4 0.77683
4 0.777081
4 0.777332
4 0.777583
4 0.777834
4 0.778084
4 0.778335
4 0.778586
4 0.778837
4 0.779087
4 0.779338
4 0.779589
4 0.77984
4 0.78009
4 0.780341
4 0.780592
4 0.780843
4 0.781093
4 0.781344
4 0.781595
4 0.781846
4 0.782096
4 0.782347
4 0.782598
4 0.782849
4 0.783099
4 0.78335
4 0.783601
4 0.783852
4 0.784102
4 0.784353
4 0.784604
4 0.784855
4 0.785105
4 0.785356
4 0.785607
4 0.785858
4 0.786108
4 0.786359
4 0.78661
4 0.786861
4 0.787111
4 0.787362
4 0.787613
4 0.787864
4 0.788114
4 0.788365
4 0.788616
4 0.788867
4 0.789117
4 0.789368
4 0.789619
4 0.78987
4 0.79012
4 0.790371
4 0.790622
4 0.790873
4 0.791123
4 0.791374
4 0.791625
4 0.791876
4 0.792126
4 0.792377
4 0.792628
4 0.792879
4 0.793129
4 0.79338
4 0.793631
4 0.793882
4 0.794132
4 0.794383
4 0.794634
4 0.794885
4 0.795135
4 0.795386
4 0.795637
4 0.795888
4 0.796138
4 0.796389
4 0.79664
4 0.796891
4 0.797141
4 0.797392
4 0.797643
4 0.797894
4 0.798144
4 0.798395
4 0.798646
4 0.798897
4 0.799147
4 0.799398
4 0.799649
4 0.7999
4 0.80015
4 0.800401
4 0.800652
4 0.800903
4 0.801153
4 0.801404
4 0.801655
4 0.801906
4 0.802156
4 0.802407
4 0.802658
4 0.802909
4 0.803159
4 0.80341
4 0.803661
4 0.803912
4 0.804162
4 0.804413
4 0.804664
4 0.804915
4 0.805165
4 0.805416
4 0.805667
4 0.805918
4 0.806169
4 0.806419
4 0.80667
4 0.806921
4 0.807172
4 0.807422
4 0.807673
4 0.807924
4 0.808175
4 0.808425
4 0.808676
4 0.808927
4 0.809178
3 0.809428
3 0.809679
3 0.80993
3 0.810181
3 0.810431
3 0.810682
3 0.810933
3 0.811184
3 0.811434
3 0.811685
3 0.811936
3 0.812187
3 0.812437
3 0.812688
3 0.812939
3 0.81319
3 0.81344
3 0.813691
3 0.813942
3 0.814193
3 0.814443
3 0.814694
3 0.814945
3 0.815196
3 0.815446
3 0.815697
3 0.815948
3 0.816199
3 0.816449
3 0.8167
3 0.816951
3 0.817202
3 0.817452
3 0.817703
3 0.817954
3 0.818205
3 0.818455
3 0.818706
3 0.818957
3 0.819208
3 0.819458
3 0.819709
3 0.81996
3 0.820211
3 0.820461
3 0.820712
3 0.820963
3 0.821214
3 0.821464
3 0.821715
3 0.821966
3 0.822217
3 0.822467
3 0.822718
3 0.822969
3 0.82322
3 0.82347
3 0.823721
3 0.823972
3 0.824223
3 0.824473
3 0.824724
3 0.824975
3 0.825226
3 0.825476
3 0.825727
3 0.825978
3 0.826229
3 0.826479
3 0.82673
3 0.826981
3 0.827232
3 0.827482
3 0.827733
3 0.827984
3 0.828235
3 0.828485
3 0.828736
3 0.828987
3 0.829238
3 0.829488
3 0.829739
3 0.82999
3 0.830241
3 0.830491
3 0.830742
3 0.830993
3 0.831244
3 0.831494
3 0.831745
3 0.831996
3 0.832247
3 0.832497
3 0.832748
3 0.832999
3 0.83325
3 0.833501
3 0.833751
3 0.834002
3 0.834253
3 0.834504
3 0.834754
3 0.835005
3 0.835256
3 0.835507
3 0.835757
3 0.836008
3 0.836259
3 0.83651
3 0.83676
3 0.837011
3 0.837262
3 0.837513
3 0.837763
3 0.838014
3 0.838265
3 0.838516
3 0.838766
3 0.839017
3 0.839268
3 0.839519
3 0.839769
3 0.84002
3 0.840271
3 0.840522
3 0.840772
3 0.841023
3 0.841274
3 0.841525
3 0.841775
3 0.842026
3 0.842277
3 0.842528
3 0.842778
3 0.843029
3 0.84328
3 0.843531
3 0.843781
3 0.844032
3 0.844283
3 0.844534
3 0.844784
3 0.845035
3 0.845286
3 0.845537
3 0.845787
3 0.846038
3 0.846289
3 0.84654
3 0.84679
3 0.847041
3 0.847292
3 0.847543
3 0.847793
3 0.848044
3 0.848295
3 0.848546
3 0.848796
3 0.849047
3 0.849298
3 0.849549
3 0.849799
3 0.85005
3 0.850301
3 0.850552
3 0.850802
3 0.851053
3 0.851304
3 0.851555
3 0.851805
3 0.852056
3 0.852307
3 0.852558
3 0.852808
3 0.853059
3 0.85331
3 0.853561
3 0.853811
3 0.854062
3 0.854313
3 0.854564
3 0.854814
3 0.855065
3 0.855316
3 0.855567
3 0.855817
3 0.856068
3 0.856319
3 0.85657
3 0.85682
3 0.857071
3 0.857322
3 0.857573
3 0.857823
3 0.858074
3 0.858325
3 0.858576
3 0.858826
3 0.859077
3 0.859328
3 0.859579
3 0.859829
3 0.86008
3 0.860331
3 0.860582
3 0.860832
3 0.861083
3 0.861334
3 0.861585
3 0.861836
3 0.862086
3 0.862337
3 0.862588
3 0.862839
3 0.863089
3 0.86334
3 0.863591
3 0.863842
3 0.864092
3 0.864343
3 0.864594
3 0.864845
3 0.865095
3 0.865346
3 0.865597
3 0.865848
3 0.866098
3 0.866349
3 0.8666
3 0.866851
3 0.867101
3 0.867352
3 0.867603
3 0.867854
3 0.868104
3 0.868355
3 0.868606
3 0.868857
3 0.869107
3 0.869358
3 0.869609
3 0.86986
3 0.87011
3 0.870361
3 0.870612
3 0.870863
3 0.871113
3 0.871364
3 0.871615
3 0.871866
3 0.872116
3 0.872367
3 0.872618
3 0.872869
3 0.873119
3 0.87337
3 0.873621
3 0.873872
3 0.874122
3 0.874373
3 0.874624
3 0.874875
3 0.875125
3 0.875376
3 0.875627
3 0.875878
3 0.876128
3 0.876379
3 0.87663
3 0.876881
3 0.877131
3 0.877382
3 0.877633
3 0.877884
3 0.878134
3 0.878385
3 0.878636
3 0.878887
3 0.879137
3 0.879388
3 0.879639
3 0.87989
3 0.88014
3 0.880391
3 0.880642
3 0.880893
3 0.881143
3 0.881394
3 0.881645
3 0.881896
3 0.882146
3 0.882397
3 0.882648
3 0.882899
3 0.883149
3 0.8834
3 0.883651
3 0.883902
3 0.884152
3 0.884403
3 0.884654
3 0.884905
3 0.885155
3 0.885406
3 0.885657
3 0.885908
3 0.886158
3 0.886409
3 0.88666
3 0.886911
3 0.887161
3 0.887412
3 0.887663
3 0.887914
3 0.888164
3 0.888415
3 0.888666
3 0.888917
3 0.889168
3 0.889418
3 0.889669
3 0.88992
3 0.890171
3 0.890421
3 0.890672
3 0.890923
3 0.891174
3 0.891424
3 0.891675
3 0.891926
3 0.892177
3 0.892427
3 0.892678
3 0.892929
3 0.89318
3 0.89343
3 0.893681
3 0.893932
3 0.894183
3 0.894433
3 0.894684
3 0.894935
3 0.895186
3 0.895436
3 0.895687
3 0.895938
3 0.896189
3 0.896439
3 0.89669
3 0.896941
3 0.897192
3 0.897442
3 0.897693
3 0.897944
3 0.898195
3 0.898445
3 0.898696
3 0.898947
3 0.899198
3 0.899448
3 0.899699
3 0.89995
3 0.900201
3 0.900451
3 0.900702
3 0.900953
3 0.901204
3 0.901454
3 0.901705
3 0.901956
3 0.902207
3 0.902457
3 0.902708
3 0.902959
3 0.90321
3 0.90346
3 0.903711
3 0.903962
3 0.904213
3 0.904463
3 0.904714
3 0.904965
3 0.905216
3 0.905466
3 0.905717
3 0.905968
3 0.906219
3 0.906469
3 0.90672
3 0.906971
3 0.907222
3 0.907472
3 0.907723
3 0.907974
3 0.908225
3 0.908475
3 0.908726
3 0.908977
3 0.909228
3 0.909478
3 0.909729
3 0.90998
3 0.910231
3 0.910481
3 0.910732
3 0.910983
3 0.911234
3 0.911484
3 0.911735
3 0.911986
3 0.912237
3 0.912487
3 0.912738
3 0.912989
3 0.91324
3 0.91349
3 0.913741
3 0.913992
3 0.914243
3 0.914493
3 0.914744
3 0.914995
3 0.915246
3 0.915496
3 0.915747
3 0.915998
3 0.916249
3 0.916499
3 0.91675
3 0.917001
3 0.917252
3 0.917503
3 0.917753
3 0.918004
3 0.918255
3 0.918506
3 0.918756
3 0.919007
3 0.919258
3 0.919509
3 0.919759
3 0.92001
3 0.920261
3 0.920512
3 0.920762
3 0.921013
3 0.921264
3 0.921515
3 0.921765
3 0.922016
3 0.922267
3 0.922518
3 0.922768
3 0.923019
3 0.92327
3 0.923521
3 0.923771
3 0.924022
3 0.924273
3 0.924524
3 0.924774
3 0.925025
3 0.925276
3 0.925527
3 0.925777
3 0.926028
3 0.926279
3 0.92653
3 0.92678
3 0.927031
3 0.927282
3 0.927533
3 0.927783
3 0.928034
3 0.928285
3 0.928536
3 0.928786
3 0.929037
3 0.929288
3 0.929539
3 0.929789
3 0.93004
3 0.930291
3 0.930542
3 0.930792
3 0.931043
3 0.931294
3 0.931545
3 0.931795
3 0.932046
3 0.932297
3 0.932548
3 0.932798
3 0.933049
3 0.9333
3 0.933551
3 0.933801
3 0.934052
3 0.934303
3 0.934554
3 0.934804
3 0.935055
3 0.935306
3 0.935557
3 0.935807
3 0.936058
3 0.936309
3 0.93656
3 0.93681
3 0.937061
3 0.937312
3 0.937563
3 0.937813
3 0.938064
3 0.938315
3 0.938566
3 0.938816
3 0.939067
3 0.939318
3 0.939569
3 0.939819
3 0.94007
3 0.940321
3 0.940572
3 0.940822
3 0.941073
3 0.941324
3 0.941575
3 0.941825
3 0.942076
3 0.942327
3 0.942578
3 0.942828
3 0.943079
3 0.94333
3 0.943581
3 0.943831
3 0.944082
3 0.944333
2 0.944584
2 0.944835
2 0.945085
2 0.945336
2 0.945587
2 0.945838
2 0.946088
2 0.946339
2 0.94659
2 0.946841
2 0.947091
2 0.947342
2 0.947593
2 0.947844
2 0.948094
2 0.948345
2 0.948596
2 0.948847
2 0.949097
2 0.949348
2 0.949599
2 0.94985
2 0.9501
2 0.950351
2 0.950602
2 0.950853
2 0.951103
2 0.951354
2 0.951605
2 0.951856
2 0.952106
2 0.952357
2 0.952608
2 0.952859
2 0.953109
2 0.95336
2 0.953611
2 0.953862
2 0.954112
2 0.954363
2 0.954614
2 0.954865
2 0.955115
2 0.955366
2 0.955617
2 0.955868
2 0.956118
2 0.956369
2 0.95662
2 0.956871
2 0.957121
2 0.957372
2 0.957623
2 0.957874
2 0.958124
2 0.958375
2 0.958626
2 0.958877
2 0.959127
2 0.959378
2 0.959629
2 0.95988
2 0.96013
2 0.960381
2 0.960632
2 0.960883
2 0.961133
2 0.961384
2 0.961635
2 0.961886
2 0.962136
2 0.962387
2 0.962638
2 0.962889
2 0.963139
2 0.96339
2 0.963641
2 0.963892
2 0.964142
2 0.964393
2 0.964644
2 0.964895
2 0.965145
2 0.965396
2 0.965647
2 0.965898
2 0.966148
2 0.966399
2 0.96665
2 0.966901
2 0.967151
2 0.967402
2 0.967653
2 0.967904
2 0.968154
2 0.968405
2 0.968656
2 0.968907
2 0.969157
2 0.969408
2 0.969659
2 0.96991
2 0.97016
2 0.970411
2 0.970662
2 0.970913
2 0.971163
2 0.971414
2 0.971665
2 0.971916
2 0.972166
2 0.972417
2 0.972668
2 0.972919
2 0.97317
2 0.97342
2 0.973671
2 0.973922
2 0.974173
2 0.974423
2 0.974674
2 0.974925
2 0.975176
2 0.975426
2 0.975677
2 0.975928
2 0.976179
2 0.976429
2 0.97668
2 0.976931
2 0.977182
2 0.977432
2 0.977683
2 0.977934
2 0.978185
2 0.978435
2 0.978686
2 0.978937
2 0.979188
2 0.979438
2 0.979689
2 0.97994
2 0.980191
2 0.980441
2 0.980692
2 0.980943
2 0.981194
2 0.981444
2 0.981695
2 0.981946
2 0.982197
2 0.982447
2 0.982698
2 0.982949
2 0.9832
2 0.98345
2 0.983701
2 0.983952
2 0.984203
2 0.984453
2 0.984704
2 0.984955
2 0.985206
2 0.985456
2 0.985707
2 0.985958
2 0.986209
2 0.986459
2 0.98671
2 0.986961
2 0.987212
2 0.987462
2 0.987713
2 0.987964
1 0.988215
1 0.988465
1 0.988716
1 0.988967
1 0.989218
1 0.989468
1 0.989719
1 0.98997
1 0.990221
1 0.990471
1 0.990722
1 0.990973
1 0.991224
1 0.991474
1 0.991725
1 0.991976
1 0.992227
1 0.992477
1 0.992728
1 0.992979
1 0.99323
1 0.99348
1 0.993731
1 0.993982
1 0.994233
1 0.994483
1 0.994734
1 0.994985
1 0.995236
1 0.995486
1 0.995737
1 0.995988
1 0.996239
1 0.996489
1 0.99674
1 0.996991
1 0.997242
1 0.997492
1 0.997743
1 0.997994
1 0.998245
1 0.998495
1 0.998746
1 0.998997
1 0.999248
1 0.999498
1 0.999749
1 1
