20002 9600
8 182
7 147
0 141
5 130
4 117
6 117
1 101
37 98
11 97
2 96
47 90
34 89
15 87
3 86
13 83
17 80
35 79
26 76
50 76
21 74
14 73
16 72
19 69
23 69
12 68
65 65
68 64
78 64
27 61
33 60
66 59
118 57
18 57
24 57
10 56
63 56
64 55
48 54
42 53
73 52
283 51
51 51
58 48
25 47
110 46
185 46
29 46
41 46
137 45
71 45
101 44
31 44
129 43
57 43
83 43
90 43
124 42
127 42
128 42
197 42
20 42
273 42
70 42
204 41
133 40
213 40
44 40
45 40
243 39
274 39
135 38
28 38
53 38
102 37
122 37
293 37
40 37
81 37
84 37
164 36
258 36
260 36
355 36
616 36
76 36
793 36
139 35
145 35
150 35
187 35
291 35
32 35
46 35
153 34
178 34
206 34
255 34
342 34
756 34
99 34
109 33
140 33
167 33
179 33
22 33
38 33
458 33
628 33
95 33
108 32
120 32
163 32
198 32
250 32
30 32
322 32
364 32
370 32
60 32
126 31
214 31
333 31
340 31
373 31
410 31
62 31
87 31
89 31
114 30
119 30
131 30
1335 30
136 30
246 30
281 30
470 30
523 30
86 30
103 29
182 29
215 29
226 29
227 29
230 29
237 29
267 29
271 29
354 29
369 29
39 29
490 29
540 29
155 28
157 28
194 28
234 28
249 28
43 28
510 28
586 28
589 28
665 28
123 27
1597 27
169 27
176 27
218 27
262 27
336 27
49 27
666 27
747 27
93 27
98 27
113 26
144 26
147 26
174 26
200 26
259 26
325 26
460 26
539 26
56 26
100 25
1175 25
171 25
180 25
190 25
338 25
367 25
442 25
456 25
54 25
125 24
143 24
148 24
159 24
172 24
173 24
318 24
324 24
327 24
328 24
438 24
446 24
503 24
556 24
867 24
107 23
112 23
1319 23
132 23
210 23
228 23
236 23
244 23
285 23
305 23
345 23
349 23
363 23
499 23
501 23
52 23
552 23
637 23
656 23
1145 22
1620 22
195 22
196 22
1962 22
245 22
261 22
265 22
275 22
309 22
320 22
326 22
343 22
374 22
376 22
402 22
428 22
480 22
485 22
519 22
564 22
576 22
604 22
612 22
67 22
686 22
693 22
1123 21
1138 21
1464 21
184 21
1897 21
216 21
219 21
240 21
248 21
292 21
346 21
371 21
416 21
450 21
537 21
640 21
681 21
687 21
74 21
755 21
121 20
1326 20
1359 20
141 20
151 20
186 20
188 20
202 20
212 20
220 20
247 20
253 20
254 20
2780 20
284 20
296 20
310 20
315 20
382 20
392 20
432 20
459 20
496 20
511 20
525 20
561 20
605 20
61 20
625 20
635 20
641 20
663 20
815 20
874 20
876 20
910 20
951 20
995 20
1135 19
1136 19
1171 19
138 19
1467 19
1484 19
154 19
158 19
1863 19
280 19
295 19
358 19
36 19
408 19
409 19
466 19
482 19
526 19
553 19
568 19
580 19
582 19
598 19
610 19
704 19
715 19
717 19
94 19
1005 18
104 18
1223 18
1279 18
1311 18
134 18
1561 18
1612 18
168 18
2046 18
242 18
263 18
2671 18
269 18
2979 18
304 18
313 18
3285 18
337 18
357 18
375 18
398 18
411 18
414 18
419 18
437 18
462 18
500 18
565 18
590 18
606 18
607 18
629 18
69 18
701 18
710 18
713 18
727 18
753 18
80 18
806 18
854 18
92 18
926 18
1009 17
1048 17
105 17
1058 17
1116 17
116 17
1170 17
1197 17
1250 17
1317 17
1331 17
1333 17
1452 17
1459 17
1530 17
1556 17
161 17
1698 17
191 17
192 17
1948 17
2090 17
232 17
238 17
2400 17
2499 17
268 17
282 17
286 17
290 17
2970 17
301 17
303 17
311 17
391 17
412 17
418 17
420 17
433 17
497 17
504 17
508 17
532 17
558 17
59 17
591 17
615 17
649 17
664 17
674 17
678 17
680 17
696 17
702 17
744 17
757 17
784 17
802 17
824 17
829 17
846 17
859 17
881 17
893 17
9 17
1081 16
1083 16
1155 16
1159 16
1291 16
1314 16
1370 16
1428 16
146 16
1479 16
1569 16
1663 16
175 16
1772 16
1875 16
2166 16
2300 16
231 16
239 16
251 16
2588 16
2760 16
365 16
378 16
381 16
393 16
404 16
468 16
476 16
486 16
541 16
542 16
547 16
608 16
617 16
660 16
671 16
684 16
692 16
700 16
703 16
716 16
724 16
754 16
771 16
777 16
79 16
798 16
819 16
837 16
848 16
884 16
923 16
952 16
983 16
991 16
1026 15
1029 15
1053 15
1075 15
1111 15
1142 15
1238 15
1239 15
1312 15
1324 15
1353 15
1389 15
1390 15
1478 15
1512 15
1523 15
1575 15
1607 15
1634 15
1647 15
1650 15
1681 15
1729 15
1820 15
1858 15
1918 15
193 15
201 15
2032 15
2055 15
2102 15
2158 15
221 15
2420 15
252 15
2552 15
2628 15
2715 15
2746 15
2862 15
287 15
289 15
2965 15
299 15
3147 15
316 15
332 15
341 15
348 15
350 15
351 15
379 15
385 15
389 15
394 15
425 15
436 15
441 15
444 15
463 15
467 15
507 15
513 15
530 15
557 15
577 15
583 15
592 15
624 15
626 15
712 15
72 15
722 15
725 15
752 15
787 15
795 15
833 15
85 15
891 15
957 15
96 15
965 15
975 15
1022 14
1025 14
1031 14
1041 14
1054 14
1068 14
1086 14
1102 14
111 14
1110 14
1146 14
117 14
1174 14
1188 14
1213 14
1218 14
1230 14
1246 14
1258 14
1270 14
1274 14
1280 14
1282 14
1308 14
1318 14
1336 14
1374 14
1409 14
1443 14
1585 14
1642 14
1649 14
1651 14
1676 14
1718 14
1798 14
1807 14
1849 14
2041 14
2070 14
2118 14
223 14
2313 14
2339 14
2390 14
2445 14
2447 14
257 14
2678 14
276 14
2808 14
2829 14
288 14
306 14
3107 14
312 14
323 14
3244 14
352 14
3674 14
384 14
395 14
423 14
424 14
426 14
431 14
434 14
457 14
472 14
487 14
488 14
489 14
505 14
521 14
528 14
536 14
543 14
551 14
554 14
571 14
579 14
596 14
621 14
630 14
633 14
651 14
658 14
699 14
721 14
729 14
743 14
75 14
761 14
774 14
781 14
789 14
82 14
839 14
870 14
88 14
899 14
906 14
917 14
962 14
988 14
990 14
1042 13
1051 13
1070 13
1072 13
1087 13
1112 13
1161 13
1173 13
1186 13
1215 13
1222 13
1252 13
1253 13
1275 13
1322 13
1341 13
1383 13
1399 13
1445 13
149 13
1516 13
152 13
1543 13
156 13
1560 13
1587 13
160 13
1609 13
1618 13
1678 13
1684 13
1688 13
170 13
1730 13
1746 13
1748 13
1749 13
1830 13
1872 13
1899 13
1919 13
1972 13
199 13
2072 13
209 13
2095 13
2148 13
2190 13
2206 13
222 13
2233 13
235 13
2433 13
2512 13
2517 13
2558 13
2613 13
266 13
272 13
2768 13
277 13
278 13
2875 13
314 13
3269 13
3391 13
3529 13
353 13
3564 13
362 13
3631 13
366 13
377 13
397 13
415 13
417 13
443 13
445 13
461 13
477 13
493 13
506 13
563 13
642 13
647 13
672 13
706 13
735 13
746 13
766 13
775 13
807 13
847 13
853 13
858 13
863 13
895 13
896 13
909 13
930 13
939 13
940 13
946 13
947 13
964 13
973 13
977 13
986 13
1014 12
1021 12
1047 12
1055 12
1064 12
1071 12
1082 12
1085 12
1089 12
1107 12
1108 12
1147 12
1166 12
1192 12
1220 12
1221 12
1227 12
1231 12
1237 12
1241 12
1242 12
1255 12
1263 12
1267 12
1292 12
1297 12
1298 12
1302 12
1310 12
1330 12
1340 12
1368 12
1416 12
1434 12
1488 12
1489 12
1499 12
1503 12
1510 12
1517 12
1519 12
1540 12
1551 12
1553 12
1554 12
1558 12
1563 12
1577 12
1599 12
1615 12
1640 12
1654 12
166 12
1680 12
1692 12
1696 12
1720 12
1723 12
1727 12
1745 12
1759 12
1761 12
1768 12
1774 12
1779 12
1790 12
1794 12
1808 12
1834 12
1855 12
1877 12
1893 12
1900 12
1912 12
1913 12
1939 12
1984 12
1985 12
1989 12
2029 12
2033 12
2048 12
2067 12
211 12
2117 12
2120 12
2122 12
2153 12
2156 12
2170 12
2178 12
224 12
2269 12
2398 12
2417 12
2507 12
2508 12
2524 12
256 12
2687 12
2696 12
2754 12
2802 12
2844 12
2854 12
2960 12
298 12
3018 12
3033 12
308 12
3094 12
3158 12
3170 12
329 12
330 12
3304 12
3378 12
3718 12
3771 12
399 12
3995 12
400 12
4072 12
413 12
4168 12
4233 12
435 12
440 12
449 12
475 12
512 12
548 12
572 12
5753 12
594 12
611 12
620 12
648 12
659 12
679 12
682 12
683 12
688 12
694 12
726 12
734 12
739 12
741 12
751 12
759 12
760 12
772 12
780 12
797 12
803 12
808 12
849 12
862 12
875 12
879 12
91 12
922 12
948 12
958 12
960 12
961 12
966 12
969 12
974 12
979 12
994 12
996 12
998 12
999 12
1019 11
1043 11
1062 11
1069 11
1073 11
1078 11
1084 11
1093 11
1104 11
1105 11
1121 11
1129 11
1150 11
1160 11
1164 11
1176 11
1183 11
1191 11
1193 11
1195 11
1205 11
1233 11
1247 11
1259 11
1272 11
1304 11
1313 11
1380 11
1382 11
1396 11
142 11
1431 11
1435 11
1441 11
1446 11
1469 11
1472 11
1473 11
1501 11
1509 11
1525 11
1528 11
1541 11
1562 11
1580 11
1601 11
1652 11
1667 11
1712 11
1726 11
1728 11
1732 11
1741 11
1757 11
1764 11
1767 11
1777 11
181 11
1819 11
1824 11
1847 11
1880 11
1888 11
1926 11
1987 11
2001 11
2004 11
2010 11
2021 11
2023 11
2024 11
2036 11
2044 11
2052 11
2076 11
208 11
2100 11
2121 11
2139 11
217 11
2176 11
2194 11
2201 11
2210 11
2227 11
2263 11
2311 11
233 11
2352 11
2386 11
2391 11
2408 11
2431 11
2434 11
2441 11
2464 11
2470 11
2480 11
2523 11
2533 11
2568 11
2620 11
2630 11
2681 11
2731 11
2771 11
2790 11
2859 11
2901 11
2917 11
297 11
2982 11
3017 11
3105 11
3123 11
317 11
3240 11
3267 11
3281 11
331 11
3315 11
3360 11
3364 11
3377 11
339 11
3418 11
3489 11
3509 11
3579 11
3694 11
3709 11
3723 11
3839 11
388 11
3905 11
3907 11
3919 11
407 11
455 11
4587 11
4806 11
484 11
491 11
494 11
4995 11
514 11
517 11
518 11
527 11
529 11
531 11
55 11
555 11
559 11
567 11
588 11
632 11
634 11
643 11
646 11
6639 11
668 11
670 11
685 11
705 11
707 11
740 11
745 11
779 11
782 11
791 11
818 11
843 11
845 11
865 11
877 11
878 11
883 11
885 11
892 11
901 11
902 11
915 11
920 11
924 11
936 11
968 11
970 11
981 11
984 11
992 11
1002 10
1011 10
1015 10
1027 10
1037 10
1045 10
1050 10
1056 10
106 10
1063 10
1074 10
1088 10
1096 10
1125 10
1126 10
1130 10
1137 10
1187 10
1203 10
1211 10
1217 10
1224 10
1225 10
1229 10
1261 10
1284 10
1315 10
1316 10
1327 10
1329 10
1334 10
1337 10
1350 10
1365 10
1375 10
1394 10
1397 10
1407 10
1418 10
1432 10
1458 10
1461 10
1462 10
1471 10
1476 10
1487 10
1493 10
1511 10
1515 10
1527 10
1552 10
1572 10
1576 10
1621 10
1644 10
1656 10
1661 10
1686 10
1689 10
1695 10
1699 10
1737 10
1750 10
1763 10
1766 10
1806 10
1811 10
1829 10
1836 10
1838 10
1844 10
1869 10
1879 10
1883 10
1891 10
1904 10
1909 10
1927 10
1936 10
1937 10
1938 10
1940 10
1963 10
1971 10
1975 10
2049 10
205 10
2051 10
2058 10
2082 10
2089 10
2101 10
2108 10
2115 10
2116 10
2125 10
2135 10
2142 10
2159 10
2160 10
2162 10
2180 10
2182 10
2189 10
2211 10
2214 10
2234 10
225 10
2280 10
2326 10
2327 10
2333 10
2347 10
2353 10
2357 10
2360 10
2361 10
2376 10
2384 10
2399 10
2402 10
2432 10
2449 10
2493 10
2511 10
2522 10
2527 10
2530 10
2538 10
2570 10
2616 10
2625 10
2649 10
2668 10
2672 10
2686 10
2691 10
270 10
2708 10
2716 10
2741 10
2753 10
2775 10
2794 10
2811 10
2813 10
2835 10
2851 10
2868 10
2869 10
2872 10
2878 10
2884 10
2912 10
2925 10
2929 10
2943 10
2975 10
2985 10
300 10
3029 10
3049 10
307 10
3072 10
3104 10
3111 10
3126 10
3129 10
3165 10
3186 10
321 10
3236 10
3256 10
3266 10
3268 10
3289 10
3312 10
3323 10
3337 10
335 10
3358 10
3411 10
3447 10
3451 10
3472 10
3542 10
356 10
359 10
3621 10
3656 10
3663 10
3684 10
3690 10
3710 10
3720 10
3755 10
3769 10
3792 10
3798 10
380 10
3881 10
390 10
3917 10
3967 10
4048 10
4088 10
4152 10
4193 10
422 10
4228 10
4252 10
4313 10
4377 10
4387 10
4432 10
4446 10
447 10
4571 10
4592 10
471 10
474 10
4747 10
4856 10
492 10
4935 10
5159 10
5202 10
535 10
5401 10
6091 10
631 10
636 10
638 10
653 10
654 10
661 10
667 10
6679 10
676 10
689 10
698 10
708 10
709 10
730 10
763 10
765 10
769 10
77 10
778 10
786 10
788 10
816 10
817 10
832 10
836 10
841 10
856 10
860 10
869 10
873 10
900 10
903 10
905 10
907 10
916 10
934 10
942 10
949 10
956 10
971 10
1000 9
1001 9
1003 9
1007 9
1008 9
1023 9
1030 9
1032 9
1034 9
1035 9
1039 9
1046 9
1061 9
1065 9
1077 9
1079 9
1080 9
1100 9
1109 9
1119 9
1120 9
1122 9
1131 9
1151 9
1154 9
1181 9
1185 9
1190 9
1198 9
1199 9
1206 9
1212 9
1228 9
1240 9
1244 9
1256 9
1269 9
1278 9
1290 9
1305 9
1321 9
1325 9
1344 9
1360 9
1363 9
1369 9
1372 9
1388 9
1391 9
1392 9
1400 9
1402 9
1408 9
1411 9
1414 9
1422 9
1424 9
1425 9
1430 9
1436 9
1440 9
1442 9
1450 9
1453 9
1456 9
1465 9
1475 9
1513 9
1524 9
1532 9
1566 9
1586 9
1588 9
1592 9
1596 9
1610 9
1613 9
1614 9
1616 9
162 9
1624 9
1628 9
1645 9
165 9
1653 9
1657 9
1666 9
1675 9
1682 9
1694 9
1697 9
1700 9
1703 9
1711 9
1722 9
1724 9
1754 9
1770 9
1780 9
1783 9
1787 9
1791 9
1812 9
1825 9
1827 9
1837 9
1843 9
1845 9
1846 9
1852 9
1868 9
1876 9
1882 9
189 9
1917 9
1935 9
1941 9
1944 9
1956 9
1961 9
1964 9
1973 9
1980 9
1982 9
1983 9
2005 9
2018 9
2035 9
2043 9
2047 9
2050 9
2069 9
207 9
2096 9
2098 9
2099 9
2103 9
2112 9
2128 9
2136 9
2138 9
2140 9
2144 9
2157 9
2163 9
2186 9
2216 9
2237 9
2240 9
2243 9
2255 9
2256 9
2259 9
2290 9
2293 9
2296 9
2305 9
2310 9
2315 9
2319 9
2321 9
2325 9
2328 9
2329 9
2335 9
2351 9
2380 9
2395 9
2401 9
241 9
2412 9
2418 9
2423 9
2426 9
2437 9
2443 9
2451 9
2526 9
2531 9
2541 9
2547 9
2551 9
2554 9
2557 9
2560 9
2565 9
2569 9
2602 9
2603 9
2640 9
2644 9
2660 9
2663 9
2684 9
2688 9
2690 9
2698 9
2700 9
2713 9
2722 9
2726 9
2761 9
2782 9
2796 9
2843 9
2857 9
2873 9
2903 9
2915 9
2932 9
2941 9
2950 9
2955 9
3047 9
3052 9
3061 9
3083 9
3103 9
3110 9
3114 9
3138 9
3144 9
3150 9
3153 9
3161 9
3162 9
3174 9
3181 9
3187 9
319 9
3196 9
3216 9
3221 9
3272 9
3278 9
3293 9
3299 9
3302 9
3303 9
3331 9
3354 9
3373 9
3395 9
3401 9
3417 9
3420 9
3446 9
3450 9
3473 9
3474 9
3475 9
3478 9
3498 9
3507 9
3531 9
3533 9
3540 9
3551 9
3577 9
360 9
3634 9
3635 9
3639 9
3670 9
3679 9
3680 9
3682 9
3687 9
3781 9
3787 9
387 9
3872 9
3900 9
3912 9
3916 9
3932 9
3947 9
396 9
3976 9
3982 9
3986 9
3996 9
3998 9
3999 9
401 9
4015 9
4018 9
4024 9
403 9
4045 9
405 9
4055 9
4075 9
4093 9
4095 9
4099 9
4137 9
4150 9
4207 9
4236 9
4257 9
430 9
4303 9
4311 9
4312 9
4326 9
4346 9
4358 9
4451 9
4475 9
4480 9
4487 9
451 9
454 9
4561 9
4591 9
4639 9
464 9
4642 9
4653 9
4710 9
4777 9
4784 9
4792 9
481 9
4877 9
4928 9
4944 9
4957 9
4988 9
4996 9
502 9
5095 9
5135 9
5141 9
5176 9
5195 9
5258 9
5259 9
5272 9
5322 9
533 9
534 9
5445 9
549 9
550 9
560 9
5604 9
562 9
570 9
578 9
595 9
599 9
600 9
601 9
6074 9
6075 9
6083 9
6095 9
613 9
614 9
619 9
6413 9
6474 9
6575 9
662 9
677 9
731 9
7358 9
737 9
738 9
768 9
794 9
801 9
814 9
820 9
826 9
827 9
835 9
838 9
861 9
880 9
882 9
890 9
897 9
908 9
928 9
931 9
933 9
943 9
945 9
955 9
976 9
985 9
987 9
993 9
997 9
1012 8
1017 8
1024 8
1033 8
1036 8
1040 8
1044 8
1052 8
1066 8
1090 8
1091 8
1098 8
1099 8
1101 8
1124 8
1128 8
1132 8
1152 8
1165 8
1167 8
1168 8
1169 8
1172 8
1178 8
1180 8
1202 8
1208 8
1210 8
1226 8
1232 8
1251 8
1271 8
1273 8
1286 8
1287 8
1294 8
1303 8
1320 8
1328 8
1338 8
1343 8
1346 8
1349 8
1351 8
1357 8
1361 8
1362 8
1367 8
1377 8
1386 8
1387 8
1398 8
1401 8
1403 8
1405 8
1419 8
1420 8
1421 8
1429 8
1438 8
1444 8
1454 8
1457 8
1466 8
1492 8
1505 8
1507 8
1522 8
1535 8
1536 8
1549 8
1555 8
1559 8
1567 8
1568 8
1573 8
1574 8
1578 8
1583 8
1602 8
1603 8
1604 8
1606 8
1625 8
1629 8
1633 8
1636 8
1648 8
1655 8
1660 8
1690 8
1693 8
1721 8
1731 8
1733 8
1742 8
1744 8
1752 8
1753 8
1756 8
177 8
1776 8
1795 8
1822 8
1831 8
1832 8
1835 8
1851 8
1853 8
1860 8
1861 8
1862 8
1866 8
1890 8
1901 8
1906 8
1910 8
1930 8
1934 8
1953 8
1965 8
1967 8
1968 8
1981 8
1986 8
1999 8
2027 8
2031 8
2045 8
2056 8
2057 8
2060 8
2063 8
2065 8
2066 8
2083 8
2094 8
2097 8
2104 8
2111 8
2126 8
2132 8
2146 8
2149 8
2150 8
2152 8
2165 8
2171 8
2177 8
2179 8
2195 8
2204 8
2207 8
2209 8
2213 8
2219 8
2231 8
2249 8
2260 8
2261 8
2267 8
2283 8
2288 8
229 8
2291 8
2298 8
2301 8
2303 8
2304 8
2306 8
2316 8
2318 8
2320 8
2332 8
2340 8
2362 8
2365 8
2383 8
2388 8
2392 8
2394 8
2403 8
2404 8
2405 8
2407 8
2410 8
2422 8
2425 8
2427 8
2428 8
2438 8
2440 8
2442 8
2444 8
2446 8
2463 8
2467 8
2474 8
2477 8
2482 8
2489 8
2490 8
2500 8
2510 8
2516 8
2519 8
2521 8
2528 8
2540 8
2544 8
2559 8
2563 8
2574 8
2586 8
2594 8
2595 8
2600 8
2606 8
2608 8
2610 8
2614 8
2615 8
2621 8
2627 8
2629 8
2639 8
2645 8
2647 8
2652 8
2656 8
2666 8
2680 8
2685 8
2694 8
2695 8
2699 8
2725 8
2735 8
2739 8
2747 8
2751 8
2752 8
2762 8
2764 8
2766 8
2777 8
2781 8
2786 8
2792 8
2795 8
2809 8
2810 8
2815 8
2831 8
2833 8
2840 8
2855 8
2858 8
2863 8
2882 8
2888 8
2907 8
2922 8
2947 8
2948 8
2953 8
2956 8
2974 8
2977 8
2981 8
2983 8
2993 8
2999 8
3004 8
3016 8
302 8
3022 8
3023 8
3028 8
3062 8
3071 8
3078 8
3091 8
3093 8
3115 8
3118 8
3121 8
3127 8
3134 8
3136 8
3141 8
3146 8
3156 8
3178 8
3183 8
3185 8
3188 8
3194 8
3209 8
3213 8
3217 8
3219 8
3228 8
3231 8
3238 8
3246 8
3247 8
3252 8
3265 8
3271 8
3273 8
3274 8
3305 8
3306 8
3318 8
3320 8
3330 8
3333 8
3334 8
3335 8
3342 8
3345 8
3347 8
3353 8
3359 8
3361 8
3366 8
3369 8
3380 8
3404 8
3405 8
3423 8
344 8
3442 8
347 8
3470 8
3471 8
3503 8
3510 8
3515 8
3547 8
3553 8
3569 8
3570 8
3572 8
3590 8
3595 8
3603 8
3605 8
361 8
3620 8
3624 8
3638 8
3646 8
3649 8
3657 8
3661 8
3672 8
3673 8
3700 8
372 8
3738 8
3749 8
3754 8
3759 8
3765 8
3766 8
3785 8
3788 8
3811 8
3834 8
3855 8
3865 8
3874 8
3888 8
3890 8
3902 8
3936 8
3942 8
3943 8
3946 8
3953 8
3963 8
3965 8
3970 8
3984 8
3989 8
4006 8
4011 8
4051 8
4059 8
406 8
4078 8
4082 8
4102 8
4113 8
4144 8
4155 8
4159 8
4188 8
421 8
4244 8
4263 8
4264 8
4267 8
4292 8
4297 8
4330 8
4341 8
4361 8
4362 8
4370 8
4400 8
4404 8
4416 8
4421 8
4454 8
4458 8
4470 8
4481 8
4493 8
4496 8
4500 8
4519 8
453 8
4546 8
4548 8
4585 8
4593 8
4627 8
4640 8
4662 8
4693 8
4709 8
4729 8
4741 8
4748 8
4771 8
4778 8
478 8
4786 8
4791 8
4797 8
4814 8
4827 8
4837 8
4841 8
4873 8
4894 8
4921 8
4925 8
4939 8
4999 8
5005 8
5022 8
5024 8
5035 8
5054 8
5057 8
5077 8
5080 8
5101 8
5132 8
5145 8
5177 8
5239 8
5284 8
5303 8
5319 8
5356 8
5360 8
5382 8
5392 8
5394 8
544 8
545 8
5453 8
5455 8
5517 8
5557 8
5593 8
5616 8
5629 8
5655 8
5678 8
5682 8
5695 8
5709 8
5731 8
5780 8
5820 8
5831 8
5835 8
5873 8
5910 8
5917 8
593 8
5963 8
6011 8
602 8
6040 8
6089 8
623 8
6281 8
6326 8
6343 8
6378 8
644 8
650 8
652 8
657 8
6573 8
6684 8
6786 8
6796 8
691 8
7025 8
7088 8
711 8
7133 8
714 8
7171 8
718 8
7219 8
7227 8
723 8
728 8
7351 8
742 8
7470 8
748 8
749 8
750 8
7515 8
7652 8
770 8
7840 8
785 8
790 8
792 8
796 8
799 8
805 8
810 8
821 8
840 8
842 8
851 8
8545 8
857 8
864 8
871 8
912 8
913 8
929 8
932 8
935 8
944 8
953 8
967 8
978 8
989 8
1016 7
1059 7
1092 7
1094 7
1095 7
1103 7
1106 7
1114 7
1115 7
1127 7
1139 7
1140 7
1143 7
1148 7
1149 7
1153 7
1158 7
1162 7
1179 7
1182 7
1189 7
1243 7
1245 7
1249 7
1254 7
1262 7
1264 7
1277 7
1281 7
1285 7
1288 7
1289 7
1299 7
1301 7
1323 7
1332 7
1339 7
1347 7
1366 7
1371 7
1376 7
1379 7
1381 7
1384 7
1385 7
1393 7
1410 7
1426 7
1427 7
1448 7
1449 7
1460 7
1477 7
1483 7
1486 7
1491 7
1495 7
1498 7
1502 7
1518 7
1520 7
1533 7
1539 7
1542 7
1544 7
1547 7
1564 7
1565 7
1570 7
1579 7
1581 7
1593 7
1594 7
1598 7
1608 7
1611 7
1619 7
1626 7
1631 7
1638 7
1646 7
1669 7
1671 7
1673 7
1677 7
1683 7
1687 7
1704 7
1708 7
1710 7
1714 7
1717 7
1719 7
1738 7
1740 7
1747 7
1751 7
1758 7
1762 7
1771 7
1775 7
1781 7
1782 7
1785 7
1789 7
1792 7
1826 7
183 7
1833 7
1842 7
1850 7
1856 7
1873 7
1878 7
1886 7
1887 7
1895 7
1914 7
1915 7
1920 7
1921 7
1922 7
1928 7
1929 7
1931 7
1933 7
1942 7
1958 7
1970 7
1976 7
1978 7
1979 7
1996 7
2003 7
2011 7
2014 7
2019 7
2022 7
203 7
2030 7
2034 7
2039 7
2053 7
2062 7
2064 7
2073 7
2074 7
2078 7
2079 7
2080 7
2085 7
2086 7
2088 7
2091 7
2093 7
2106 7
2107 7
2110 7
2113 7
2119 7
2124 7
2131 7
2133 7
2143 7
2155 7
2161 7
2172 7
2185 7
2196 7
2215 7
2220 7
2221 7
2222 7
2225 7
2229 7
2241 7
2244 7
2245 7
2247 7
2251 7
2254 7
2258 7
2264 7
2272 7
2275 7
2277 7
2285 7
2294 7
2314 7
2317 7
2323 7
2337 7
2342 7
2349 7
2354 7
2358 7
2363 7
2366 7
2368 7
2375 7
2389 7
2397 7
2409 7
2416 7
2419 7
2424 7
2435 7
2439 7
2448 7
2454 7
2457 7
2459 7
2468 7
2471 7
2476 7
2478 7
2485 7
2486 7
2488 7
2498 7
2505 7
2506 7
2514 7
2515 7
2518 7
2537 7
2542 7
2546 7
2553 7
2555 7
2561 7
2572 7
2575 7
2576 7
2577 7
2580 7
2582 7
2589 7
2599 7
2601 7
2611 7
2612 7
2617 7
2623 7
2624 7
2632 7
264 7
2643 7
2648 7
2651 7
2653 7
2655 7
2662 7
2670 7
2677 7
2679 7
2682 7
2704 7
2705 7
2707 7
2711 7
2712 7
2718 7
2724 7
2727 7
2728 7
2738 7
2740 7
2743 7
2748 7
2758 7
2765 7
2773 7
2788 7
2798 7
2800 7
2817 7
2819 7
2820 7
2821 7
2824 7
2827 7
2830 7
2836 7
2841 7
2847 7
2864 7
2876 7
2887 7
2890 7
2895 7
2899 7
2919 7
2926 7
2931 7
2937 7
294 7
2961 7
2966 7
2967 7
2969 7
2972 7
2976 7
2978 7
2984 7
2998 7
3003 7
3011 7
3013 7
3014 7
3015 7
3026 7
3027 7
3031 7
3032 7
3034 7
3041 7
3042 7
3045 7
3048 7
3053 7
3060 7
3063 7
3065 7
3067 7
3070 7
3087 7
3101 7
3117 7
3130 7
3145 7
3149 7
3166 7
3167 7
3172 7
3173 7
3177 7
3205 7
3210 7
3215 7
3222 7
3223 7
3225 7
3234 7
3237 7
3248 7
3249 7
3254 7
3258 7
3260 7
3262 7
3263 7
3277 7
3283 7
3292 7
3311 7
3313 7
3322 7
3326 7
3329 7
3340 7
3356 7
3357 7
3365 7
3368 7
3370 7
3372 7
3389 7
3406 7
3407 7
3410 7
3414 7
3429 7
3431 7
3433 7
3434 7
3435 7
3436 7
3445 7
3448 7
3453 7
3454 7
3461 7
3465 7
3466 7
3467 7
3476 7
3479 7
3480 7
3481 7
3483 7
3491 7
3492 7
3493 7
3494 7
3502 7
3508 7
3511 7
3516 7
3520 7
3523 7
3534 7
3536 7
3541 7
3554 7
3555 7
3565 7
3580 7
3583 7
3586 7
3596 7
3604 7
3607 7
3611 7
3613 7
3615 7
3618 7
3632 7
3640 7
3641 7
3658 7
3659 7
3665 7
3667 7
3671 7
3678 7
368 7
3681 7
3686 7
3689 7
3707 7
3724 7
3726 7
3732 7
3734 7
3740 7
3741 7
3743 7
3746 7
3778 7
3791 7
3801 7
3802 7
3803 7
3810 7
3813 7
3825 7
3826 7
3828 7
3829 7
383 7
3833 7
3838 7
3841 7
3848 7
3852 7
3854 7
3877 7
3884 7
3891 7
3922 7
3925 7
3931 7
3937 7
3939 7
3941 7
3951 7
3964 7
3980 7
3994 7
4005 7
4007 7
4020 7
4025 7
4027 7
4041 7
4042 7
4046 7
4056 7
4063 7
4077 7
4091 7
4094 7
4101 7
4109 7
4114 7
4123 7
4124 7
4127 7
4138 7
4149 7
4153 7
4158 7
4171 7
4173 7
4180 7
4184 7
4190 7
4205 7
4209 7
4210 7
4224 7
4234 7
4237 7
4238 7
4241 7
4242 7
4249 7
4254 7
4265 7
4268 7
427 7
4275 7
429 7
4293 7
4294 7
4295 7
4308 7
4319 7
4325 7
4329 7
4365 7
4366 7
4372 7
4378 7
4380 7
4382 7
439 7
4391 7
4405 7
4418 7
4424 7
4426 7
4440 7
4443 7
4449 7
4456 7
4462 7
4476 7
4498 7
4510 7
452 7
4526 7
4530 7
4535 7
4537 7
4547 7
4554 7
4567 7
4573 7
4574 7
4611 7
4615 7
4616 7
4619 7
465 7
4654 7
4661 7
4675 7
4687 7
4696 7
4716 7
4717 7
473 7
4749 7
4775 7
479 7
4802 7
4823 7
4828 7
4829 7
483 7
4838 7
4848 7
4850 7
4861 7
4862 7
4865 7
4867 7
4869 7
4882 7
4901 7
4930 7
4934 7
4948 7
495 7
4954 7
4970 7
4972 7
4974 7
498 7
4985 7
4987 7
5003 7
5007 7
5010 7
5033 7
5040 7
5042 7
5053 7
5063 7
5074 7
5076 7
5079 7
5083 7
5084 7
5108 7
5115 7
5123 7
5126 7
5127 7
515 7
5162 7
5169 7
5190 7
5194 7
520 7
5218 7
5220 7
5222 7
5223 7
5227 7
524 7
5242 7
5269 7
5271 7
5273 7
5276 7
5278 7
5290 7
5297 7
5310 7
5330 7
5335 7
5343 7
5351 7
5374 7
538 7
5381 7
5389 7
5398 7
5425 7
5449 7
5451 7
546 7
5471 7
5475 7
5487 7
5495 7
5512 7
5528 7
5546 7
5548 7
5552 7
5565 7
5585 7
5634 7
5687 7
569 7
5694 7
5697 7
5739 7
574 7
5776 7
5779 7
5811 7
5817 7
5818 7
585 7
5857 7
5905 7
5913 7
5916 7
5921 7
5930 7
5934 7
5956 7
5960 7
6025 7
6028 7
6034 7
6049 7
6059 7
6064 7
6069 7
609 7
6092 7
6099 7
6102 7
6115 7
6186 7
6188 7
6198 7
6199 7
622 7
6225 7
6233 7
6268 7
6284 7
6401 7
6404 7
6417 7
6440 7
6442 7
6449 7
6450 7
6489 7
6517 7
6527 7
6542 7
655 7
6554 7
6562 7
6590 7
6625 7
6646 7
6678 7
669 7
6690 7
6709 7
6714 7
6740 7
6743 7
675 7
6821 7
6903 7
6918 7
6934 7
7016 7
7102 7
7161 7
7172 7
7207 7
7216 7
7267 7
7285 7
7294 7
7314 7
7320 7
7326 7
733 7
7339 7
7474 7
7595 7
762 7
7666 7
776 7
7784 7
7786 7
783 7
7866 7
7883 7
7947 7
7995 7
8024 7
811 7
8156 7
8176 7
822 7
8283 7
834 7
8464 7
8525 7
855 7
8646 7
8735 7
8745 7
886 7
888 7
889 7
919 7
954 7
959 7
982 7
1004 6
1006 6
1010 6
1018 6
1028 6
1049 6
1057 6
1067 6
1076 6
1117 6
1118 6
1133 6
1141 6
1144 6
115 6
1156 6
1157 6
1194 6
1196 6
1201 6
1204 6
1209 6
1216 6
1219 6
1234 6
1248 6
1265 6
1268 6
1283 6
1293 6
1300 6
1306 6
1307 6
1345 6
1355 6
1364 6
1404 6
1412 6
1415 6
1433 6
1447 6
1451 6
1463 6
1474 6
1485 6
1494 6
1496 6
1504 6
1508 6
1514 6
1521 6
1526 6
1534 6
1538 6
1548 6
1550 6
1557 6
1582 6
1584 6
1591 6
1617 6
1622 6
1623 6
1632 6
1635 6
1639 6
1664 6
1668 6
1670 6
1674 6
1685 6
1691 6
1702 6
1709 6
1713 6
1715 6
1716 6
1725 6
1734 6
1739 6
1743 6
1755 6
1760 6
1765 6
1769 6
1778 6
1784 6
1786 6
1788 6
1793 6
1796 6
1797 6
1799 6
1803 6
1814 6
1816 6
1821 6
1823 6
1828 6
1859 6
1874 6
1884 6
1885 6
1892 6
1896 6
1898 6
1923 6
1943 6
1949 6
1950 6
1951 6
1952 6
1955 6
1966 6
1977 6
1990 6
1991 6
1994 6
1995 6
2007 6
2013 6
2025 6
2026 6
2028 6
2037 6
2038 6
2040 6
2042 6
2054 6
2059 6
2061 6
2068 6
2071 6
2081 6
2087 6
2105 6
2127 6
2130 6
2145 6
2147 6
2154 6
2164 6
2168 6
2173 6
2174 6
2175 6
2183 6
2187 6
2188 6
2192 6
2193 6
2217 6
2223 6
2230 6
2236 6
2238 6
2246 6
2250 6
2252 6
2253 6
2257 6
2262 6
2266 6
2270 6
2273 6
2278 6
2281 6
2282 6
2284 6
2287 6
2289 6
2292 6
2295 6
2312 6
2330 6
2331 6
2336 6
2345 6
2350 6
2355 6
2356 6
2367 6
2369 6
2372 6
2374 6
2378 6
2379 6
2393 6
2396 6
2406 6
2415 6
2429 6
2436 6
2450 6
2462 6
2465 6
2473 6
2475 6
2479 6
2481 6
2492 6
2494 6
2496 6
2497 6
2501 6
2520 6
2525 6
2534 6
2536 6
2539 6
2545 6
2548 6
2549 6
2578 6
2581 6
2584 6
2587 6
2593 6
2596 6
2597 6
2598 6
2605 6
2609 6
2618 6
2622 6
2626 6
2633 6
2634 6
2635 6
2636 6
2637 6
2642 6
2650 6
2654 6
2657 6
2658 6
2659 6
2664 6
2669 6
2673 6
2683 6
2689 6
2703 6
2709 6
2710 6
2714 6
2717 6
2720 6
2732 6
2733 6
2734 6
2750 6
2756 6
2779 6
2784 6
2785 6
2787 6
2789 6
2791 6
2797 6
2799 6
2801 6
2803 6
2806 6
2816 6
2818 6
2828 6
2834 6
2838 6
2839 6
2842 6
2845 6
2849 6
2850 6
2853 6
2856 6
2861 6
2865 6
2871 6
2879 6
2893 6
2897 6
2902 6
2904 6
2906 6
2908 6
2909 6
2910 6
2918 6
2920 6
2921 6
2927 6
2928 6
2930 6
2944 6
2945 6
2946 6
2949 6
2951 6
2958 6
2964 6
2973 6
2986 6
2987 6
2989 6
2994 6
2995 6
2996 6
2997 6
3000 6
3005 6
3007 6
3010 6
3019 6
3035 6
3036 6
3037 6
3039 6
3043 6
3044 6
3046 6
3050 6
3066 6
3068 6
3074 6
3075 6
3092 6
3096 6
3097 6
3100 6
3116 6
3124 6
3135 6
3139 6
3160 6
3175 6
3176 6
3189 6
3190 6
3191 6
3192 6
3197 6
3201 6
3202 6
3214 6
3227 6
3230 6
3233 6
3242 6
3243 6
3245 6
3255 6
3257 6
3261 6
3264 6
3276 6
3280 6
3284 6
3290 6
3291 6
3296 6
3297 6
3301 6
3309 6
3310 6
3317 6
3319 6
3324 6
3332 6
3336 6
3338 6
334 6
3341 6
3349 6
3374 6
3375 6
3381 6
3382 6
3384 6
3385 6
3387 6
3392 6
3393 6
3396 6
3397 6
3398 6
3403 6
3409 6
3412 6
3415 6
3421 6
3427 6
3441 6
3449 6
3455 6
3458 6
3463 6
3468 6
3469 6
3485 6
3487 6
3497 6
3499 6
3513 6
3518 6
3519 6
3522 6
3524 6
3526 6
3527 6
3530 6
3535 6
3546 6
3548 6
3552 6
3561 6
3567 6
3568 6
3571 6
3575 6
3578 6
3587 6
3588 6
3589 6
3608 6
3609 6
3612 6
3619 6
3623 6
3626 6
3627 6
3629 6
3633 6
3636 6
3645 6
3647 6
3651 6
3664 6
3666 6
3668 6
3683 6
3691 6
3692 6
3693 6
3695 6
3697 6
3698 6
3702 6
3703 6
3705 6
3711 6
3729 6
3731 6
3737 6
3747 6
3752 6
3770 6
3772 6
3774 6
3776 6
3777 6
3783 6
3790 6
3795 6
3796 6
3800 6
3806 6
3819 6
3820 6
3821 6
3827 6
3836 6
3840 6
3847 6
3849 6
386 6
3862 6
3866 6
3875 6
3887 6
3892 6
3904 6
3906 6
3908 6
3909 6
3910 6
3915 6
3920 6
3928 6
3934 6
3935 6
3945 6
3948 6
3954 6
3956 6
3959 6
3966 6
3968 6
3969 6
3979 6
3987 6
3988 6
3991 6
4000 6
4008 6
4016 6
4029 6
4030 6
4031 6
4032 6
4034 6
4044 6
4052 6
4053 6
4054 6
4070 6
4071 6
4079 6
4086 6
4096 6
4118 6
4120 6
4128 6
4130 6
4133 6
4134 6
4140 6
4141 6
4156 6
4157 6
4165 6
4166 6
4167 6
4169 6
4174 6
4176 6
4177 6
4178 6
4182 6
4187 6
4189 6
4194 6
4197 6
4198 6
4200 6
4202 6
4215 6
4217 6
4218 6
4222 6
4227 6
4229 6
4239 6
4243 6
4247 6
4248 6
4255 6
4256 6
4258 6
4261 6
4272 6
4276 6
4281 6
4291 6
4298 6
4304 6
4315 6
4321 6
4322 6
4324 6
4327 6
4331 6
4333 6
4338 6
4359 6
4371 6
4373 6
4375 6
4376 6
4384 6
4386 6
4389 6
4390 6
4394 6
4399 6
4403 6
4407 6
4410 6
4412 6
4413 6
4423 6
4430 6
4439 6
4441 6
4442 6
4452 6
4457 6
4463 6
4467 6
4468 6
4469 6
4472 6
4473 6
4478 6
4479 6
448 6
4482 6
4485 6
4491 6
4492 6
4494 6
4497 6
4507 6
4508 6
4511 6
4518 6
4527 6
4529 6
4533 6
4536 6
4542 6
4544 6
4549 6
4565 6
4570 6
4589 6
4590 6
4599 6
4601 6
4604 6
4605 6
4607 6
4609 6
4613 6
4617 6
4620 6
4622 6
4628 6
4633 6
4638 6
4643 6
4650 6
4651 6
4665 6
4666 6
4672 6
4674 6
4678 6
4680 6
4684 6
4688 6
4689 6
469 6
4698 6
4704 6
4707 6
4708 6
4718 6
4730 6
4731 6
4733 6
4734 6
4738 6
4740 6
4743 6
4746 6
4753 6
4756 6
4766 6
4768 6
4769 6
4773 6
4779 6
4783 6
4785 6
4788 6
4789 6
4794 6
4796 6
4803 6
4804 6
4813 6
4819 6
4824 6
4843 6
4845 6
4859 6
4863 6
4883 6
4890 6
4892 6
4896 6
4897 6
4899 6
4902 6
4905 6
4909 6
4910 6
4912 6
4915 6
4916 6
4920 6
4924 6
4947 6
4949 6
4952 6
4958 6
4959 6
4963 6
4969 6
4976 6
4983 6
4990 6
4993 6
4998 6
5002 6
5011 6
5012 6
5023 6
5025 6
5041 6
5044 6
5048 6
5051 6
5052 6
5058 6
5064 6
5065 6
5073 6
5082 6
509 6
5090 6
5091 6
5098 6
5100 6
5106 6
5109 6
5111 6
5125 6
5128 6
5131 6
5138 6
5142 6
5143 6
5144 6
5146 6
5149 6
5153 6
5154 6
5160 6
5165 6
5166 6
5167 6
5180 6
5182 6
5186 6
5193 6
5201 6
5203 6
5211 6
5214 6
522 6
5228 6
5230 6
5231 6
5235 6
5236 6
5246 6
5248 6
5264 6
5267 6
5268 6
5277 6
5281 6
5283 6
5289 6
5293 6
5296 6
5298 6
5301 6
5302 6
5305 6
5306 6
5309 6
5313 6
5315 6
5332 6
5350 6
5354 6
5361 6
5364 6
5372 6
5376 6
5377 6
5397 6
5404 6
5413 6
5417 6
5426 6
5428 6
5430 6
5431 6
5433 6
5442 6
5446 6
5460 6
5465 6
5467 6
5470 6
5472 6
5479 6
5484 6
5488 6
5491 6
5496 6
5505 6
5515 6
5516 6
5518 6
5524 6
5535 6
5536 6
5537 6
5538 6
5553 6
5555 6
5560 6
5561 6
5573 6
5575 6
5580 6
5599 6
5602 6
5605 6
5606 6
5608 6
5630 6
5632 6
5638 6
5639 6
5642 6
5643 6
5651 6
5657 6
566 6
5660 6
5662 6
5664 6
5674 6
5675 6
5679 6
5686 6
5691 6
5700 6
5701 6
5704 6
5706 6
5707 6
5713 6
5714 6
5716 6
5720 6
5723 6
5724 6
5740 6
5741 6
5750 6
5755 6
5762 6
5763 6
5764 6
5767 6
5774 6
5781 6
5782 6
5785 6
5788 6
5791 6
5794 6
5797 6
5805 6
5814 6
5822 6
5823 6
5825 6
5829 6
5837 6
5850 6
5851 6
5852 6
5866 6
587 6
5871 6
5879 6
5884 6
5895 6
5909 6
5918 6
5920 6
5923 6
5927 6
5931 6
5938 6
5957 6
5968 6
5975 6
5977 6
5979 6
5980 6
5982 6
5985 6
5988 6
5992 6
5999 6
6002 6
6003 6
6006 6
6016 6
6017 6
6020 6
603 6
6044 6
6050 6
6051 6
6067 6
6071 6
6082 6
6103 6
6106 6
6108 6
6116 6
6122 6
6125 6
6157 6
6159 6
6163 6
6168 6
6174 6
6181 6
6190 6
6194 6
6201 6
6202 6
6205 6
6216 6
6221 6
6234 6
6241 6
6260 6
6263 6
627 6
6273 6
6283 6
6285 6
6302 6
6303 6
6308 6
6324 6
6328 6
6358 6
6368 6
6388 6
6394 6
6399 6
6400 6
6408 6
6411 6
6424 6
6425 6
6430 6
6431 6
6435 6
6441 6
645 6
6455 6
6469 6
6472 6
6477 6
6480 6
6481 6
6486 6
6520 6
6540 6
6543 6
6547 6
6558 6
6571 6
6592 6
6594 6
6603 6
6620 6
6624 6
6630 6
6633 6
6638 6
6642 6
6643 6
6650 6
6654 6
6671 6
6683 6
6689 6
6711 6
6719 6
673 6
6731 6
6736 6
6737 6
6759 6
6784 6
6785 6
6790 6
6794 6
6803 6
6804 6
6820 6
6825 6
6827 6
6828 6
6830 6
6841 6
6846 6
6850 6
6856 6
6879 6
6884 6
6899 6
6901 6
6908 6
6910 6
6920 6
6939 6
695 6
6955 6
6962 6
6964 6
6975 6
6997 6
7003 6
7006 6
7024 6
7035 6
7036 6
7049 6
7054 6
7062 6
7063 6
7099 6
7104 6
7113 6
7124 6
7132 6
7136 6
7142 6
7151 6
7153 6
7160 6
7166 6
7177 6
7198 6
720 6
7223 6
7226 6
7228 6
7230 6
7232 6
7241 6
7254 6
7263 6
7265 6
7278 6
7282 6
7286 6
7315 6
7316 6
732 6
7321 6
7338 6
736 6
7391 6
7394 6
7405 6
7410 6
7430 6
7431 6
7445 6
7451 6
7466 6
7472 6
7487 6
7509 6
7543 6
7546 6
7568 6
7569 6
7599 6
7610 6
7628 6
764 6
7660 6
7667 6
7675 6
7690 6
7698 6
7712 6
7723 6
7729 6
773 6
7732 6
7761 6
7781 6
7796 6
7847 6
7856 6
7868 6
7872 6
7881 6
7887 6
7916 6
7946 6
7973 6
8010 6
8017 6
804 6
8070 6
8087 6
8123 6
813 6
8180 6
8282 6
830 6
8309 6
8342 6
8357 6
8382 6
844 6
8473 6
8479 6
850 6
8534 6
8547 6
8565 6
8573 6
8577 6
8616 6
8676 6
868 6
8737 6
8748 6
8782 6
8786 6
8797 6
8829 6
8850 6
8862 6
887 6
894 6
8940 6
898 6
904 6
911 6
9164 6
918 6
9202 6
9216 6
937 6
9453 6
950 6
963 6
1013 5
1038 5
1060 5
1134 5
1163 5
1177 5
1207 5
1214 5
1235 5
1236 5
1260 5
1266 5
1276 5
130 5
1309 5
1342 5
1352 5
1356 5
1378 5
1395 5
1406 5
1413 5
1423 5
1439 5
1455 5
1470 5
1482 5
1490 5
1497 5
1500 5
1529 5
1531 5
1537 5
1545 5
1571 5
1589 5
1595 5
1600 5
1605 5
1627 5
1630 5
1637 5
1641 5
1643 5
1659 5
1662 5
1665 5
1672 5
1679 5
1705 5
1707 5
1736 5
1773 5
1800 5
1801 5
1805 5
1809 5
1810 5
1813 5
1815 5
1818 5
1839 5
1840 5
1854 5
1857 5
1867 5
1870 5
1871 5
1881 5
1894 5
1903 5
1905 5
1911 5
1916 5
1924 5
1932 5
1947 5
1954 5
1957 5
1959 5
1960 5
1969 5
1988 5
1992 5
1997 5
1998 5
2002 5
2006 5
2008 5
2012 5
2015 5
2017 5
2075 5
2077 5
2092 5
2109 5
2123 5
2134 5
2137 5
2167 5
2181 5
2191 5
2197 5
2199 5
2202 5
2205 5
2208 5
2212 5
2224 5
2226 5
2228 5
2232 5
2235 5
2248 5
2265 5
2268 5
2271 5
2274 5
2279 5
2299 5
2302 5
2309 5
2322 5
2324 5
2334 5
2338 5
2341 5
2344 5
2359 5
2373 5
2381 5
2382 5
2385 5
2387 5
2411 5
2413 5
2430 5
2453 5
2455 5
2458 5
2460 5
2461 5
2466 5
2484 5
2495 5
2502 5
2503 5
2504 5
2509 5
2513 5
2532 5
2535 5
2543 5
2550 5
2562 5
2566 5
2567 5
2579 5
2585 5
2592 5
2604 5
2607 5
2619 5
2631 5
2638 5
2641 5
2646 5
2661 5
2667 5
2674 5
2675 5
2692 5
2693 5
2701 5
2702 5
2706 5
2719 5
2721 5
2723 5
2729 5
2736 5
2737 5
2742 5
2745 5
2755 5
2757 5
2759 5
2763 5
2769 5
2772 5
2774 5
2778 5
279 5
2793 5
2804 5
2805 5
2807 5
2814 5
2823 5
2825 5
2826 5
2832 5
2837 5
2846 5
2860 5
2867 5
2870 5
2874 5
2880 5
2881 5
2883 5
2886 5
2889 5
2891 5
2892 5
2896 5
2900 5
2905 5
2914 5
2916 5
2923 5
2924 5
2933 5
2934 5
2935 5
2936 5
2938 5
2940 5
2942 5
2952 5
2954 5
2959 5
2968 5
2971 5
2980 5
2990 5
3002 5
3006 5
3008 5
3012 5
3020 5
3024 5
3030 5
3038 5
3040 5
3051 5
3054 5
3055 5
3058 5
3076 5
3077 5
3081 5
3082 5
3084 5
3089 5
3090 5
3095 5
3102 5
3106 5
3108 5
3109 5
3112 5
3113 5
3119 5
3132 5
3133 5
3137 5
3148 5
3151 5
3152 5
3154 5
3157 5
3159 5
3163 5
3164 5
3171 5
3179 5
3180 5
3182 5
3184 5
3195 5
3200 5
3203 5
3204 5
3207 5
3208 5
3211 5
3218 5
3224 5
3229 5
3235 5
3239 5
3241 5
3251 5
3253 5
3270 5
3275 5
3279 5
3286 5
3287 5
3288 5
3294 5
3295 5
3325 5
3327 5
3339 5
3343 5
3344 5
3367 5
3371 5
3376 5
3379 5
3383 5
3388 5
3390 5
3394 5
3400 5
3402 5
3408 5
3413 5
3416 5
3419 5
3425 5
3426 5
3430 5
3437 5
3438 5
3440 5
3443 5
3452 5
3456 5
3457 5
3464 5
3477 5
3482 5
3484 5
3488 5
3490 5
3495 5
3500 5
3501 5
3504 5
3505 5
3506 5
3512 5
3514 5
3517 5
3521 5
3525 5
3532 5
3537 5
3539 5
3544 5
3545 5
3556 5
3557 5
3560 5
3563 5
3566 5
3573 5
3576 5
3581 5
3582 5
3584 5
3585 5
3591 5
3594 5
3597 5
3599 5
3600 5
3601 5
3602 5
3606 5
3610 5
3614 5
3616 5
3622 5
3630 5
3637 5
3642 5
3643 5
3644 5
3648 5
3650 5
3653 5
3685 5
3688 5
3699 5
3701 5
3708 5
3712 5
3715 5
3716 5
3717 5
3719 5
3721 5
3725 5
3727 5
3728 5
3730 5
3733 5
3735 5
3736 5
3739 5
3748 5
3750 5
3751 5
3753 5
3757 5
3761 5
3762 5
3763 5
3775 5
3780 5
3782 5
3784 5
3786 5
3789 5
3793 5
3799 5
3804 5
3807 5
3808 5
3809 5
3814 5
3815 5
3816 5
3818 5
3823 5
3824 5
3830 5
3832 5
3835 5
3837 5
3845 5
3846 5
3850 5
3851 5
3853 5
3858 5
3860 5
3861 5
3868 5
3869 5
3873 5
3876 5
3878 5
3879 5
3882 5
3883 5
3889 5
3893 5
3894 5
3896 5
3897 5
3899 5
3903 5
3911 5
3913 5
3918 5
3923 5
3926 5
3927 5
3929 5
3930 5
3933 5
3938 5
3940 5
3944 5
3949 5
3950 5
3952 5
3957 5
3960 5
3978 5
3981 5
3990 5
3992 5
3993 5
4001 5
4002 5
4003 5
4004 5
4012 5
4017 5
4021 5
4022 5
4023 5
4026 5
4035 5
4036 5
4037 5
4038 5
4039 5
4040 5
4043 5
4050 5
4062 5
4065 5
4081 5
4084 5
4085 5
4092 5
4103 5
4104 5
4105 5
4111 5
4112 5
4115 5
4117 5
4121 5
4122 5
4126 5
4129 5
4135 5
4142 5
4143 5
4145 5
4146 5
4147 5
4148 5
4151 5
4154 5
4161 5
4162 5
4163 5
4170 5
4175 5
4183 5
4185 5
4186 5
4191 5
4192 5
4195 5
4201 5
4204 5
4206 5
4208 5
4216 5
4219 5
4220 5
4221 5
4223 5
4225 5
4226 5
4230 5
4232 5
4235 5
4240 5
4245 5
4251 5
4253 5
4260 5
4262 5
4270 5
4271 5
4277 5
4282 5
4283 5
4285 5
4287 5
4299 5
4300 5
4301 5
4305 5
4306 5
4307 5
4309 5
4310 5
4314 5
4334 5
4335 5
4337 5
4340 5
4342 5
4348 5
4349 5
4351 5
4352 5
4353 5
4355 5
4360 5
4363 5
4368 5
4369 5
4374 5
4379 5
4381 5
4393 5
4396 5
4397 5
4402 5
4408 5
4411 5
4414 5
4415 5
4419 5
4422 5
4425 5
4427 5
4428 5
4429 5
4433 5
4434 5
4435 5
4436 5
4437 5
4445 5
4447 5
4455 5
4461 5
4464 5
4465 5
4466 5
4471 5
4474 5
4477 5
4483 5
4488 5
4490 5
4502 5
4503 5
4504 5
4516 5
4517 5
4520 5
4521 5
4524 5
4528 5
4534 5
4538 5
4539 5
4540 5
4550 5
4551 5
4552 5
4553 5
4555 5
4556 5
4560 5
4562 5
4564 5
4568 5
4572 5
4582 5
4584 5
4586 5
4588 5
4595 5
4596 5
4598 5
4606 5
4612 5
4621 5
4626 5
4629 5
4632 5
4635 5
4636 5
4641 5
4644 5
4645 5
4648 5
4649 5
4652 5
4655 5
4659 5
4660 5
4663 5
4664 5
4667 5
4676 5
4683 5
4685 5
4692 5
4694 5
4695 5
4697 5
4699 5
4700 5
4701 5
4702 5
4703 5
4706 5
4711 5
4714 5
4719 5
4721 5
4724 5
4725 5
4728 5
4736 5
4737 5
4750 5
4754 5
4757 5
4758 5
4759 5
4762 5
4763 5
4767 5
4772 5
4776 5
4780 5
4781 5
4782 5
4787 5
4790 5
4793 5
4798 5
4799 5
4800 5
4801 5
4805 5
4809 5
4812 5
4818 5
4821 5
4831 5
4833 5
4834 5
4835 5
4836 5
4839 5
4840 5
4846 5
4851 5
4852 5
4854 5
4855 5
4857 5
4860 5
4864 5
4875 5
4876 5
4878 5
4880 5
4881 5
4884 5
4885 5
4886 5
4887 5
4888 5
4895 5
4898 5
4900 5
4906 5
4907 5
4911 5
4913 5
4914 5
4919 5
4922 5
4923 5
4926 5
4927 5
4932 5
4938 5
4940 5
4941 5
4942 5
4950 5
4951 5
4956 5
4964 5
4965 5
4968 5
4971 5
4977 5
4978 5
4982 5
4984 5
4986 5
4989 5
4997 5
5001 5
5004 5
5006 5
5008 5
5009 5
5013 5
5014 5
5015 5
5016 5
5018 5
5020 5
5026 5
5028 5
5030 5
5031 5
5032 5
5036 5
5037 5
5043 5
5045 5
5046 5
5050 5
5055 5
5056 5
5059 5
5062 5
5066 5
5068 5
5069 5
5075 5
5078 5
5081 5
5085 5
5086 5
5087 5
5089 5
5092 5
5093 5
5096 5
5097 5
5099 5
5104 5
5107 5
5112 5
5118 5
5119 5
5124 5
5133 5
5137 5
5148 5
5151 5
5157 5
5158 5
516 5
5161 5
5168 5
5171 5
5172 5
5181 5
5183 5
5184 5
5188 5
5192 5
5197 5
5199 5
5204 5
5206 5
5207 5
5208 5
5212 5
5213 5
5215 5
5217 5
5219 5
5221 5
5226 5
5229 5
5232 5
5240 5
5244 5
5245 5
5247 5
5249 5
5250 5
5251 5
5253 5
5254 5
5256 5
5260 5
5262 5
5275 5
5279 5
5285 5
5291 5
5300 5
5307 5
5308 5
5311 5
5312 5
5317 5
5320 5
5323 5
5327 5
5328 5
5331 5
5334 5
5337 5
5341 5
5342 5
5347 5
5349 5
5353 5
5355 5
5357 5
5358 5
5359 5
5363 5
5365 5
5368 5
5370 5
5378 5
5380 5
5383 5
5385 5
5387 5
5388 5
5396 5
5403 5
5407 5
5408 5
5410 5
5411 5
5415 5
5418 5
5419 5
5420 5
5421 5
5422 5
5432 5
5436 5
5440 5
5441 5
5443 5
5444 5
5448 5
5450 5
5457 5
5461 5
5463 5
5466 5
5469 5
5473 5
5474 5
5476 5
5477 5
5482 5
5494 5
5497 5
5501 5
5503 5
5506 5
5507 5
5509 5
5510 5
5514 5
5520 5
5522 5
5525 5
5532 5
5534 5
5541 5
5542 5
5543 5
5545 5
5554 5
5559 5
5562 5
5564 5
5566 5
5570 5
5578 5
5586 5
5589 5
5590 5
5597 5
5609 5
5610 5
5611 5
5612 5
5613 5
5618 5
5620 5
5622 5
5624 5
5625 5
5636 5
5637 5
5640 5
5641 5
5644 5
5647 5
5649 5
5650 5
5652 5
5656 5
5661 5
5663 5
5665 5
5666 5
5669 5
5670 5
5671 5
5673 5
5676 5
5680 5
5681 5
5688 5
5693 5
5698 5
5705 5
5708 5
5710 5
5712 5
5715 5
5717 5
5718 5
5725 5
5727 5
5728 5
573 5
5734 5
5736 5
5742 5
5743 5
5747 5
5751 5
5752 5
5759 5
5768 5
5773 5
5777 5
5783 5
5786 5
5787 5
5789 5
5792 5
5800 5
5802 5
5804 5
5807 5
581 5
5812 5
5821 5
5824 5
5828 5
5830 5
5832 5
5833 5
5839 5
5841 5
5842 5
5846 5
5854 5
5858 5
5860 5
5861 5
5862 5
5868 5
5869 5
5875 5
5881 5
5882 5
5883 5
5885 5
5887 5
5888 5
5896 5
5897 5
5899 5
5900 5
5901 5
5902 5
5907 5
5908 5
5919 5
5925 5
5926 5
5928 5
5933 5
5936 5
5937 5
5940 5
5945 5
5949 5
5950 5
5954 5
5955 5
5958 5
5962 5
5964 5
5965 5
5967 5
597 5
5972 5
5978 5
5981 5
5987 5
5991 5
5995 5
5996 5
5997 5
6001 5
6004 5
6007 5
6008 5
6009 5
6013 5
6015 5
6024 5
6026 5
6029 5
6031 5
6032 5
6038 5
6039 5
6041 5
6052 5
6053 5
6054 5
6055 5
6057 5
6061 5
6065 5
6068 5
6070 5
6073 5
6085 5
6086 5
6087 5
6090 5
6094 5
6097 5
6100 5
6104 5
6105 5
6110 5
6111 5
6113 5
6117 5
6119 5
6120 5
6123 5
6129 5
6135 5
6138 5
6139 5
6143 5
6146 5
6147 5
6148 5
6155 5
6160 5
6161 5
6162 5
6165 5
6170 5
6175 5
6176 5
6178 5
618 5
6180 5
6191 5
6197 5
6200 5
6203 5
6204 5
6207 5
6208 5
6209 5
6210 5
6213 5
6214 5
6218 5
6228 5
6232 5
6238 5
6245 5
6246 5
6249 5
6251 5
6259 5
6262 5
6264 5
6269 5
6274 5
6276 5
6277 5
6278 5
6280 5
6287 5
6291 5
6292 5
6293 5
6294 5
6297 5
6298 5
6304 5
6306 5
6307 5
6316 5
6320 5
6321 5
6323 5
6325 5
6329 5
6330 5
6333 5
6334 5
6335 5
6336 5
6337 5
6338 5
6340 5
6342 5
6344 5
6345 5
6346 5
6349 5
6350 5
6351 5
6353 5
6360 5
6361 5
6364 5
6367 5
6369 5
6374 5
6377 5
6385 5
6386 5
6402 5
6403 5
6406 5
6412 5
6415 5
6416 5
6418 5
6419 5
6420 5
6422 5
6423 5
6428 5
6432 5
6434 5
6446 5
6456 5
6459 5
6466 5
6470 5
6473 5
6479 5
6482 5
6484 5
6487 5
6490 5
6494 5
6495 5
6497 5
6499 5
6501 5
6503 5
6505 5
6506 5
6511 5
6516 5
6518 5
6521 5
6523 5
6529 5
6531 5
6532 5
6534 5
6536 5
6541 5
6548 5
6550 5
6556 5
6561 5
6563 5
6568 5
6569 5
6570 5
6576 5
6577 5
6578 5
6579 5
6581 5
6584 5
6589 5
6593 5
6595 5
6596 5
6598 5
6600 5
6606 5
6607 5
6613 5
6614 5
6616 5
6618 5
6622 5
6623 5
6626 5
6628 5
6634 5
6635 5
6649 5
6651 5
6652 5
6657 5
6659 5
6661 5
6666 5
6669 5
6670 5
6681 5
6685 5
6687 5
6688 5
6692 5
6693 5
6694 5
6697 5
6703 5
6715 5
6716 5
6717 5
6727 5
6728 5
6733 5
6739 5
6744 5
6745 5
6746 5
6756 5
6766 5
6768 5
6772 5
6773 5
6775 5
6777 5
6780 5
6781 5
6789 5
6797 5
6798 5
6808 5
6809 5
6811 5
6812 5
6814 5
6826 5
6831 5
6834 5
6837 5
6839 5
6845 5
6849 5
6858 5
6859 5
6861 5
6863 5
6867 5
6868 5
6870 5
6871 5
6876 5
6878 5
6881 5
6890 5
6892 5
6895 5
6896 5
6897 5
690 5
6902 5
6905 5
6912 5
6913 5
6919 5
6922 5
6923 5
6925 5
6927 5
6930 5
6932 5
6936 5
6938 5
6940 5
6942 5
6944 5
6946 5
6950 5
6951 5
6954 5
6957 5
6959 5
6969 5
697 5
6973 5
6976 5
6977 5
6979 5
6984 5
6987 5
6988 5
6989 5
6992 5
6993 5
6996 5
6998 5
7001 5
7011 5
7012 5
7014 5
7021 5
7023 5
7027 5
7031 5
7032 5
7038 5
7039 5
7040 5
7043 5
7047 5
7050 5
7051 5
7052 5
7057 5
7059 5
7060 5
7064 5
7067 5
7070 5
7076 5
7078 5
7083 5
7090 5
7092 5
7097 5
7098 5
7100 5
7103 5
7105 5
7109 5
7110 5
7111 5
7112 5
7115 5
7116 5
7125 5
7130 5
7131 5
7137 5
7143 5
7147 5
7149 5
7152 5
7155 5
7157 5
7158 5
7164 5
7167 5
7168 5
7173 5
7176 5
7179 5
7181 5
7182 5
7184 5
7187 5
7189 5
719 5
7192 5
7195 5
7196 5
7197 5
7200 5
7201 5
7202 5
7208 5
7209 5
7210 5
7214 5
7218 5
7237 5
7240 5
7244 5
7247 5
7248 5
7250 5
7251 5
7252 5
7253 5
7255 5
7256 5
7257 5
7258 5
7260 5
7261 5
7262 5
7274 5
7277 5
7280 5
7281 5
7283 5
7304 5
7306 5
7307 5
7308 5
7309 5
7312 5
7328 5
7329 5
7333 5
7343 5
7344 5
7356 5
7357 5
7362 5
7363 5
7365 5
7366 5
7371 5
7374 5
7376 5
7377 5
7378 5
7379 5
7380 5
7382 5
7387 5
7388 5
7398 5
7401 5
7402 5
7403 5
7404 5
7408 5
7411 5
7412 5
7418 5
7419 5
7421 5
7422 5
7425 5
7426 5
7428 5
7435 5
7436 5
7438 5
7440 5
7441 5
7442 5
7446 5
7448 5
7450 5
7454 5
7456 5
7457 5
7463 5
7468 5
7475 5
7476 5
7477 5
7478 5
7479 5
7480 5
7483 5
7491 5
7496 5
7498 5
7500 5
7502 5
7503 5
7511 5
7513 5
7514 5
7519 5
7523 5
7525 5
7526 5
7530 5
7536 5
7540 5
7548 5
7554 5
7558 5
7559 5
7561 5
7562 5
7563 5
7566 5
7577 5
7579 5
7586 5
7589 5
7591 5
7596 5
7602 5
7606 5
7614 5
7615 5
7616 5
7618 5
7619 5
7624 5
7629 5
7634 5
7637 5
7638 5
7640 5
7641 5
7643 5
7646 5
7649 5
7651 5
7653 5
7655 5
7657 5
7661 5
7664 5
7665 5
7668 5
767 5
7670 5
7674 5
7686 5
7687 5
7692 5
7694 5
7699 5
7700 5
7701 5
7704 5
7705 5
7710 5
7711 5
7713 5
7714 5
7715 5
7718 5
7724 5
7725 5
7728 5
7740 5
7743 5
7745 5
7747 5
7748 5
7755 5
7765 5
7767 5
7770 5
7773 5
7775 5
7777 5
7780 5
7782 5
7787 5
7790 5
7791 5
7799 5
7800 5
7802 5
7803 5
7809 5
7814 5
7815 5
7818 5
7821 5
7822 5
7825 5
7826 5
7831 5
7835 5
7837 5
7841 5
7844 5
7845 5
7848 5
7857 5
7858 5
7861 5
7870 5
7882 5
7884 5
7886 5
7888 5
7889 5
7891 5
7894 5
7895 5
7896 5
7897 5
7899 5
7900 5
7901 5
7903 5
7905 5
7911 5
7918 5
7921 5
7930 5
7931 5
7945 5
7951 5
7952 5
7954 5
7957 5
7960 5
7972 5
7979 5
7983 5
7985 5
7989 5
7993 5
7997 5
800 5
8003 5
8004 5
8005 5
8008 5
8016 5
8020 5
8029 5
8032 5
8033 5
8035 5
8039 5
8043 5
8044 5
8055 5
8058 5
8060 5
8075 5
8076 5
8079 5
8083 5
8084 5
8086 5
809 5
8097 5
8103 5
8106 5
8108 5
8114 5
8119 5
812 5
8120 5
8121 5
8124 5
8125 5
8127 5
8135 5
8139 5
8142 5
8144 5
8152 5
8157 5
8158 5
8159 5
8168 5
8175 5
8178 5
8179 5
8196 5
8197 5
8200 5
8205 5
8207 5
8213 5
8218 5
8220 5
8227 5
823 5
8230 5
8232 5
8238 5
8243 5
8248 5
825 5
8250 5
8253 5
8256 5
8267 5
8268 5
8269 5
8287 5
8302 5
8310 5
8336 5
8339 5
8345 5
8351 5
8356 5
8375 5
8376 5
8378 5
8384 5
8391 5
8392 5
8395 5
8397 5
8403 5
8404 5
8406 5
8413 5
8420 5
8421 5
8422 5
8427 5
8431 5
8436 5
8438 5
8446 5
8448 5
8459 5
8463 5
8466 5
8468 5
8476 5
8482 5
8489 5
8490 5
8506 5
852 5
8522 5
8526 5
8541 5
8543 5
8550 5
8562 5
8564 5
8575 5
8579 5
8582 5
8588 5
8592 5
8600 5
8606 5
8612 5
8623 5
8634 5
8636 5
8640 5
8642 5
8645 5
8650 5
8657 5
8669 5
8672 5
8677 5
8683 5
8684 5
8696 5
8704 5
8707 5
8710 5
8712 5
8718 5
8721 5
8723 5
8727 5
8729 5
8750 5
8751 5
8752 5
8759 5
8760 5
8762 5
8764 5
8767 5
8772 5
8777 5
8789 5
8792 5
8794 5
8796 5
8799 5
8805 5
8807 5
8809 5
8825 5
8834 5
8838 5
8852 5
8854 5
8857 5
8871 5
8879 5
8885 5
8891 5
8892 5
8895 5
8896 5
8902 5
8904 5
8909 5
8919 5
8920 5
8921 5
8922 5
8930 5
8934 5
8935 5
8943 5
8975 5
8976 5
8979 5
8987 5
8991 5
8993 5
8997 5
9015 5
9023 5
9025 5
9037 5
9044 5
9056 5
9058 5
9059 5
9061 5
9067 5
9070 5
9071 5
9080 5
9083 5
9088 5
9098 5
9126 5
9137 5
9138 5
914 5
9152 5
9156 5
9159 5
9180 5
9183 5
9184 5
9186 5
9188 5
9204 5
9206 5
9207 5
921 5
9222 5
9247 5
925 5
9265 5
9268 5
927 5
9282 5
9298 5
9324 5
9334 5
9347 5
9379 5
938 5
9380 5
9384 5
941 5
9428 5
9436 5
9448 5
9457 5
9466 5
9482 5
9499 5
9500 5
9523 5
9544 5
9583 5
9600 5
9604 5
9621 5
9642 5
9659 5
9675 5
97 5
9731 5
9736 5
9802 5
9810 5
9820 5
9842 5
9863 5
10000 4
10001 4
10002 4
10003 4
10004 4
1020 4
1097 4
1113 4
1184 4
1200 4
1257 4
1295 4
1296 4
1348 4
1354 4
1358 4
1373 4
1417 4
1437 4
1468 4
1480 4
1481 4
1506 4
1546 4
1590 4
1658 4
1701 4
1706 4
1735 4
1802 4
1804 4
1817 4
1841 4
1848 4
1864 4
1865 4
1889 4
1902 4
1907 4
1908 4
1925 4
1945 4
1946 4
1974 4
1993 4
2000 4
2009 4
2016 4
2020 4
2084 4
2114 4
2129 4
2141 4
2151 4
2169 4
2184 4
2198 4
2200 4
2203 4
2218 4
2239 4
2242 4
2276 4
2286 4
2297 4
2307 4
2308 4
2343 4
2346 4
2348 4
2364 4
2370 4
2371 4
2377 4
2414 4
2421 4
2452 4
2456 4
2469 4
2472 4
2483 4
2487 4
2491 4
2529 4
2556 4
2564 4
2571 4
2573 4
2583 4
2590 4
2591 4
2665 4
2676 4
2697 4
2730 4
2744 4
2749 4
2767 4
2770 4
2776 4
2783 4
2812 4
2822 4
2848 4
2852 4
2866 4
2877 4
2885 4
2894 4
2898 4
2911 4
2913 4
2939 4
2957 4
2962 4
2963 4
2988 4
2991 4
2992 4
3001 4
3009 4
3021 4
3025 4
3056 4
3057 4
3059 4
3064 4
3069 4
3073 4
3079 4
3080 4
3085 4
3086 4
3088 4
3098 4
3099 4
3120 4
3122 4
3125 4
3128 4
3131 4
3140 4
3142 4
3143 4
3155 4
3168 4
3169 4
3193 4
3198 4
3199 4
3206 4
3212 4
3220 4
3226 4
3232 4
3250 4
3259 4
3282 4
3298 4
3300 4
3307 4
3308 4
3314 4
3316 4
3321 4
3328 4
3346 4
3348 4
3350 4
3351 4
3352 4
3355 4
3362 4
3363 4
3386 4
3399 4
3422 4
3424 4
3428 4
3432 4
3439 4
3444 4
3459 4
3460 4
3462 4
3486 4
3496 4
3528 4
3538 4
3543 4
3549 4
3550 4
3558 4
3559 4
3562 4
3574 4
3592 4
3593 4
3598 4
3617 4
3625 4
3628 4
3652 4
3654 4
3655 4
3660 4
3662 4
3669 4
3675 4
3676 4
3677 4
3696 4
3704 4
3706 4
3713 4
3714 4
3722 4
3742 4
3744 4
3745 4
3756 4
3758 4
3760 4
3764 4
3767 4
3768 4
3773 4
3779 4
3794 4
3797 4
3805 4
3812 4
3817 4
3822 4
3831 4
3842 4
3843 4
3844 4
3856 4
3857 4
3859 4
3863 4
3864 4
3867 4
3870 4
3871 4
3880 4
3885 4
3886 4
3895 4
3898 4
3901 4
3914 4
3921 4
3924 4
3955 4
3958 4
3961 4
3962 4
3971 4
3972 4
3973 4
3974 4
3975 4
3977 4
3983 4
3985 4
3997 4
4009 4
4010 4
4013 4
4014 4
4019 4
4028 4
4033 4
4047 4
4049 4
4057 4
4058 4
4060 4
4061 4
4064 4
4066 4
4067 4
4068 4
4069 4
4073 4
4074 4
4076 4
4080 4
4083 4
4087 4
4089 4
4090 4
4097 4
4098 4
4100 4
4106 4
4107 4
4108 4
4110 4
4116 4
4119 4
4125 4
4131 4
4132 4
4136 4
4139 4
4160 4
4164 4
4172 4
4179 4
4181 4
4196 4
4199 4
4203 4
4211 4
4212 4
4213 4
4214 4
4231 4
4246 4
4250 4
4259 4
4266 4
4269 4
4273 4
4274 4
4278 4
4279 4
4280 4
4284 4
4286 4
4288 4
4289 4
4290 4
4296 4
4302 4
4316 4
4317 4
4318 4
4320 4
4323 4
4328 4
4332 4
4336 4
4339 4
4343 4
4344 4
4345 4
4347 4
4350 4
4354 4
4356 4
4357 4
4364 4
4367 4
4383 4
4385 4
4388 4
4392 4
4395 4
4398 4
4401 4
4406 4
4409 4
4417 4
4420 4
4431 4
4438 4
4444 4
4448 4
4450 4
4453 4
4459 4
4460 4
4484 4
4486 4
4489 4
4495 4
4499 4
4501 4
4505 4
4506 4
4509 4
4512 4
4513 4
4514 4
4515 4
4522 4
4523 4
4525 4
4531 4
4532 4
4541 4
4543 4
4545 4
4557 4
4558 4
4559 4
4563 4
4566 4
4569 4
4575 4
4576 4
4577 4
4578 4
4579 4
4580 4
4581 4
4583 4
4594 4
4597 4
4600 4
4602 4
4603 4
4608 4
4610 4
4614 4
4618 4
4623 4
4624 4
4625 4
4630 4
4631 4
4634 4
4637 4
4646 4
4647 4
4656 4
4657 4
4658 4
4668 4
4669 4
4670 4
4671 4
4673 4
4677 4
4679 4
4681 4
4682 4
4686 4
4690 4
4691 4
4705 4
4712 4
4713 4
4715 4
4720 4
4722 4
4723 4
4726 4
4727 4
4732 4
4735 4
4739 4
4742 4
4744 4
4745 4
4751 4
4752 4
4755 4
4760 4
4761 4
4764 4
4765 4
4770 4
4774 4
4795 4
4807 4
4808 4
4810 4
4811 4
4815 4
4816 4
4817 4
4820 4
4822 4
4825 4
4826 4
4830 4
4832 4
4842 4
4844 4
4847 4
4849 4
4853 4
4858 4
4866 4
4868 4
4870 4
4871 4
4872 4
4874 4
4879 4
4889 4
4891 4
4893 4
4903 4
4904 4
4908 4
4917 4
4918 4
4929 4
4931 4
4933 4
4936 4
4937 4
4943 4
4945 4
4946 4
4953 4
4955 4
4960 4
4961 4
4962 4
4966 4
4967 4
4973 4
4975 4
4979 4
4980 4
4981 4
4991 4
4992 4
4994 4
5000 4
5017 4
5019 4
5021 4
5027 4
5029 4
5034 4
5038 4
5039 4
5047 4
5049 4
5060 4
5061 4
5067 4
5070 4
5071 4
5072 4
5088 4
5094 4
5102 4
5103 4
5105 4
5110 4
5113 4
5114 4
5116 4
5117 4
5120 4
5121 4
5122 4
5129 4
5130 4
5134 4
5136 4
5139 4
5140 4
5147 4
5150 4
5152 4
5155 4
5156 4
5163 4
5164 4
5170 4
5173 4
5174 4
5175 4
5178 4
5179 4
5185 4
5187 4
5189 4
5191 4
5196 4
5198 4
5200 4
5205 4
5209 4
5210 4
5216 4
5224 4
5225 4
5233 4
5234 4
5237 4
5238 4
5241 4
5243 4
5252 4
5255 4
5257 4
5261 4
5263 4
5265 4
5266 4
5270 4
5274 4
5280 4
5282 4
5286 4
5287 4
5288 4
5292 4
5294 4
5295 4
5299 4
5304 4
5314 4
5316 4
5318 4
5321 4
5324 4
5325 4
5326 4
5329 4
5333 4
5336 4
5338 4
5339 4
5340 4
5344 4
5345 4
5346 4
5348 4
5352 4
5362 4
5366 4
5367 4
5369 4
5371 4
5373 4
5375 4
5379 4
5384 4
5386 4
5390 4
5391 4
5393 4
5395 4
5399 4
5400 4
5402 4
5405 4
5406 4
5409 4
5412 4
5414 4
5416 4
5423 4
5424 4
5427 4
5429 4
5434 4
5435 4
5437 4
5438 4
5439 4
5447 4
5452 4
5454 4
5456 4
5458 4
5459 4
5462 4
5464 4
5468 4
5478 4
5480 4
5481 4
5483 4
5485 4
5486 4
5489 4
5490 4
5492 4
5493 4
5498 4
5499 4
5500 4
5502 4
5504 4
5508 4
5511 4
5513 4
5519 4
5521 4
5523 4
5526 4
5527 4
5529 4
5530 4
5531 4
5533 4
5539 4
5540 4
5544 4
5547 4
5549 4
5550 4
5551 4
5556 4
5558 4
5563 4
5567 4
5568 4
5569 4
5571 4
5572 4
5574 4
5576 4
5577 4
5579 4
5581 4
5582 4
5583 4
5584 4
5587 4
5588 4
5591 4
5592 4
5594 4
5595 4
5596 4
5598 4
5600 4
5601 4
5603 4
5607 4
5614 4
5615 4
5617 4
5619 4
5621 4
5623 4
5626 4
5627 4
5628 4
5631 4
5633 4
5635 4
5645 4
5646 4
5648 4
5653 4
5654 4
5658 4
5659 4
5667 4
5668 4
5672 4
5677 4
5683 4
5684 4
5685 4
5689 4
5690 4
5692 4
5696 4
5699 4
5702 4
5703 4
5711 4
5719 4
5721 4
5722 4
5726 4
5729 4
5730 4
5732 4
5733 4
5735 4
5737 4
5738 4
5744 4
5745 4
5746 4
5748 4
5749 4
575 4
5754 4
5756 4
5757 4
5758 4
5760 4
5761 4
5765 4
5766 4
5769 4
5770 4
5771 4
5772 4
5775 4
5778 4
5784 4
5790 4
5793 4
5795 4
5796 4
5798 4
5799 4
5801 4
5803 4
5806 4
5808 4
5809 4
5810 4
5813 4
5815 4
5816 4
5819 4
5826 4
5827 4
5834 4
5836 4
5838 4
584 4
5840 4
5843 4
5844 4
5845 4
5847 4
5848 4
5849 4
5853 4
5855 4
5856 4
5859 4
5863 4
5864 4
5865 4
5867 4
5870 4
5872 4
5874 4
5876 4
5877 4
5878 4
5880 4
5886 4
5889 4
5890 4
5891 4
5892 4
5893 4
5894 4
5898 4
5903 4
5904 4
5906 4
5911 4
5912 4
5914 4
5915 4
5922 4
5924 4
5929 4
5932 4
5935 4
5939 4
5941 4
5942 4
5943 4
5944 4
5946 4
5947 4
5948 4
5951 4
5952 4
5953 4
5959 4
5961 4
5966 4
5969 4
5970 4
5971 4
5973 4
5974 4
5976 4
5983 4
5984 4
5986 4
5989 4
5990 4
5993 4
5994 4
5998 4
6000 4
6005 4
6010 4
6012 4
6014 4
6018 4
6019 4
6021 4
6022 4
6023 4
6027 4
6030 4
6033 4
6035 4
6036 4
6037 4
6042 4
6043 4
6045 4
6046 4
6047 4
6048 4
6056 4
6058 4
6060 4
6062 4
6063 4
6066 4
6072 4
6076 4
6077 4
6078 4
6079 4
6080 4
6081 4
6084 4
6088 4
6093 4
6096 4
6098 4
6101 4
6107 4
6109 4
6112 4
6114 4
6118 4
6121 4
6124 4
6126 4
6127 4
6128 4
6130 4
6131 4
6132 4
6133 4
6134 4
6136 4
6137 4
6140 4
6141 4
6142 4
6144 4
6145 4
6149 4
6150 4
6151 4
6152 4
6153 4
6154 4
6156 4
6158 4
6164 4
6166 4
6167 4
6169 4
6171 4
6172 4
6173 4
6177 4
6179 4
6182 4
6183 4
6184 4
6185 4
6187 4
6189 4
6192 4
6193 4
6195 4
6196 4
6206 4
6211 4
6212 4
6215 4
6217 4
6219 4
6220 4
6222 4
6223 4
6224 4
6226 4
6227 4
6229 4
6230 4
6231 4
6235 4
6236 4
6237 4
6239 4
6240 4
6242 4
6243 4
6244 4
6247 4
6248 4
6250 4
6252 4
6253 4
6254 4
6255 4
6256 4
6257 4
6258 4
6261 4
6265 4
6266 4
6267 4
6270 4
6271 4
6272 4
6275 4
6279 4
6282 4
6286 4
6288 4
6289 4
6290 4
6295 4
6296 4
6299 4
6300 4
6301 4
6305 4
6309 4
6310 4
6311 4
6312 4
6313 4
6314 4
6315 4
6317 4
6318 4
6319 4
6322 4
6327 4
6331 4
6332 4
6339 4
6341 4
6347 4
6348 4
6352 4
6354 4
6355 4
6356 4
6357 4
6359 4
6362 4
6363 4
6365 4
6366 4
6370 4
6371 4
6372 4
6373 4
6375 4
6376 4
6379 4
6380 4
6381 4
6382 4
6383 4
6384 4
6387 4
6389 4
639 4
6390 4
6391 4
6392 4
6393 4
6395 4
6396 4
6397 4
6398 4
6405 4
6407 4
6409 4
6410 4
6414 4
6421 4
6426 4
6427 4
6429 4
6433 4
6436 4
6437 4
6438 4
6439 4
6443 4
6444 4
6445 4
6447 4
6448 4
6451 4
6452 4
6453 4
6454 4
6457 4
6458 4
6460 4
6461 4
6462 4
6463 4
6464 4
6465 4
6467 4
6468 4
6471 4
6475 4
6476 4
6478 4
6483 4
6485 4
6488 4
6491 4
6492 4
6493 4
6496 4
6498 4
6500 4
6502 4
6504 4
6507 4
6508 4
6509 4
6510 4
6512 4
6513 4
6514 4
6515 4
6519 4
6522 4
6524 4
6525 4
6526 4
6528 4
6530 4
6533 4
6535 4
6537 4
6538 4
6539 4
6544 4
6545 4
6546 4
6549 4
6551 4
6552 4
6553 4
6555 4
6557 4
6559 4
6560 4
6564 4
6565 4
6566 4
6567 4
6572 4
6574 4
6580 4
6582 4
6583 4
6585 4
6586 4
6587 4
6588 4
6591 4
6597 4
6599 4
6601 4
6602 4
6604 4
6605 4
6608 4
6609 4
6610 4
6611 4
6612 4
6615 4
6617 4
6619 4
6621 4
6627 4
6629 4
6631 4
6632 4
6636 4
6637 4
6640 4
6641 4
6644 4
6645 4
6647 4
6648 4
6653 4
6655 4
6656 4
6658 4
6660 4
6662 4
6663 4
6664 4
6665 4
6667 4
6668 4
6672 4
6673 4
6674 4
6675 4
6676 4
6677 4
6680 4
6682 4
6686 4
6691 4
6695 4
6696 4
6698 4
6699 4
6700 4
6701 4
6702 4
6704 4
6705 4
6706 4
6707 4
6708 4
6710 4
6712 4
6713 4
6718 4
6720 4
6721 4
6722 4
6723 4
6724 4
6725 4
6726 4
6729 4
6730 4
6732 4
6734 4
6735 4
6738 4
6741 4
6742 4
6747 4
6748 4
6749 4
6750 4
6751 4
6752 4
6753 4
6754 4
6755 4
6757 4
6758 4
6760 4
6761 4
6762 4
6763 4
6764 4
6765 4
6767 4
6769 4
6770 4
6771 4
6774 4
6776 4
6778 4
6779 4
6782 4
6783 4
6787 4
6788 4
6791 4
6792 4
6793 4
6795 4
6799 4
6800 4
6801 4
6802 4
6805 4
6806 4
6807 4
6810 4
6813 4
6815 4
6816 4
6817 4
6818 4
6819 4
6822 4
6823 4
6824 4
6829 4
6832 4
6833 4
6835 4
6836 4
6838 4
6840 4
6842 4
6843 4
6844 4
6847 4
6848 4
6851 4
6852 4
6853 4
6854 4
6855 4
6857 4
6860 4
6862 4
6864 4
6865 4
6866 4
6869 4
6872 4
6873 4
6874 4
6875 4
6877 4
6880 4
6882 4
6883 4
6885 4
6886 4
6887 4
6888 4
6889 4
6891 4
6893 4
6894 4
6898 4
6900 4
6904 4
6906 4
6907 4
6909 4
6911 4
6914 4
6915 4
6916 4
6917 4
6921 4
6924 4
6926 4
6928 4
6929 4
6931 4
6933 4
6935 4
6937 4
6941 4
6943 4
6945 4
6947 4
6948 4
6949 4
6952 4
6953 4
6956 4
6958 4
6960 4
6961 4
6963 4
6965 4
6966 4
6967 4
6968 4
6970 4
6971 4
6972 4
6974 4
6978 4
6980 4
6981 4
6982 4
6983 4
6985 4
6986 4
6990 4
6991 4
6994 4
6995 4
6999 4
7000 4
7002 4
7004 4
7005 4
7007 4
7008 4
7009 4
7010 4
7013 4
7015 4
7017 4
7018 4
7019 4
7020 4
7022 4
7026 4
7028 4
7029 4
7030 4
7033 4
7034 4
7037 4
7041 4
7042 4
7044 4
7045 4
7046 4
7048 4
7053 4
7055 4
7056 4
7058 4
7061 4
7065 4
7066 4
7068 4
7069 4
7071 4
7072 4
7073 4
7074 4
7075 4
7077 4
7079 4
7080 4
7081 4
7082 4
7084 4
7085 4
7086 4
7087 4
7089 4
7091 4
7093 4
7094 4
7095 4
7096 4
7101 4
7106 4
7107 4
7108 4
7114 4
7117 4
7118 4
7119 4
7120 4
7121 4
7122 4
7123 4
7126 4
7127 4
7128 4
7129 4
7134 4
7135 4
7138 4
7139 4
7140 4
7141 4
7144 4
7145 4
7146 4
7148 4
7150 4
7154 4
7156 4
7159 4
7162 4
7163 4
7165 4
7169 4
7170 4
7174 4
7175 4
7178 4
7180 4
7183 4
7185 4
7186 4
7188 4
7190 4
7191 4
7193 4
7194 4
7199 4
7203 4
7204 4
7205 4
7206 4
7211 4
7212 4
7213 4
7215 4
7217 4
7220 4
7221 4
7222 4
7224 4
7225 4
7229 4
7231 4
7233 4
7234 4
7235 4
7236 4
7238 4
7239 4
7242 4
7243 4
7245 4
7246 4
7249 4
7259 4
7264 4
7266 4
7268 4
7269 4
7270 4
7271 4
7272 4
7273 4
7275 4
7276 4
7279 4
7284 4
7287 4
7288 4
7289 4
7290 4
7291 4
7292 4
7293 4
7295 4
7296 4
7297 4
7298 4
7299 4
7300 4
7301 4
7302 4
7303 4
7305 4
7310 4
7311 4
7313 4
7317 4
7318 4
7319 4
7322 4
7323 4
7324 4
7325 4
7327 4
7330 4
7331 4
7332 4
7334 4
7335 4
7336 4
7337 4
7340 4
7341 4
7342 4
7345 4
7346 4
7347 4
7348 4
7349 4
7350 4
7352 4
7353 4
7354 4
7355 4
7359 4
7360 4
7361 4
7364 4
7367 4
7368 4
7369 4
7370 4
7372 4
7373 4
7375 4
7381 4
7383 4
7384 4
7385 4
7386 4
7389 4
7390 4
7392 4
7393 4
7395 4
7396 4
7397 4
7399 4
7400 4
7406 4
7407 4
7409 4
7413 4
7414 4
7415 4
7416 4
7417 4
7420 4
7423 4
7424 4
7427 4
7429 4
7432 4
7433 4
7434 4
7437 4
7439 4
7443 4
7444 4
7447 4
7449 4
7452 4
7453 4
7455 4
7458 4
7459 4
7460 4
7461 4
7462 4
7464 4
7465 4
7467 4
7469 4
7471 4
7473 4
7481 4
7482 4
7484 4
7485 4
7486 4
7488 4
7489 4
7490 4
7492 4
7493 4
7494 4
7495 4
7497 4
7499 4
7501 4
7504 4
7505 4
7506 4
7507 4
7508 4
7510 4
7512 4
7516 4
7517 4
7518 4
7520 4
7521 4
7522 4
7524 4
7527 4
7528 4
7529 4
7531 4
7532 4
7533 4
7534 4
7535 4
7537 4
7538 4
7539 4
7541 4
7542 4
7544 4
7545 4
7547 4
7549 4
7550 4
7551 4
7552 4
7553 4
7555 4
7556 4
7557 4
7560 4
7564 4
7565 4
7567 4
7570 4
7571 4
7572 4
7573 4
7574 4
7575 4
7576 4
7578 4
758 4
7580 4
7581 4
7582 4
7583 4
7584 4
7585 4
7587 4
7588 4
7590 4
7592 4
7593 4
7594 4
7597 4
7598 4
7600 4
7601 4
7603 4
7604 4
7605 4
7607 4
7608 4
7609 4
7611 4
7612 4
7613 4
7617 4
7620 4
7621 4
7622 4
7623 4
7625 4
7626 4
7627 4
7630 4
7631 4
7632 4
7633 4
7635 4
7636 4
7639 4
7642 4
7644 4
7645 4
7647 4
7648 4
7650 4
7654 4
7656 4
7658 4
7659 4
7662 4
7663 4
7669 4
7671 4
7672 4
7673 4
7676 4
7677 4
7678 4
7679 4
7680 4
7681 4
7682 4
7683 4
7684 4
7685 4
7688 4
7689 4
7691 4
7693 4
7695 4
7696 4
7697 4
7702 4
7703 4
7706 4
7707 4
7708 4
7709 4
7716 4
7717 4
7719 4
7720 4
7721 4
7722 4
7726 4
7727 4
7730 4
7731 4
7733 4
7734 4
7735 4
7736 4
7737 4
7738 4
7739 4
7741 4
7742 4
7744 4
7746 4
7749 4
7750 4
7751 4
7752 4
7753 4
7754 4
7756 4
7757 4
7758 4
7759 4
7760 4
7762 4
7763 4
7764 4
7766 4
7768 4
7769 4
7771 4
7772 4
7774 4
7776 4
7778 4
7779 4
7783 4
7785 4
7788 4
7789 4
7792 4
7793 4
7794 4
7795 4
7797 4
7798 4
7801 4
7804 4
7805 4
7806 4
7807 4
7808 4
7810 4
7811 4
7812 4
7813 4
7816 4
7817 4
7819 4
7820 4
7823 4
7824 4
7827 4
7828 4
7829 4
7830 4
7832 4
7833 4
7834 4
7836 4
7838 4
7839 4
7842 4
7843 4
7846 4
7849 4
7850 4
7851 4
7852 4
7853 4
7854 4
7855 4
7859 4
7860 4
7862 4
7863 4
7864 4
7865 4
7867 4
7869 4
7871 4
7873 4
7874 4
7875 4
7876 4
7877 4
7878 4
7879 4
7880 4
7885 4
7890 4
7892 4
7893 4
7898 4
7902 4
7904 4
7906 4
7907 4
7908 4
7909 4
7910 4
7912 4
7913 4
7914 4
7915 4
7917 4
7919 4
7920 4
7922 4
7923 4
7924 4
7925 4
7926 4
7927 4
7928 4
7929 4
7932 4
7933 4
7934 4
7935 4
7936 4
7937 4
7938 4
7939 4
7940 4
7941 4
7942 4
7943 4
7944 4
7948 4
7949 4
7950 4
7953 4
7955 4
7956 4
7958 4
7959 4
7961 4
7962 4
7963 4
7964 4
7965 4
7966 4
7967 4
7968 4
7969 4
7970 4
7971 4
7974 4
7975 4
7976 4
7977 4
7978 4
7980 4
7981 4
7982 4
7984 4
7986 4
7987 4
7988 4
7990 4
7991 4
7992 4
7994 4
7996 4
7998 4
7999 4
8000 4
8001 4
8002 4
8006 4
8007 4
8009 4
8011 4
8012 4
8013 4
8014 4
8015 4
8018 4
8019 4
8021 4
8022 4
8023 4
8025 4
8026 4
8027 4
8028 4
8030 4
8031 4
8034 4
8036 4
8037 4
8038 4
8040 4
8041 4
8042 4
8045 4
8046 4
8047 4
8048 4
8049 4
8050 4
8051 4
8052 4
8053 4
8054 4
8056 4
8057 4
8059 4
8061 4
8062 4
8063 4
8064 4
8065 4
8066 4
8067 4
8068 4
8069 4
8071 4
8072 4
8073 4
8074 4
8077 4
8078 4
8080 4
8081 4
8082 4
8085 4
8088 4
8089 4
8090 4
8091 4
8092 4
8093 4
8094 4
8095 4
8096 4
8098 4
8099 4
8100 4
8101 4
8102 4
8104 4
8105 4
8107 4
8109 4
8110 4
8111 4
8112 4
8113 4
8115 4
8116 4
8117 4
8118 4
8122 4
8126 4
8128 4
8129 4
8130 4
8131 4
8132 4
8133 4
8134 4
8136 4
8137 4
8138 4
8140 4
8141 4
8143 4
8145 4
8146 4
8147 4
8148 4
8149 4
8150 4
8151 4
8153 4
8154 4
8155 4
8160 4
8161 4
8162 4
8163 4
8164 4
8165 4
8166 4
8167 4
8169 4
8170 4
8171 4
8172 4
8173 4
8174 4
8177 4
8181 4
8182 4
8183 4
8184 4
8185 4
8186 4
8187 4
8188 4
8189 4
8190 4
8191 4
8192 4
8193 4
8194 4
8195 4
8198 4
8199 4
8201 4
8202 4
8203 4
8204 4
8206 4
8208 4
8209 4
8210 4
8211 4
8212 4
8214 4
8215 4
8216 4
8217 4
8219 4
8221 4
8222 4
8223 4
8224 4
8225 4
8226 4
8228 4
8229 4
8231 4
8233 4
8234 4
8235 4
8236 4
8237 4
8239 4
8240 4
8241 4
8242 4
8244 4
8245 4
8246 4
8247 4
8249 4
8251 4
8252 4
8254 4
8255 4
8257 4
8258 4
8259 4
8260 4
8261 4
8262 4
8263 4
8264 4
8265 4
8266 4
8270 4
8271 4
8272 4
8273 4
8274 4
8275 4
8276 4
8277 4
8278 4
8279 4
828 4
8280 4
8281 4
8284 4
8285 4
8286 4
8288 4
8289 4
8290 4
8291 4
8292 4
8293 4
8294 4
8295 4
8296 4
8297 4
8298 4
8299 4
8300 4
8301 4
8303 4
8304 4
8305 4
8306 4
8307 4
8308 4
831 4
8311 4
8312 4
8313 4
8314 4
8315 4
8316 4
8317 4
8318 4
8319 4
8320 4
8321 4
8322 4
8323 4
8324 4
8325 4
8326 4
8327 4
8328 4
8329 4
8330 4
8331 4
8332 4
8333 4
8334 4
8335 4
8337 4
8338 4
8340 4
8341 4
8343 4
8344 4
8346 4
8347 4
8348 4
8349 4
8350 4
8352 4
8353 4
8354 4
8355 4
8358 4
8359 4
8360 4
8361 4
8362 4
8363 4
8364 4
8365 4
8366 4
8367 4
8368 4
8369 4
8370 4
8371 4
8372 4
8373 4
8374 4
8377 4
8379 4
8380 4
8381 4
8383 4
8385 4
8386 4
8387 4
8388 4
8389 4
8390 4
8393 4
8394 4
8396 4
8398 4
8399 4
8400 4
8401 4
8402 4
8405 4
8407 4
8408 4
8409 4
8410 4
8411 4
8412 4
8414 4
8415 4
8416 4
8417 4
8418 4
8419 4
8423 4
8424 4
8425 4
8426 4
8428 4
8429 4
8430 4
8432 4
8433 4
8434 4
8435 4
8437 4
8439 4
8440 4
8441 4
8442 4
8443 4
8444 4
8445 4
8447 4
8449 4
8450 4
8451 4
8452 4
8453 4
8454 4
8455 4
8456 4
8457 4
8458 4
8460 4
8461 4
8462 4
8465 4
8467 4
8469 4
8470 4
8471 4
8472 4
8474 4
8475 4
8477 4
8478 4
8480 4
8481 4
8483 4
8484 4
8485 4
8486 4
8487 4
8488 4
8491 4
8492 4
8493 4
8494 4
8495 4
8496 4
8497 4
8498 4
8499 4
8500 4
8501 4
8502 4
8503 4
8504 4
8505 4
8507 4
8508 4
8509 4
8510 4
8511 4
8512 4
8513 4
8514 4
8515 4
8516 4
8517 4
8518 4
8519 4
8520 4
8521 4
8523 4
8524 4
8527 4
8528 4
8529 4
8530 4
8531 4
8532 4
8533 4
8535 4
8536 4
8537 4
8538 4
8539 4
8540 4
8542 4
8544 4
8546 4
8548 4
8549 4
8551 4
8552 4
8553 4
8554 4
8555 4
8556 4
8557 4
8558 4
8559 4
8560 4
8561 4
8563 4
8566 4
8567 4
8568 4
8569 4
8570 4
8571 4
8572 4
8574 4
8576 4
8578 4
8580 4
8581 4
8583 4
8584 4
8585 4
8586 4
8587 4
8589 4
8590 4
8591 4
8593 4
8594 4
8595 4
8596 4
8597 4
8598 4
8599 4
8601 4
8602 4
8603 4
8604 4
8605 4
8607 4
8608 4
8609 4
8610 4
8611 4
8613 4
8614 4
8615 4
8617 4
8618 4
8619 4
8620 4
8621 4
8622 4
8624 4
8625 4
8626 4
8627 4
8628 4
8629 4
8630 4
8631 4
8632 4
8633 4
8635 4
8637 4
8638 4
8639 4
8641 4
8643 4
8644 4
8647 4
8648 4
8649 4
8651 4
8652 4
8653 4
8654 4
8655 4
8656 4
8658 4
8659 4
866 4
8660 4
8661 4
8662 4
8663 4
8664 4
8665 4
8666 4
8667 4
8668 4
8670 4
8671 4
8673 4
8674 4
8675 4
8678 4
8679 4
8680 4
8681 4
8682 4
8685 4
8686 4
8687 4
8688 4
8689 4
8690 4
8691 4
8692 4
8693 4
8694 4
8695 4
8697 4
8698 4
8699 4
8700 4
8701 4
8702 4
8703 4
8705 4
8706 4
8708 4
8709 4
8711 4
8713 4
8714 4
8715 4
8716 4
8717 4
8719 4
872 4
8720 4
8722 4
8724 4
8725 4
8726 4
8728 4
8730 4
8731 4
8732 4
8733 4
8734 4
8736 4
8738 4
8739 4
8740 4
8741 4
8742 4
8743 4
8744 4
8746 4
8747 4
8749 4
8753 4
8754 4
8755 4
8756 4
8757 4
8758 4
8761 4
8763 4
8765 4
8766 4
8768 4
8769 4
8770 4
8771 4
8773 4
8774 4
8775 4
8776 4
8778 4
8779 4
8780 4
8781 4
8783 4
8784 4
8785 4
8787 4
8788 4
8790 4
8791 4
8793 4
8795 4
8798 4
8800 4
8801 4
8802 4
8803 4
8804 4
8806 4
8808 4
8810 4
8811 4
8812 4
8813 4
8814 4
8815 4
8816 4
8817 4
8818 4
8819 4
8820 4
8821 4
8822 4
8823 4
8824 4
8826 4
8827 4
8828 4
8830 4
8831 4
8832 4
8833 4
8835 4
8836 4
8837 4
8839 4
8840 4
8841 4
8842 4
8843 4
8844 4
8845 4
8846 4
8847 4
8848 4
8849 4
8851 4
8853 4
8855 4
8856 4
8858 4
8859 4
8860 4
8861 4
8863 4
8864 4
8865 4
8866 4
8867 4
8868 4
8869 4
8870 4
8872 4
8873 4
8874 4
8875 4
8876 4
8877 4
8878 4
8880 4
8881 4
8882 4
8883 4
8884 4
8886 4
8887 4
8888 4
8889 4
8890 4
8893 4
8894 4
8897 4
8898 4
8899 4
8900 4
8901 4
8903 4
8905 4
8906 4
8907 4
8908 4
8910 4
8911 4
8912 4
8913 4
8914 4
8915 4
8916 4
8917 4
8918 4
8923 4
8924 4
8925 4
8926 4
8927 4
8928 4
8929 4
8931 4
8932 4
8933 4
8936 4
8937 4
8938 4
8939 4
8941 4
8942 4
8944 4
8945 4
8946 4
8947 4
8948 4
8949 4
8950 4
8951 4
8952 4
8953 4
8954 4
8955 4
8956 4
8957 4
8958 4
8959 4
8960 4
8961 4
8962 4
8963 4
8964 4
8965 4
8966 4
8967 4
8968 4
8969 4
8970 4
8971 4
8972 4
8973 4
8974 4
8977 4
8978 4
8980 4
8981 4
8982 4
8983 4
8984 4
8985 4
8986 4
8988 4
8989 4
8990 4
8992 4
8994 4
8995 4
8996 4
8998 4
8999 4
9000 4
9001 4
9002 4
9003 4
9004 4
9005 4
9006 4
9007 4
9008 4
9009 4
9010 4
9011 4
9012 4
9013 4
9014 4
9016 4
9017 4
9018 4
9019 4
9020 4
9021 4
9022 4
9024 4
9026 4
9027 4
9028 4
9029 4
9030 4
9031 4
9032 4
9033 4
9034 4
9035 4
9036 4
9038 4
9039 4
9040 4
9041 4
9042 4
9043 4
9045 4
9046 4
9047 4
9048 4
9049 4
9050 4
9051 4
9052 4
9053 4
9054 4
9055 4
9057 4
9060 4
9062 4
9063 4
9064 4
9065 4
9066 4
9068 4
9069 4
9072 4
9073 4
9074 4
9075 4
9076 4
9077 4
9078 4
9079 4
9081 4
9082 4
9084 4
9085 4
9086 4
9087 4
9089 4
9090 4
9091 4
9092 4
9093 4
9094 4
9095 4
9096 4
9097 4
9099 4
9100 4
9101 4
9102 4
9103 4
9104 4
9105 4
9106 4
9107 4
9108 4
9109 4
9110 4
9111 4
9112 4
9113 4
9114 4
9115 4
9116 4
9117 4
9118 4
9119 4
9120 4
9121 4
9122 4
9123 4
9124 4
9125 4
9127 4
9128 4
9129 4
9130 4
9131 4
9132 4
9133 4
9134 4
9135 4
9136 4
9139 4
9140 4
9141 4
9142 4
9143 4
9144 4
9145 4
9146 4
9147 4
9148 4
9149 4
9150 4
9151 4
9153 4
9154 4
9155 4
9157 4
9158 4
9160 4
9161 4
9162 4
9163 4
9165 4
9166 4
9167 4
9168 4
9169 4
9170 4
9171 4
9172 4
9173 4
9174 4
9175 4
9176 4
9177 4
9178 4
9179 4
9181 4
9182 4
9185 4
9187 4
9189 4
9190 4
9191 4
9192 4
9193 4
9194 4
9195 4
9196 4
9197 4
9198 4
9199 4
9200 4
9201 4
9203 4
9205 4
9208 4
9209 4
9210 4
9211 4
9212 4
9213 4
9214 4
9215 4
9217 4
9218 4
9219 4
9220 4
9221 4
9223 4
9224 4
9225 4
9226 4
9227 4
9228 4
9229 4
9230 4
9231 4
9232 4
9233 4
9234 4
9235 4
9236 4
9237 4
9238 4
9239 4
9240 4
9241 4
9242 4
9243 4
9244 4
9245 4
9246 4
9248 4
9249 4
9250 4
9251 4
9252 4
9253 4
9254 4
9255 4
9256 4
9257 4
9258 4
9259 4
9260 4
9261 4
9262 4
9263 4
9264 4
9266 4
9267 4
9269 4
9270 4
9271 4
9272 4
9273 4
9274 4
9275 4
9276 4
9277 4
9278 4
9279 4
9280 4
9281 4
9283 4
9284 4
9285 4
9286 4
9287 4
9288 4
9289 4
9290 4
9291 4
9292 4
9293 4
9294 4
9295 4
9296 4
9297 4
9299 4
9300 4
9301 4
9302 4
9303 4
9304 4
9305 4
9306 4
9307 4
9308 4
9309 4
9310 4
9311 4
9312 4
9313 4
9314 4
9315 4
9316 4
9317 4
9318 4
9319 4
9320 4
9321 4
9322 4
9323 4
9325 4
9326 4
9327 4
9328 4
9329 4
9330 4
9331 4
9332 4
9333 4
9335 4
9336 4
9337 4
9338 4
9339 4
9340 4
9341 4
9342 4
9343 4
9344 4
9345 4
9346 4
9348 4
9349 4
9350 4
9351 4
9352 4
9353 4
9354 4
9355 4
9356 4
9357 4
9358 4
9359 4
9360 4
9361 4
9362 4
9363 4
9364 4
9365 4
9366 4
9367 4
9368 4
9369 4
9370 4
9371 4
9372 4
9373 4
9374 4
9375 4
9376 4
9377 4
9378 4
9381 4
9382 4
9383 4
9385 4
9386 4
9387 4
9388 4
9389 4
9390 4
9391 4
9392 4
9393 4
9394 4
9395 4
9396 4
9397 4
9398 4
9399 4
9400 4
9401 4
9402 4
9403 4
9404 4
9405 4
9406 4
9407 4
9408 4
9409 4
9410 4
9411 4
9412 4
9413 4
9414 4
9415 4
9416 4
9417 4
9418 4
9419 4
9420 4
9421 4
9422 4
9423 4
9424 4
9425 4
9426 4
9427 4
9429 4
9430 4
9431 4
9432 4
9433 4
9434 4
9435 4
9437 4
9438 4
9439 4
9440 4
9441 4
9442 4
9443 4
9444 4
9445 4
9446 4
9447 4
9449 4
9450 4
9451 4
9452 4
9454 4
9455 4
9456 4
9458 4
9459 4
9460 4
9461 4
9462 4
9463 4
9464 4
9465 4
9467 4
9468 4
9469 4
9470 4
9471 4
9472 4
9473 4
9474 4
9475 4
9476 4
9477 4
9478 4
9479 4
9480 4
9481 4
9483 4
9484 4
9485 4
9486 4
9487 4
9488 4
9489 4
9490 4
9491 4
9492 4
9493 4
9494 4
9495 4
9496 4
9497 4
9498 4
9501 4
9502 4
9503 4
9504 4
9505 4
9506 4
9507 4
9508 4
9509 4
9510 4
9511 4
9512 4
9513 4
9514 4
9515 4
9516 4
9517 4
9518 4
9519 4
9520 4
9521 4
9522 4
9524 4
9525 4
9526 4
9527 4
9528 4
9529 4
9530 4
9531 4
9532 4
9533 4
9534 4
9535 4
9536 4
9537 4
9538 4
9539 4
9540 4
9541 4
9542 4
9543 4
9545 4
9546 4
9547 4
9548 4
9549 4
9550 4
9551 4
9552 4
9553 4
9554 4
9555 4
9556 4
9557 4
9558 4
9559 4
9560 4
9561 4
9562 4
9563 4
9564 4
9565 4
9566 4
9567 4
9568 4
9569 4
9570 4
9571 4
9572 4
9573 4
9574 4
9575 4
9576 4
9577 4
9578 4
9579 4
9580 4
9581 4
9582 4
9584 4
9585 4
9586 4
9587 4
9588 4
9589 4
9590 4
9591 4
9592 4
9593 4
9594 4
9595 4
9596 4
9597 4
9598 4
9599 4
9601 4
9602 4
9603 4
9605 4
9606 4
9607 4
9608 4
9609 4
9610 4
9611 4
9612 4
9613 4
9614 4
9615 4
9616 4
9617 4
9618 4
9619 4
9620 4
9622 4
9623 4
9624 4
9625 4
9626 4
9627 4
9628 4
9629 4
9630 4
9631 4
9632 4
9633 4
9634 4
9635 4
9636 4
9637 4
9638 4
9639 4
9640 4
9641 4
9643 4
9644 4
9645 4
9646 4
9647 4
9648 4
9649 4
9650 4
9651 4
9652 4
9653 4
9654 4
9655 4
9656 4
9657 4
9658 4
9660 4
9661 4
9662 4
9663 4
9664 4
9665 4
9666 4
9667 4
9668 4
9669 4
9670 4
9671 4
9672 4
9673 4
9674 4
9676 4
9677 4
9678 4
9679 4
9680 4
9681 4
9682 4
9683 4
9684 4
9685 4
9686 4
9687 4
9688 4
9689 4
9690 4
9691 4
9692 4
9693 4
9694 4
9695 4
9696 4
9697 4
9698 4
9699 4
9700 4
9701 4
9702 4
9703 4
9704 4
9705 4
9706 4
9707 4
9708 4
9709 4
9710 4
9711 4
9712 4
9713 4
9714 4
9715 4
9716 4
9717 4
9718 4
9719 4
972 4
9720 4
9721 4
9722 4
9723 4
9724 4
9725 4
9726 4
9727 4
9728 4
9729 4
9730 4
9732 4
9733 4
9734 4
9735 4
9737 4
9738 4
9739 4
9740 4
9741 4
9742 4
9743 4
9744 4
9745 4
9746 4
9747 4
9748 4
9749 4
9750 4
9751 4
9752 4
9753 4
9754 4
9755 4
9756 4
9757 4
9758 4
9759 4
9760 4
9761 4
9762 4
9763 4
9764 4
9765 4
9766 4
9767 4
9768 4
9769 4
9770 4
9771 4
9772 4
9773 4
9774 4
9775 4
9776 4
9777 4
9778 4
9779 4
9780 4
9781 4
9782 4
9783 4
9784 4
9785 4
9786 4
9787 4
9788 4
9789 4
9790 4
9791 4
9792 4
9793 4
9794 4
9795 4
9796 4
9797 4
9798 4
9799 4
980 4
9800 4
9801 4
9803 4
9804 4
9805 4
9806 4
9807 4
9808 4
9809 4
9811 4
9812 4
9813 4
9814 4
9815 4
9816 4
9817 4
9818 4
9819 4
9821 4
9822 4
9823 4
9824 4
9825 4
9826 4
9827 4
9828 4
9829 4
9830 4
9831 4
9832 4
9833 4
9834 4
9835 4
9836 4
9837 4
9838 4
9839 4
9840 4
9841 4
9843 4
9844 4
9845 4
9846 4
9847 4
9848 4
9849 4
9850 4
9851 4
9852 4
9853 4
9854 4
9855 4
9856 4
9857 4
9858 4
9859 4
9860 4
9861 4
9862 4
9864 4
9865 4
9866 4
9867 4
9868 4
9869 4
9870 4
9871 4
9872 4
9873 4
9874 4
9875 4
9876 4
9877 4
9878 4
9879 4
9880 4
9881 4
9882 4
9883 4
9884 4
9885 4
9886 4
9887 4
9888 4
9889 4
9890 4
9891 4
9892 4
9893 4
9894 4
9895 4
9896 4
9897 4
9898 4
9899 4
9900 4
9901 4
9902 4
9903 4
9904 4
9905 4
9906 4
9907 4
9908 4
9909 4
9910 4
9911 4
9912 4
9913 4
9914 4
9915 4
9916 4
9917 4
9918 4
9919 4
9920 4
9921 4
9922 4
9923 4
9924 4
9925 4
9926 4
9927 4
9928 4
9929 4
9930 4
9931 4
9932 4
9933 4
9934 4
9935 4
9936 4
9937 4
9938 4
9939 4
9940 4
9941 4
9942 4
9943 4
9944 4
9945 4
9946 4
9947 4
9948 4
9949 4
9950 4
9951 4
9952 4
9953 4
9954 4
9955 4
9956 4
9957 4
9958 4
9959 4
9960 4
9961 4
9962 4
9963 4
9964 4
9965 4
9966 4
9967 4
9968 4
9969 4
9970 4
9971 4
9972 4
9973 4
9974 4
9975 4
9976 4
9977 4
9978 4
9979 4
9980 4
9981 4
9982 4
9983 4
9984 4
9985 4
9986 4
9987 4
9988 4
9989 4
9990 4
9991 4
9992 4
9993 4
9994 4
9995 4
9996 4
9997 4
9998 4
9999 4
