6 369
2 332
7 231
16 208
8 202
19 185
44 179
1 168
17 168
5 168
18 166
0 165
30 148
25 139
9 131
66 128
15 122
4 119
27 117
43 112
39 108
13 107
3 106
22 105
67 102
31 99
37 99
185 94
29 91
71 87
50 85
124 82
36 82
103 77
151 77
200 77
20 75
54 75
73 75
11 73
53 73
12 72
57 72
69 72
68 71
60 69
79 69
120 68
168 68
127 67
77 67
119 66
106 65
93 64
117 62
14 62
63 62
83 62
156 61
10 59
28 59
176 58
205 58
51 58
74 58
98 58
134 57
165 56
214 56
224 56
147 55
99 55
113 54
354 54
65 54
179 53
21 53
228 53
23 53
303 53
107 52
241 52
100 51
145 51
181 51
82 51
85 51
161 50
177 50
32 50
34 50
139 49
174 49
194 49
287 49
46 49
35 48
377 48
47 48
551 48
109 47
171 47
192 47
323 47
362 46
196 45
315 45
333 45
56 45
75 45
102 44
105 44
121 44
173 44
38 44
110 43
80 43
371 42
401 42
87 42
154 41
209 41
234 41
257 41
312 41
52 41
58 41
991 41
116 40
155 40
245 39
302 39
307 39
92 39
182 38
220 38
239 38
338 38
339 38
578 38
72 38
118 37
148 37
164 37
233 37
265 37
388 37
49 37
59 37
86 37
198 36
324 36
70 36
122 35
143 35
157 35
180 35
327 35
359 35
380 35
45 35
596 35
718 35
960 35
1076 34
126 34
202 34
272 34
305 34
318 34
358 34
40 34
76 34
94 34
112 33
317 33
394 33
520 33
521 33
642 33
89 33
1064 32
137 32
163 32
243 32
285 32
291 32
341 32
410 32
435 32
463 32
481 32
637 32
708 32
777 32
88 32
1086 31
284 31
322 31
357 31
398 31
434 31
539 31
768 31
141 30
184 30
217 30
231 30
292 30
447 30
470 30
800 30
144 29
195 29
308 29
373 29
374 29
507 29
709 29
710 29
785 29
84 29
900 29
135 28
199 28
271 28
351 28
367 28
392 28
399 28
451 28
469 28
474 28
590 28
688 28
747 28
774 28
804 28
852 28
1074 27
128 27
267 27
269 27
298 27
332 27
436 27
444 27
533 27
615 27
62 27
648 27
814 27
867 27
922 27
96 27
125 26
136 26
201 26
237 26
252 26
256 26
260 26
293 26
295 26
346 26
419 26
467 26
558 26
570 26
586 26
819 26
863 26
133 25
1433 25
230 25
246 25
280 25
300 25
304 25
313 25
33 25
382 25
385 25
414 25
426 25
461 25
487 25
545 25
580 25
592 25
634 25
639 25
64 25
857 25
957 25
1020 24
1141 24
197 24
218 24
268 24
296 24
325 24
343 24
353 24
381 24
406 24
452 24
457 24
48 24
486 24
515 24
540 24
561 24
571 24
654 24
720 24
879 24
97 24
980 24
1019 23
114 23
1159 23
1174 23
1288 23
1299 23
130 23
1447 23
172 23
186 23
203 23
247 23
255 23
290 23
301 23
334 23
416 23
428 23
476 23
518 23
543 23
61 23
616 23
797 23
821 23
831 23
91 23
108 22
115 22
153 22
158 22
170 22
183 22
190 22
207 22
213 22
221 22
232 22
236 22
263 22
289 22
314 22
336 22
337 22
344 22
349 22
386 22
402 22
42 22
423 22
437 22
455 22
462 22
483 22
526 22
538 22
589 22
591 22
641 22
714 22
826 22
883 22
901 22
909 22
989 22
1004 21
1090 21
1134 21
1161 21
1210 21
1243 21
132 21
1356 21
1448 21
1460 21
150 21
1531 21
1533 21
159 21
167 21
187 21
188 21
261 21
266 21
275 21
335 21
366 21
370 21
372 21
375 21
412 21
418 21
456 21
492 21
497 21
506 21
531 21
535 21
559 21
567 21
579 21
607 21
619 21
651 21
658 21
736 21
743 21
78 21
81 21
835 21
846 21
871 21
934 21
949 21
1018 20
1058 20
1125 20
1137 20
1145 20
1181 20
1189 20
1242 20
1249 20
1257 20
1272 20
131 20
1326 20
1350 20
1359 20
1367 20
1377 20
1474 20
1980 20
250 20
26 20
264 20
270 20
279 20
309 20
328 20
345 20
379 20
393 20
41 20
415 20
431 20
442 20
448 20
500 20
582 20
605 20
610 20
644 20
657 20
693 20
698 20
705 20
725 20
726 20
770 20
790 20
796 20
825 20
827 20
894 20
939 20
950 20
977 20
1007 19
1011 19
1027 19
1190 19
1198 19
1260 19
1265 19
1270 19
1357 19
1395 19
1462 19
1652 19
1781 19
1874 19
206 19
24 19
273 19
286 19
288 19
350 19
400 19
407 19
409 19
422 19
443 19
458 19
477 19
517 19
553 19
622 19
652 19
662 19
695 19
731 19
738 19
745 19
789 19
836 19
850 19
876 19
880 19
928 19
942 19
962 19
1030 18
1056 18
1089 18
1191 18
1205 18
1215 18
1222 18
1274 18
1285 18
1490 18
1548 18
1552 18
1691 18
178 18
1896 18
1991 18
2125 18
2164 18
227 18
2327 18
2359 18
242 18
248 18
2509 18
251 18
254 18
283 18
297 18
320 18
356 18
369 18
383 18
390 18
408 18
417 18
421 18
430 18
471 18
504 18
511 18
529 18
534 18
556 18
585 18
601 18
612 18
614 18
636 18
640 18
673 18
716 18
717 18
746 18
752 18
755 18
781 18
793 18
801 18
802 18
828 18
830 18
851 18
897 18
907 18
101 17
1021 17
1044 17
1071 17
1139 17
1171 17
1177 17
1219 17
1296 17
1358 17
1432 17
1434 17
1508 17
1520 17
1593 17
162 17
1650 17
1701 17
1718 17
1785 17
1856 17
1859 17
1999 17
208 17
210 17
2394 17
2503 17
2648 17
274 17
282 17
311 17
329 17
348 17
368 17
439 17
441 17
450 17
482 17
485 17
488 17
505 17
514 17
524 17
542 17
544 17
55 17
552 17
560 17
602 17
611 17
631 17
643 17
653 17
691 17
692 17
702 17
732 17
744 17
772 17
779 17
784 17
844 17
873 17
882 17
902 17
918 17
987 17
1012 16
1025 16
1039 16
1047 16
1060 16
1080 16
1100 16
1112 16
1155 16
1166 16
1172 16
1182 16
1188 16
1252 16
1255 16
129 16
1291 16
1295 16
1301 16
1400 16
1425 16
149 16
1492 16
1497 16
152 16
1560 16
160 16
1618 16
166 16
1670 16
1687 16
1700 16
1717 16
175 16
1817 16
1818 16
1821 16
191 16
1988 16
1989 16
1995 16
2041 16
2072 16
2229 16
2340 16
2426 16
2433 16
244 16
277 16
3022 16
310 16
3117 16
361 16
363 16
365 16
3730 16
378 16
395 16
396 16
397 16
413 16
424 16
432 16
460 16
493 16
495 16
501 16
528 16
566 16
583 16
598 16
609 16
671 16
719 16
763 16
766 16
767 16
822 16
824 16
829 16
834 16
895 16
961 16
973 16
1006 15
1016 15
1038 15
1096 15
1102 15
1133 15
1201 15
1217 15
1246 15
1258 15
1268 15
1276 15
1300 15
1306 15
1328 15
1338 15
138 15
140 15
1421 15
1428 15
1437 15
1443 15
1444 15
1512 15
1532 15
1608 15
1629 15
1667 15
1672 15
1675 15
1682 15
1716 15
1766 15
1795 15
1827 15
1895 15
1906 15
1996 15
2030 15
2081 15
2088 15
2292 15
2404 15
253 15
2573 15
2585 15
262 15
2676 15
3092 15
3201 15
3221 15
331 15
347 15
352 15
4742 15
489 15
496 15
502 15
513 15
575 15
581 15
618 15
627 15
628 15
663 15
664 15
697 15
722 15
757 15
775 15
791 15
803 15
838 15
841 15
842 15
864 15
865 15
891 15
892 15
903 15
917 15
924 15
927 15
932 15
933 15
955 15
967 15
968 15
974 15
994 15
1024 14
1066 14
1082 14
1093 14
1095 14
1144 14
1154 14
1203 14
1256 14
1282 14
1283 14
1287 14
1343 14
1383 14
142 14
1431 14
1436 14
146 14
1463 14
1482 14
1506 14
1558 14
1567 14
1574 14
1605 14
1633 14
1723 14
1762 14
1778 14
1797 14
189 14
1970 14
1972 14
2012 14
2013 14
2020 14
2053 14
2063 14
2112 14
2127 14
2139 14
2145 14
216 14
2167 14
2176 14
2188 14
2204 14
2209 14
222 14
2241 14
225 14
226 14
2305 14
2361 14
238 14
2470 14
2515 14
2556 14
2667 14
2682 14
2889 14
3040 14
3132 14
3498 14
3591 14
3799 14
3899 14
391 14
420 14
438 14
465 14
473 14
503 14
522 14
550 14
5502 14
554 14
555 14
5555 14
562 14
594 14
617 14
620 14
629 14
647 14
661 14
679 14
683 14
686 14
734 14
741 14
748 14
751 14
795 14
812 14
813 14
840 14
854 14
877 14
886 14
888 14
893 14
899 14
914 14
916 14
95 14
986 14
1014 13
1046 13
1051 13
1052 13
1063 13
1079 13
1084 13
1097 13
1098 13
1111 13
1122 13
1131 13
1138 13
1167 13
1199 13
1223 13
1240 13
1251 13
1253 13
1261 13
1286 13
1292 13
1294 13
1303 13
1354 13
1381 13
1382 13
1387 13
1407 13
1429 13
1453 13
1454 13
1472 13
1499 13
1611 13
1664 13
1668 13
1680 13
1710 13
1713 13
1720 13
1734 13
1748 13
1809 13
1852 13
1883 13
1886 13
1910 13
1911 13
1923 13
193 13
1935 13
1979 13
2018 13
2069 13
2102 13
2117 13
212 13
2133 13
2210 13
223 13
2255 13
2257 13
2313 13
2358 13
2425 13
2467 13
2480 13
2511 13
2538 13
2552 13
2569 13
259 13
2644 13
2666 13
2690 13
2736 13
276 13
2791 13
2861 13
2870 13
2943 13
2968 13
3065 13
3192 13
321 13
3238 13
3296 13
3417 13
3479 13
3528 13
364 13
3642 13
3733 13
404 13
4064 13
445 13
464 13
468 13
508 13
509 13
546 13
557 13
569 13
584 13
588 13
603 13
621 13
635 13
638 13
656 13
660 13
666 13
667 13
675 13
737 13
753 13
754 13
758 13
759 13
762 13
771 13
808 13
839 13
848 13
855 13
868 13
878 13
896 13
904 13
935 13
947 13
992 13
995 13
1002 12
1032 12
1035 12
104 12
1045 12
1050 12
1067 12
1069 12
1091 12
1094 12
111 12
1114 12
1124 12
1135 12
1143 12
1152 12
1175 12
1176 12
1193 12
1204 12
1227 12
1231 12
1241 12
1247 12
1248 12
1262 12
1263 12
1278 12
1311 12
1315 12
1321 12
1324 12
1340 12
1353 12
1366 12
1388 12
1405 12
1422 12
1441 12
1468 12
1471 12
1476 12
1485 12
1487 12
1498 12
1515 12
1518 12
1550 12
1551 12
1556 12
1563 12
1565 12
1571 12
1580 12
1584 12
1585 12
1594 12
1599 12
1603 12
1606 12
1613 12
1632 12
1641 12
1643 12
1665 12
1678 12
1688 12
1712 12
1729 12
1732 12
1763 12
1790 12
1802 12
1804 12
1878 12
1882 12
1885 12
1901 12
1904 12
1907 12
1921 12
1927 12
1936 12
1942 12
1952 12
1969 12
1981 12
1987 12
2011 12
2061 12
2066 12
2093 12
2098 12
2106 12
2118 12
215 12
2221 12
2226 12
2239 12
2246 12
2249 12
2252 12
2323 12
2337 12
2342 12
2362 12
2380 12
2391 12
2402 12
2436 12
2447 12
2450 12
2474 12
2481 12
2483 12
2507 12
2606 12
2634 12
2636 12
2662 12
2686 12
2728 12
2745 12
2760 12
2773 12
2788 12
2797 12
281 12
2830 12
2844 12
2854 12
2967 12
2973 12
299 12
3009 12
3033 12
3060 12
3064 12
3172 12
3233 12
3273 12
3328 12
3340 12
340 12
3403 12
3484 12
3538 12
3636 12
3707 12
3722 12
376 12
3816 12
387 12
3877 12
3958 12
3961 12
425 12
429 12
4379 12
480 12
484 12
490 12
498 12
5230 12
547 12
5546 12
563 12
608 12
623 12
633 12
645 12
670 12
684 12
685 12
689 12
730 12
794 12
798 12
832 12
853 12
870 12
881 12
889 12
905 12
931 12
945 12
953 12
956 12
978 12
981 12
984 12
996 12
999 12
1008 11
1023 11
1033 11
1041 11
1049 11
1057 11
1065 11
1068 11
1083 11
1088 11
1099 11
1101 11
1106 11
1108 11
1121 11
1123 11
1126 11
1128 11
1129 11
1130 11
1142 11
1146 11
1151 11
1180 11
1213 11
1216 11
1224 11
1232 11
1233 11
1235 11
1267 11
1284 11
1293 11
1307 11
1313 11
1318 11
1320 11
1327 11
1330 11
1364 11
1370 11
1384 11
1393 11
1399 11
1408 11
1410 11
1416 11
1449 11
1458 11
1461 11
1469 11
1486 11
1489 11
1491 11
1509 11
1516 11
1536 11
1537 11
1539 11
1573 11
1581 11
1595 11
1597 11
1600 11
1623 11
1624 11
1647 11
1651 11
1663 11
1683 11
1684 11
1685 11
1709 11
1730 11
1786 11
1800 11
1844 11
1848 11
1887 11
1889 11
1909 11
1939 11
1947 11
1955 11
1965 11
1971 11
1985 11
1990 11
1994 11
2023 11
2033 11
2038 11
2060 11
2086 11
2097 11
211 11
2110 11
2119 11
2126 11
2134 11
2163 11
2180 11
2181 11
2186 11
2189 11
219 11
2191 11
2202 11
2228 11
2230 11
2253 11
2268 11
2285 11
2302 11
2315 11
2332 11
2334 11
2350 11
2366 11
240 11
2423 11
2437 11
2442 11
2454 11
2514 11
2518 11
2519 11
2535 11
258 11
2584 11
2611 11
2629 11
2703 11
2706 11
2707 11
2716 11
2723 11
2737 11
2796 11
2849 11
2850 11
2855 11
2856 11
2864 11
2900 11
2914 11
2921 11
2923 11
2935 11
294 11
3019 11
3037 11
3048 11
3053 11
3085 11
3090 11
3107 11
3127 11
3198 11
3242 11
326 11
3278 11
3306 11
3430 11
3431 11
3465 11
3504 11
3508 11
3516 11
3549 11
3564 11
3613 11
3631 11
3743 11
3810 11
3817 11
3879 11
3945 11
3989 11
3990 11
403 11
4067 11
411 11
4191 11
4236 11
4444 11
4457 11
4511 11
454 11
459 11
472 11
4827 11
494 11
4962 11
5235 11
530 11
5317 11
541 11
5631 11
5663 11
568 11
5684 11
572 11
573 11
5819 11
5835 11
5906 11
6059 11
624 11
626 11
655 11
659 11
677 11
681 11
682 11
687 11
694 11
733 11
756 11
769 11
778 11
786 11
809 11
856 11
861 11
862 11
869 11
872 11
885 11
929 11
937 11
946 11
952 11
965 11
976 11
997 11
1001 10
1022 10
1026 10
1034 10
1053 10
1055 10
1116 10
1119 10
1120 10
1132 10
1136 10
1140 10
1149 10
1150 10
1170 10
1179 10
1192 10
1228 10
1271 10
1297 10
1298 10
1305 10
1308 10
1332 10
1335 10
1344 10
1362 10
1371 10
1372 10
1376 10
1391 10
1396 10
1406 10
1427 10
1438 10
1445 10
1457 10
1465 10
1473 10
1475 10
1479 10
1481 10
1488 10
1495 10
1496 10
1503 10
1521 10
1522 10
1525 10
1527 10
1534 10
1535 10
1540 10
1545 10
1553 10
1587 10
1588 10
1616 10
1617 10
1621 10
1626 10
1634 10
1639 10
1644 10
1649 10
1658 10
1662 10
1666 10
1725 10
1742 10
1744 10
1746 10
1753 10
1761 10
1767 10
1769 10
1774 10
1777 10
1779 10
1791 10
1796 10
1798 10
1801 10
1808 10
1815 10
1845 10
1870 10
1880 10
1888 10
1898 10
1899 10
1912 10
1917 10
1932 10
1943 10
1948 10
1953 10
1956 10
1957 10
1963 10
1982 10
1998 10
2001 10
2006 10
2035 10
2054 10
2076 10
2082 10
2090 10
2092 10
2103 10
2105 10
2109 10
2130 10
2146 10
2150 10
2151 10
2169 10
2187 10
2196 10
2211 10
2219 10
2223 10
2248 10
2259 10
2261 10
2264 10
2275 10
2282 10
229 10
2295 10
2307 10
2309 10
2311 10
2314 10
2316 10
2320 10
2329 10
2374 10
2388 10
2390 10
2398 10
2399 10
2406 10
2410 10
2420 10
2427 10
2439 10
2440 10
2461 10
2466 10
2472 10
249 10
2497 10
2504 10
2516 10
2536 10
2546 10
2555 10
2557 10
2559 10
2566 10
2603 10
2614 10
2623 10
2640 10
2643 10
2647 10
2650 10
2653 10
2669 10
2674 10
2675 10
2694 10
2713 10
2717 10
2730 10
2761 10
2768 10
2793 10
2795 10
2806 10
2819 10
2848 10
2858 10
2859 10
2872 10
2886 10
2890 10
2891 10
2911 10
2924 10
2953 10
2982 10
2987 10
2999 10
3007 10
3008 10
3014 10
3038 10
3058 10
3063 10
3070 10
3080 10
3091 10
3104 10
3110 10
3129 10
3152 10
3160 10
3199 10
3200 10
3236 10
3250 10
3263 10
3285 10
3303 10
3330 10
3372 10
3381 10
3384 10
3398 10
342 10
3437 10
3441 10
3457 10
3461 10
3496 10
3547 10
3550 10
3558 10
3573 10
3582 10
3584 10
3612 10
3619 10
3644 10
3712 10
3716 10
3750 10
3763 10
3829 10
384 10
3860 10
3905 10
3956 10
3999 10
4012 10
4073 10
4093 10
4129 10
4151 10
4154 10
4182 10
4262 10
427 10
4316 10
4337 10
4363 10
4521 10
4528 10
4567 10
4615 10
4627 10
4632 10
4663 10
4674 10
4706 10
4722 10
4724 10
479 10
4832 10
4882 10
4954 10
499 10
5093 10
5119 10
516 10
5221 10
523 10
527 10
5288 10
537 10
5554 10
5576 10
5638 10
577 10
5852 10
587 10
595 10
597 10
599 10
5999 10
600 10
6045 10
613 10
630 10
632 10
646 10
6492 10
6844 10
690 10
6970 10
699 10
700 10
701 10
703 10
713 10
727 10
749 10
764 10
773 10
776 10
783 10
807 10
815 10
818 10
833 10
837 10
845 10
847 10
858 10
866 10
906 10
908 10
911 10
919 10
938 10
948 10
951 10
959 10
971 10
1000 9
1010 9
1028 9
1036 9
1043 9
1075 9
1103 9
1104 9
1105 9
1110 9
1117 9
1163 9
1168 9
1169 9
1178 9
1194 9
1195 9
1202 9
1225 9
1226 9
1234 9
1236 9
1238 9
1244 9
1259 9
1266 9
1273 9
1314 9
1319 9
1322 9
1337 9
1342 9
1352 9
1360 9
1363 9
1374 9
1379 9
1380 9
1385 9
1394 9
1409 9
1413 9
1414 9
1417 9
1420 9
1426 9
1430 9
1435 9
1452 9
1459 9
1464 9
1466 9
1480 9
1500 9
1501 9
1511 9
1546 9
1569 9
1570 9
1576 9
1578 9
1583 9
1598 9
1601 9
1609 9
1622 9
1627 9
1630 9
1631 9
1648 9
1686 9
1694 9
1706 9
1708 9
1731 9
1738 9
1739 9
1741 9
1750 9
1755 9
1768 9
1776 9
1794 9
1803 9
1810 9
1811 9
1823 9
1824 9
1828 9
1831 9
1838 9
1839 9
1843 9
1851 9
1866 9
1869 9
1876 9
1890 9
1894 9
1918 9
1920 9
1928 9
1949 9
1958 9
1976 9
1986 9
2003 9
2005 9
2039 9
2045 9
2050 9
2062 9
2067 9
2068 9
2078 9
2080 9
2115 9
2140 9
2152 9
2153 9
2155 9
2159 9
2160 9
2165 9
2179 9
2198 9
2207 9
2216 9
2225 9
2227 9
2236 9
2237 9
2240 9
2245 9
2256 9
2277 9
2288 9
2308 9
2318 9
2326 9
2343 9
2346 9
2348 9
2351 9
2365 9
2371 9
2403 9
2417 9
2424 9
2432 9
2435 9
2476 9
2491 9
2499 9
2517 9
2524 9
2537 9
2539 9
2541 9
2560 9
2563 9
2576 9
2581 9
2597 9
2616 9
2619 9
2622 9
2631 9
2646 9
2655 9
2658 9
2677 9
2683 9
2693 9
2695 9
2711 9
2720 9
2733 9
2734 9
2743 9
2749 9
2750 9
2752 9
2756 9
2758 9
2763 9
2766 9
2767 9
2770 9
2778 9
2781 9
2790 9
2810 9
2826 9
2836 9
2845 9
2853 9
2860 9
2867 9
2874 9
2876 9
2877 9
2901 9
2918 9
2930 9
2931 9
2936 9
2948 9
2978 9
2985 9
2998 9
3000 9
3021 9
3041 9
3066 9
3078 9
3099 9
3119 9
3120 9
3126 9
3142 9
3144 9
3157 9
316 9
3169 9
3175 9
319 9
3197 9
3209 9
3212 9
3213 9
3292 9
3297 9
3310 9
3322 9
3336 9
3342 9
3344 9
3354 9
3356 9
3385 9
3396 9
3402 9
3421 9
3438 9
3473 9
3482 9
3495 9
3503 9
3544 9
3557 9
3565 9
3570 9
3577 9
3586 9
3592 9
3606 9
3611 9
3633 9
3637 9
3651 9
3686 9
3691 9
3719 9
3748 9
3762 9
3802 9
3832 9
3848 9
3857 9
3881 9
3889 9
3898 9
3943 9
4027 9
4030 9
4032 9
4034 9
4058 9
4088 9
4092 9
4148 9
4178 9
4179 9
4205 9
4239 9
4249 9
4277 9
4321 9
4333 9
4335 9
4347 9
4359 9
440 9
4400 9
4458 9
4475 9
4489 9
4536 9
4578 9
4624 9
4645 9
4717 9
4730 9
4744 9
4747 9
475 9
4757 9
4758 9
4784 9
4867 9
4970 9
4980 9
5070 9
5105 9
5143 9
5162 9
5174 9
5217 9
5222 9
5228 9
5275 9
532 9
5340 9
5421 9
548 9
5481 9
5579 9
5601 9
5675 9
5690 9
5724 9
5725 9
5734 9
576 9
5793 9
5856 9
5874 9
6023 9
604 9
6064 9
6278 9
6301 9
649 9
650 9
678 9
680 9
696 9
7005 9
704 9
706 9
715 9
721 9
728 9
7337 9
739 9
742 9
7541 9
761 9
788 9
8155 9
816 9
843 9
849 9
859 9
860 9
874 9
875 9
90 9
915 9
920 9
921 9
930 9
964 9
970 9
975 9
983 9
990 9
1003 8
1005 8
1017 8
1029 8
1031 8
1037 8
1040 8
1054 8
1062 8
1072 8
1085 8
1113 8
1115 8
1148 8
1157 8
1158 8
1165 8
1184 8
1187 8
1200 8
1239 8
1245 8
1264 8
1269 8
1279 8
1290 8
1304 8
1309 8
1316 8
1323 8
1329 8
1333 8
1336 8
1339 8
1347 8
1348 8
1349 8
1365 8
1369 8
1373 8
1375 8
1397 8
1398 8
1402 8
1404 8
1446 8
1450 8
1455 8
1456 8
1514 8
1528 8
1529 8
1538 8
1542 8
1547 8
1557 8
1559 8
1577 8
1586 8
1589 8
1590 8
1592 8
1612 8
1619 8
1636 8
1638 8
1640 8
1645 8
1655 8
1679 8
1689 8
1695 8
1698 8
1702 8
1703 8
1704 8
1705 8
1707 8
1715 8
1719 8
1722 8
1724 8
1751 8
1752 8
1756 8
1758 8
1765 8
1770 8
1787 8
1805 8
1806 8
1807 8
1814 8
1820 8
1826 8
1830 8
1835 8
1841 8
1847 8
1849 8
1850 8
1854 8
1855 8
1860 8
1862 8
1868 8
1875 8
1877 8
1884 8
1891 8
1903 8
1913 8
1914 8
1925 8
1930 8
1931 8
1950 8
1954 8
1968 8
1974 8
1975 8
1977 8
1978 8
2008 8
2021 8
2024 8
2034 8
2036 8
204 8
2051 8
2052 8
2058 8
2073 8
2075 8
2085 8
2096 8
2120 8
2123 8
2124 8
2128 8
2129 8
2132 8
2143 8
2147 8
2154 8
2156 8
2157 8
2170 8
2171 8
2175 8
2177 8
2182 8
2190 8
2194 8
2201 8
2212 8
2217 8
2222 8
2238 8
2242 8
2243 8
2244 8
2266 8
2283 8
2286 8
2322 8
2325 8
2339 8
2369 8
2376 8
2378 8
2381 8
2382 8
2386 8
2387 8
2389 8
2400 8
2409 8
2428 8
2430 8
2443 8
2446 8
2451 8
2463 8
2464 8
2465 8
2469 8
2475 8
2478 8
2485 8
2487 8
2493 8
2500 8
2502 8
2506 8
2520 8
2522 8
2528 8
2543 8
2575 8
2579 8
2592 8
2621 8
2630 8
2651 8
2660 8
2680 8
2691 8
2692 8
2698 8
2712 8
2724 8
2732 8
2744 8
2747 8
2753 8
2754 8
2759 8
2764 8
2765 8
2780 8
2782 8
2784 8
2789 8
2809 8
2827 8
2837 8
2838 8
2865 8
2883 8
2884 8
2885 8
2894 8
2897 8
2904 8
2906 8
2913 8
2940 8
2946 8
2957 8
2960 8
2966 8
2970 8
2975 8
2979 8
2997 8
3002 8
3003 8
3004 8
3011 8
3012 8
3036 8
3052 8
3062 8
3073 8
3096 8
3109 8
3111 8
3136 8
3139 8
3153 8
3154 8
3159 8
3161 8
3167 8
3184 8
3186 8
3189 8
3195 8
3196 8
3211 8
3214 8
3220 8
3229 8
3232 8
3234 8
3235 8
3237 8
3241 8
3243 8
3245 8
3249 8
3252 8
3256 8
3257 8
3264 8
3265 8
3288 8
3307 8
3350 8
3353 8
3357 8
3358 8
3374 8
3375 8
3405 8
3415 8
3420 8
3424 8
3427 8
3444 8
3445 8
3448 8
3463 8
3481 8
3492 8
3513 8
3518 8
3520 8
3537 8
3542 8
3545 8
3555 8
3574 8
3598 8
3601 8
3602 8
3604 8
3605 8
3608 8
3617 8
3640 8
3646 8
3652 8
3671 8
3681 8
3687 8
3689 8
3690 8
3706 8
3715 8
3726 8
3729 8
3731 8
3738 8
3742 8
3752 8
3758 8
3786 8
3790 8
3800 8
3804 8
3812 8
3818 8
3821 8
3837 8
3846 8
3847 8
3855 8
3865 8
3866 8
3873 8
3883 8
389 8
3897 8
3921 8
3930 8
3942 8
3946 8
3957 8
3973 8
3974 8
3975 8
4002 8
4043 8
4050 8
4054 8
4061 8
4070 8
4076 8
4085 8
4100 8
4102 8
4103 8
4105 8
4123 8
4137 8
4149 8
4157 8
4172 8
4176 8
4180 8
4186 8
4196 8
4197 8
4204 8
4216 8
4217 8
4245 8
4247 8
4253 8
4261 8
4276 8
4279 8
4282 8
4283 8
4301 8
4304 8
4308 8
4320 8
4325 8
4327 8
4329 8
4346 8
4354 8
4358 8
4365 8
4376 8
4377 8
4381 8
4382 8
4394 8
4396 8
4399 8
4401 8
4414 8
4418 8
4430 8
4456 8
4468 8
4504 8
4510 8
4513 8
4519 8
4530 8
4535 8
4544 8
4553 8
4554 8
4556 8
4558 8
4562 8
4569 8
4577 8
4586 8
4628 8
4642 8
4644 8
466 8
4668 8
4695 8
4709 8
4716 8
4760 8
4771 8
4790 8
4794 8
4795 8
4806 8
4828 8
4844 8
4845 8
4864 8
4876 8
4887 8
4888 8
4920 8
4928 8
4982 8
4983 8
4996 8
5005 8
5007 8
5014 8
5017 8
5025 8
5083 8
5085 8
5091 8
5102 8
5115 8
5117 8
5118 8
512 8
5128 8
5132 8
5139 8
5186 8
519 8
5197 8
5200 8
5239 8
5242 8
5247 8
5258 8
5265 8
5291 8
5304 8
5308 8
5309 8
5339 8
5385 8
5444 8
5452 8
5466 8
5482 8
5529 8
5575 8
5715 8
5754 8
5770 8
5811 8
5816 8
5844 8
5876 8
5927 8
5956 8
6036 8
6047 8
6049 8
6071 8
6082 8
6119 8
6137 8
6168 8
6169 8
6188 8
6279 8
6362 8
6376 8
6387 8
6471 8
6517 8
6524 8
6571 8
6678 8
6692 8
6763 8
6785 8
707 8
711 8
7189 8
7199 8
723 8
7280 8
7309 8
7323 8
735 8
740 8
7473 8
7625 8
7705 8
782 8
7837 8
787 8
810 8
820 8
823 8
887 8
912 8
913 8
936 8
943 8
963 8
966 8
972 8
1042 7
1048 7
1070 7
1077 7
1087 7
1092 7
1109 7
1118 7
1160 7
1162 7
1164 7
1185 7
1196 7
1211 7
1212 7
1214 7
1220 7
1221 7
1229 7
123 7
1250 7
1254 7
1280 7
1289 7
1302 7
1312 7
1325 7
1331 7
1334 7
1345 7
1351 7
1368 7
1386 7
1412 7
1424 7
1439 7
1440 7
1467 7
1470 7
1483 7
1484 7
1502 7
1504 7
1505 7
1507 7
1510 7
1513 7
1517 7
1519 7
1523 7
1524 7
1526 7
1530 7
1541 7
1543 7
1562 7
1566 7
1572 7
1579 7
1582 7
1602 7
1614 7
1620 7
1625 7
1635 7
1637 7
1642 7
1660 7
1661 7
1671 7
1735 7
1736 7
1747 7
1754 7
1757 7
1760 7
1764 7
1771 7
1772 7
1775 7
1782 7
1813 7
1825 7
1829 7
1834 7
1836 7
1842 7
1861 7
1865 7
1881 7
1900 7
1922 7
1924 7
1926 7
1938 7
1941 7
1945 7
1946 7
1961 7
1962 7
1967 7
1984 7
2000 7
2009 7
2014 7
2016 7
2019 7
2022 7
2027 7
2037 7
2043 7
2049 7
2071 7
2077 7
2083 7
2089 7
2100 7
2107 7
2108 7
2111 7
2113 7
2135 7
2136 7
2142 7
2148 7
2166 7
2172 7
2183 7
2195 7
2208 7
2220 7
2234 7
2267 7
2274 7
2278 7
2284 7
2287 7
2296 7
2297 7
2300 7
2317 7
2330 7
2331 7
2335 7
2338 7
2344 7
2347 7
235 7
2355 7
2360 7
2370 7
2373 7
2379 7
2385 7
2392 7
2396 7
2407 7
2408 7
2415 7
2421 7
2431 7
2444 7
2455 7
2456 7
2458 7
2482 7
2484 7
2488 7
2489 7
2494 7
2495 7
2496 7
2527 7
2531 7
2542 7
2544 7
2548 7
2550 7
2553 7
2561 7
2562 7
2564 7
2567 7
2570 7
2571 7
2577 7
2578 7
2582 7
2586 7
2596 7
2601 7
2604 7
2610 7
2620 7
2625 7
2627 7
2632 7
2633 7
2638 7
2642 7
2652 7
2654 7
2656 7
2657 7
2664 7
2671 7
2684 7
2696 7
2701 7
2738 7
2740 7
2746 7
2755 7
2775 7
2799 7
2802 7
2803 7
2804 7
2805 7
2814 7
2817 7
2833 7
2839 7
2841 7
2847 7
2851 7
2862 7
2868 7
2871 7
2875 7
2896 7
2902 7
2907 7
2916 7
2919 7
2926 7
2932 7
2938 7
2941 7
2942 7
2945 7
2950 7
2956 7
2959 7
2969 7
2981 7
2984 7
2988 7
2992 7
3010 7
3028 7
3029 7
3031 7
3043 7
3049 7
3050 7
3055 7
3056 7
3061 7
3067 7
3077 7
3081 7
3083 7
3089 7
3093 7
3095 7
3098 7
3103 7
3106 7
3112 7
3113 7
3115 7
3122 7
3131 7
3137 7
3138 7
3140 7
3143 7
3162 7
3179 7
3187 7
3208 7
3217 7
3225 7
3230 7
3244 7
3253 7
3254 7
3255 7
3258 7
3269 7
3272 7
3275 7
3277 7
3281 7
3282 7
3289 7
3290 7
3298 7
3299 7
3301 7
3318 7
3324 7
3334 7
3337 7
3338 7
3347 7
3348 7
3349 7
3352 7
3360 7
3361 7
3369 7
3370 7
3379 7
3383 7
3387 7
3395 7
3397 7
3404 7
3409 7
3411 7
3416 7
3434 7
3439 7
3452 7
3454 7
3456 7
3467 7
3468 7
3470 7
3474 7
3478 7
3480 7
3483 7
3485 7
3499 7
3502 7
3507 7
3514 7
3515 7
3519 7
3521 7
3523 7
3526 7
355 7
3551 7
3552 7
3553 7
3556 7
3568 7
3571 7
3576 7
3580 7
3583 7
360 7
3600 7
3610 7
3616 7
3622 7
3623 7
3627 7
3629 7
3634 7
3639 7
3649 7
3657 7
3661 7
3667 7
3668 7
3669 7
3673 7
3679 7
3685 7
3688 7
3694 7
3705 7
3708 7
3709 7
3718 7
3721 7
3723 7
3734 7
3736 7
3737 7
3740 7
3747 7
3749 7
3755 7
3756 7
3761 7
3765 7
3766 7
3767 7
3769 7
3770 7
3775 7
3779 7
3784 7
3793 7
3797 7
3798 7
3801 7
3805 7
3820 7
3830 7
3834 7
3835 7
3840 7
3844 7
3850 7
3851 7
3852 7
3853 7
3858 7
3859 7
3862 7
3880 7
3884 7
3888 7
3906 7
3910 7
3926 7
3927 7
3928 7
3938 7
3940 7
3941 7
3948 7
3951 7
3952 7
3953 7
3962 7
3968 7
3969 7
3970 7
3982 7
3984 7
3985 7
3994 7
3995 7
4005 7
4007 7
4009 7
4011 7
4022 7
4026 7
4029 7
4059 7
4062 7
4065 7
4075 7
4084 7
4086 7
4087 7
4095 7
4099 7
4106 7
4115 7
4116 7
4117 7
4120 7
4132 7
4133 7
4135 7
4136 7
4139 7
4140 7
4142 7
4163 7
4181 7
4190 7
4200 7
4206 7
4209 7
4212 7
4215 7
4227 7
4229 7
4235 7
4238 7
4248 7
4250 7
4251 7
4257 7
4260 7
4273 7
4275 7
4280 7
4286 7
4288 7
4289 7
4292 7
4294 7
4296 7
4299 7
4306 7
4307 7
4309 7
4322 7
4323 7
433 7
4330 7
4332 7
4338 7
4339 7
4340 7
4341 7
4344 7
4366 7
4369 7
4384 7
4404 7
4413 7
4415 7
4423 7
4425 7
4429 7
4432 7
4434 7
4439 7
4448 7
4452 7
4463 7
4469 7
4470 7
4472 7
4477 7
4483 7
4518 7
4520 7
4522 7
4524 7
453 7
4532 7
4540 7
4542 7
4545 7
4546 7
4550 7
4552 7
4555 7
4560 7
4582 7
4599 7
4600 7
4605 7
4610 7
4618 7
4622 7
4623 7
4626 7
4648 7
4658 7
4662 7
4667 7
4680 7
4684 7
4703 7
4705 7
4710 7
4720 7
4721 7
4723 7
4748 7
4754 7
4761 7
4766 7
4774 7
4804 7
4822 7
4823 7
4826 7
4831 7
4836 7
4839 7
4840 7
4841 7
4852 7
4860 7
4868 7
4869 7
4889 7
4901 7
4903 7
4904 7
4910 7
4916 7
4919 7
4935 7
4940 7
4942 7
4945 7
4952 7
4961 7
4972 7
4974 7
4986 7
4993 7
5001 7
5006 7
5009 7
5016 7
5024 7
5031 7
5034 7
5035 7
5041 7
5054 7
5055 7
5056 7
5059 7
5066 7
5073 7
5081 7
5087 7
510 7
5100 7
5103 7
5129 7
5133 7
5144 7
5150 7
5155 7
5163 7
5164 7
5195 7
5201 7
5210 7
5213 7
5220 7
5234 7
5243 7
5248 7
5249 7
5252 7
5255 7
5260 7
5281 7
5297 7
5303 7
5307 7
5312 7
5320 7
5325 7
5331 7
5357 7
5361 7
5364 7
5365 7
5371 7
5376 7
5377 7
5378 7
5396 7
5417 7
5420 7
5427 7
5439 7
5456 7
5464 7
5465 7
5480 7
5486 7
549 7
5496 7
5497 7
5530 7
5532 7
5540 7
5562 7
5569 7
5602 7
5609 7
5611 7
5626 7
5627 7
5628 7
5630 7
5645 7
5662 7
5670 7
5674 7
5693 7
5700 7
5705 7
5711 7
574 7
5761 7
5774 7
5776 7
5803 7
5817 7
5821 7
5825 7
5829 7
5845 7
5848 7
5864 7
5865 7
5887 7
5905 7
5907 7
5912 7
5915 7
5919 7
593 7
5935 7
5943 7
5949 7
5966 7
5988 7
6003 7
6039 7
6057 7
6076 7
6077 7
6078 7
6097 7
6104 7
6111 7
6116 7
6125 7
6130 7
6131 7
6152 7
6159 7
6181 7
6190 7
6192 7
6200 7
6209 7
6210 7
6212 7
6231 7
6240 7
6244 7
6252 7
6268 7
6289 7
6318 7
6320 7
6334 7
6339 7
6348 7
6358 7
6377 7
6388 7
6392 7
6414 7
6426 7
6450 7
6451 7
6453 7
6494 7
6505 7
6506 7
6552 7
6568 7
6587 7
6593 7
6595 7
6644 7
6671 7
668 7
6703 7
6714 7
6729 7
6736 7
6758 7
6780 7
6794 7
6840 7
6865 7
6887 7
6942 7
6964 7
6972 7
7017 7
7019 7
7022 7
7050 7
7106 7
7120 7
7173 7
7178 7
7186 7
7207 7
724 7
7240 7
7285 7
7391 7
7399 7
7429 7
7499 7
7515 7
7525 7
7535 7
7611 7
7623 7
7641 7
765 7
7661 7
7665 7
7703 7
7799 7
780 7
7820 7
7844 7
7973 7
7983 7
799 7
8007 7
8036 7
805 7
806 7
811 7
8127 7
8171 7
8248 7
8641 7
8690 7
884 7
923 7
925 7
954 7
969 7
985 7
988 7
993 7
998 7
1013 6
1015 6
1061 6
1073 6
1081 6
1127 6
1147 6
1173 6
1208 6
1230 6
1237 6
1275 6
1317 6
1346 6
1355 6
1361 6
1378 6
1390 6
1392 6
1415 6
1423 6
1442 6
1477 6
1494 6
1549 6
1554 6
1555 6
1575 6
1591 6
1596 6
1604 6
1607 6
1646 6
1653 6
1654 6
1656 6
1657 6
1669 6
1673 6
1674 6
1681 6
1697 6
1721 6
1726 6
1733 6
1740 6
1749 6
1799 6
1812 6
1819 6
1833 6
1857 6
1863 6
1864 6
1871 6
1873 6
1892 6
1893 6
1902 6
1905 6
1916 6
1929 6
1933 6
1934 6
1937 6
1940 6
1951 6
1960 6
1973 6
1993 6
1997 6
2007 6
2010 6
2015 6
2025 6
2026 6
2032 6
2040 6
2044 6
2047 6
2055 6
2057 6
2059 6
2064 6
2079 6
2091 6
2095 6
2099 6
2137 6
2144 6
2161 6
2162 6
2178 6
2192 6
2197 6
2200 6
2203 6
2205 6
2213 6
2214 6
2215 6
2218 6
2224 6
2232 6
2233 6
2263 6
2271 6
2273 6
2281 6
2289 6
2291 6
2294 6
2306 6
2312 6
2321 6
2356 6
2357 6
2364 6
2377 6
2383 6
2384 6
2393 6
2397 6
2405 6
2412 6
2413 6
2414 6
2441 6
2449 6
2452 6
2453 6
2460 6
2473 6
2490 6
2492 6
2498 6
2501 6
2505 6
2508 6
2510 6
2512 6
2523 6
2526 6
2534 6
2545 6
2549 6
2554 6
2574 6
2580 6
2583 6
2589 6
2591 6
2595 6
2608 6
2612 6
2613 6
2615 6
2617 6
2618 6
2639 6
2641 6
2661 6
2672 6
2673 6
2678 6
2705 6
2708 6
2710 6
2714 6
2715 6
2719 6
2721 6
2725 6
2726 6
2727 6
2731 6
2739 6
2741 6
2757 6
2771 6
2772 6
2777 6
278 6
2785 6
2786 6
2800 6
2811 6
2815 6
2821 6
2824 6
2825 6
2828 6
2835 6
2873 6
2878 6
2887 6
2895 6
2903 6
2905 6
2909 6
2925 6
2927 6
2934 6
2939 6
2952 6
2954 6
2955 6
2963 6
2965 6
2971 6
2976 6
2980 6
2986 6
2993 6
2995 6
3006 6
3015 6
3020 6
3027 6
3034 6
3035 6
3039 6
3045 6
3047 6
3057 6
3059 6
306 6
3071 6
3074 6
3075 6
3079 6
3082 6
3086 6
3087 6
3094 6
3101 6
3102 6
3108 6
3118 6
3128 6
3130 6
3134 6
3145 6
3146 6
3149 6
3158 6
3163 6
3165 6
3168 6
3171 6
3176 6
3177 6
3178 6
3180 6
3190 6
3191 6
3202 6
3204 6
3205 6
3210 6
3216 6
3219 6
3226 6
3228 6
3231 6
3260 6
3266 6
3276 6
3280 6
3284 6
3291 6
3293 6
3294 6
3295 6
3300 6
3304 6
3314 6
3315 6
3316 6
3319 6
3321 6
3325 6
3331 6
3332 6
3333 6
3335 6
3339 6
3341 6
3351 6
3355 6
3362 6
3363 6
3364 6
3366 6
3367 6
3376 6
3377 6
3378 6
3382 6
3386 6
3388 6
3393 6
3406 6
3408 6
3419 6
3422 6
3425 6
3429 6
3432 6
3435 6
3436 6
3442 6
3447 6
3449 6
3451 6
3453 6
3455 6
3462 6
3466 6
3469 6
3471 6
3475 6
3477 6
3486 6
3487 6
3489 6
3494 6
3505 6
3506 6
3512 6
3524 6
3529 6
3531 6
3539 6
3548 6
3561 6
3562 6
3563 6
3575 6
3581 6
3588 6
3599 6
3607 6
3609 6
3614 6
3618 6
3632 6
3638 6
3643 6
3647 6
3648 6
3653 6
3654 6
3656 6
3660 6
3662 6
3664 6
3670 6
3672 6
3674 6
3675 6
3678 6
3680 6
3684 6
3696 6
3697 6
3699 6
3702 6
3704 6
3710 6
3711 6
3717 6
3720 6
3724 6
3725 6
3727 6
3741 6
3745 6
3746 6
3753 6
3754 6
3760 6
3764 6
3773 6
3785 6
3787 6
3788 6
3794 6
3796 6
3803 6
3806 6
3811 6
3814 6
3815 6
3819 6
3824 6
3836 6
3843 6
3861 6
3863 6
3874 6
3878 6
3882 6
3886 6
3890 6
3891 6
3893 6
3894 6
3902 6
3903 6
3916 6
3920 6
3932 6
3936 6
3937 6
3947 6
3949 6
3954 6
3960 6
3971 6
3977 6
3986 6
3987 6
3993 6
3996 6
3998 6
4001 6
4003 6
4004 6
4006 6
4010 6
4013 6
4021 6
4036 6
4038 6
4039 6
4041 6
4042 6
4048 6
405 6
4053 6
4063 6
4082 6
4090 6
4091 6
4096 6
4097 6
4098 6
4101 6
4113 6
4122 6
4128 6
4130 6
4144 6
4147 6
4150 6
4156 6
4160 6
4161 6
4171 6
4174 6
4187 6
4195 6
4198 6
4199 6
4210 6
4221 6
4224 6
4237 6
4240 6
4254 6
4263 6
4270 6
4281 6
4284 6
4290 6
4295 6
4297 6
4302 6
4318 6
4328 6
4331 6
4343 6
4345 6
4350 6
4351 6
4355 6
4356 6
4357 6
4370 6
4373 6
4380 6
4386 6
4387 6
4388 6
4389 6
4392 6
4395 6
4406 6
4424 6
4427 6
4428 6
4436 6
4437 6
4442 6
4445 6
4446 6
4449 6
4450 6
4459 6
4460 6
4465 6
4476 6
4478 6
4481 6
4482 6
4488 6
449 6
4490 6
4491 6
4496 6
4499 6
4501 6
4502 6
4503 6
4506 6
4509 6
4527 6
4531 6
4533 6
4539 6
4561 6
4563 6
4565 6
4568 6
4575 6
4584 6
4589 6
4590 6
4594 6
4595 6
4596 6
4601 6
4602 6
4604 6
4606 6
4607 6
4629 6
4639 6
4640 6
4649 6
4656 6
4661 6
4664 6
4669 6
4682 6
4685 6
4686 6
4687 6
4690 6
4693 6
4694 6
4697 6
4698 6
4701 6
4707 6
4708 6
4711 6
4718 6
4731 6
4739 6
4740 6
4741 6
4753 6
4763 6
4767 6
4780 6
4800 6
4802 6
4807 6
4810 6
4811 6
4814 6
4816 6
4819 6
4821 6
4829 6
4833 6
4834 6
4843 6
4849 6
4851 6
4855 6
4859 6
4862 6
4863 6
4871 6
4872 6
4873 6
4877 6
4880 6
4886 6
4890 6
4895 6
4908 6
491 6
4915 6
4917 6
4918 6
4931 6
4933 6
4936 6
4944 6
4946 6
4947 6
4948 6
4949 6
4956 6
4958 6
4964 6
4965 6
4967 6
4976 6
4977 6
4979 6
4981 6
4985 6
4999 6
5013 6
5022 6
5029 6
5042 6
5043 6
5045 6
5047 6
5051 6
5052 6
5060 6
5065 6
5075 6
5078 6
5086 6
5092 6
5095 6
5109 6
5110 6
5113 6
5123 6
5137 6
5140 6
5141 6
5148 6
5154 6
5165 6
5171 6
5173 6
5175 6
5178 6
5182 6
5185 6
5188 6
5191 6
5193 6
5194 6
5204 6
5205 6
5219 6
5224 6
5225 6
5231 6
5232 6
5238 6
5240 6
5241 6
525 6
5253 6
5257 6
5263 6
5268 6
5269 6
5270 6
5277 6
5282 6
5284 6
5286 6
5287 6
5295 6
5298 6
5300 6
5301 6
5313 6
5315 6
5318 6
5319 6
5322 6
5327 6
5329 6
5334 6
5352 6
5353 6
5359 6
536 6
5367 6
5381 6
5387 6
5388 6
5389 6
5391 6
5398 6
5399 6
5404 6
5407 6
5412 6
5413 6
5415 6
5422 6
5423 6
5430 6
5434 6
5435 6
5442 6
5447 6
5453 6
5457 6
5474 6
5475 6
5478 6
5479 6
5484 6
5485 6
5488 6
5491 6
5493 6
5494 6
5507 6
5510 6
5511 6
5516 6
5527 6
5536 6
5550 6
5552 6
5553 6
5556 6
5559 6
5564 6
5568 6
5570 6
5577 6
5580 6
5585 6
5586 6
5589 6
5597 6
5607 6
5612 6
5642 6
5647 6
5657 6
5660 6
5665 6
5667 6
5671 6
5672 6
5678 6
5679 6
5680 6
5682 6
5683 6
5686 6
5687 6
5704 6
5708 6
5713 6
5729 6
5730 6
5744 6
5749 6
5753 6
5758 6
5766 6
5775 6
5779 6
5781 6
5783 6
5786 6
5805 6
5806 6
5826 6
5830 6
5834 6
5837 6
5840 6
5841 6
5851 6
5859 6
5861 6
5868 6
5872 6
5879 6
5881 6
5882 6
5884 6
5888 6
5895 6
5904 6
5909 6
5911 6
5921 6
5922 6
5924 6
5925 6
5933 6
5938 6
5939 6
5945 6
5951 6
5962 6
5969 6
5971 6
5977 6
5978 6
5979 6
5981 6
5985 6
5986 6
5992 6
6001 6
6005 6
6007 6
6010 6
6012 6
6020 6
6025 6
6026 6
6032 6
6044 6
6052 6
6056 6
6060 6
6062 6
6063 6
6066 6
6067 6
6069 6
6070 6
6073 6
6074 6
6083 6
6098 6
6099 6
6101 6
6145 6
6153 6
6155 6
6156 6
6157 6
6167 6
6170 6
6178 6
6182 6
6185 6
6203 6
6204 6
6215 6
6216 6
6218 6
6220 6
6221 6
6226 6
6228 6
6253 6
6256 6
6258 6
6280 6
6286 6
6298 6
6303 6
6315 6
6324 6
6335 6
6344 6
6364 6
6366 6
6367 6
6372 6
6378 6
6381 6
6386 6
6400 6
6411 6
6428 6
6430 6
6433 6
6434 6
6438 6
6454 6
6456 6
6458 6
6462 6
6464 6
6475 6
6480 6
6486 6
6488 6
6491 6
6495 6
6500 6
6508 6
6516 6
6532 6
6538 6
6541 6
6549 6
6559 6
6564 6
6578 6
6582 6
6589 6
6591 6
6598 6
6601 6
6602 6
6607 6
6609 6
6612 6
6615 6
6624 6
6631 6
6633 6
6638 6
6640 6
6641 6
6665 6
6684 6
6693 6
6697 6
6702 6
6712 6
6713 6
6721 6
6726 6
6730 6
6746 6
6753 6
6755 6
6757 6
676 6
6762 6
6778 6
6782 6
6792 6
6793 6
6795 6
6802 6
6813 6
6818 6
6828 6
6830 6
6835 6
6843 6
6845 6
6846 6
6870 6
6886 6
6889 6
6894 6
6895 6
6902 6
6904 6
6912 6
6916 6
6919 6
6930 6
6931 6
6954 6
6973 6
6987 6
6989 6
6992 6
6993 6
6996 6
7007 6
7037 6
7053 6
7060 6
7061 6
7073 6
7076 6
7080 6
7081 6
7083 6
7086 6
7098 6
7101 6
7102 6
7108 6
712 6
7128 6
7140 6
7149 6
7155 6
7159 6
7166 6
7169 6
7175 6
7177 6
7191 6
7224 6
7235 6
7236 6
7241 6
7243 6
7247 6
7270 6
7272 6
7278 6
729 6
7298 6
7304 6
7310 6
7311 6
7342 6
7346 6
7350 6
7367 6
7370 6
7373 6
7380 6
7388 6
7413 6
7414 6
7424 6
7426 6
7436 6
7437 6
7447 6
7512 6
7514 6
7528 6
7531 6
7533 6
7551 6
7556 6
7558 6
7567 6
7571 6
7587 6
7588 6
7607 6
7608 6
7622 6
7637 6
7645 6
7660 6
7707 6
7715 6
7725 6
7740 6
7763 6
7773 6
7793 6
7816 6
7850 6
7851 6
7872 6
7880 6
7891 6
7898 6
7905 6
7916 6
7918 6
7926 6
7939 6
7942 6
7943 6
7945 6
7949 6
7958 6
7965 6
7979 6
7982 6
7989 6
7993 6
8000 6
8016 6
8019 6
8038 6
8045 6
8064 6
8067 6
8078 6
8079 6
8092 6
8114 6
8122 6
8131 6
8134 6
8142 6
8148 6
8174 6
8178 6
8181 6
8195 6
8229 6
8236 6
8247 6
8264 6
8284 6
8304 6
8342 6
8352 6
8353 6
8371 6
8386 6
8393 6
8402 6
8444 6
8459 6
8465 6
8494 6
8499 6
8520 6
8552 6
8559 6
8573 6
8741 6
8747 6
8748 6
8753 6
8799 6
8802 6
8810 6
8821 6
8827 6
8870 6
8896 6
8939 6
9098 6
9122 6
9184 6
9287 6
9298 6
941 6
944 6
9548 6
958 6
1009 5
1059 5
1078 5
1107 5
1156 5
1183 5
1186 5
1197 5
1206 5
1207 5
1209 5
1218 5
1277 5
1281 5
1310 5
1341 5
1389 5
1401 5
1403 5
1411 5
1418 5
1451 5
1478 5
1544 5
1561 5
1568 5
1610 5
1676 5
169 5
1690 5
1692 5
1693 5
1714 5
1727 5
1728 5
1743 5
1745 5
1773 5
1780 5
1783 5
1784 5
1789 5
1792 5
1816 5
1822 5
1832 5
1837 5
1840 5
1846 5
1853 5
1858 5
1867 5
1879 5
1897 5
1908 5
1915 5
1959 5
1992 5
2002 5
2004 5
2028 5
2029 5
2031 5
2042 5
2046 5
2056 5
2065 5
2074 5
2084 5
2087 5
2094 5
2101 5
2104 5
2114 5
2116 5
2121 5
2122 5
2131 5
2138 5
2141 5
2149 5
2168 5
2174 5
2184 5
2199 5
2206 5
2231 5
2235 5
2250 5
2251 5
2254 5
2258 5
2260 5
2265 5
2269 5
2270 5
2272 5
2279 5
2280 5
2293 5
2298 5
2299 5
2301 5
2303 5
2304 5
2310 5
2324 5
2336 5
2345 5
2349 5
2352 5
2353 5
2354 5
2375 5
2395 5
2401 5
2411 5
2419 5
2438 5
2448 5
2477 5
2479 5
2486 5
2521 5
2529 5
2533 5
2540 5
2558 5
2565 5
2568 5
2587 5
2593 5
2598 5
2599 5
2605 5
2607 5
2609 5
2624 5
2626 5
2628 5
2645 5
2649 5
2659 5
2663 5
2665 5
2668 5
2670 5
2681 5
2685 5
2687 5
2689 5
2697 5
2699 5
2700 5
2702 5
2718 5
2722 5
2729 5
2735 5
2742 5
2762 5
2769 5
2783 5
2787 5
2792 5
2794 5
2807 5
2808 5
2812 5
2813 5
2816 5
2818 5
2820 5
2823 5
2829 5
2831 5
2834 5
2840 5
2843 5
2852 5
2863 5
2869 5
2893 5
2898 5
2910 5
2912 5
2915 5
2920 5
2929 5
2933 5
2937 5
2947 5
2958 5
2962 5
2964 5
2977 5
2983 5
2989 5
2991 5
2996 5
3005 5
3016 5
3017 5
3018 5
3023 5
3024 5
3026 5
3030 5
3032 5
3042 5
3044 5
3046 5
3054 5
3072 5
3084 5
3097 5
3100 5
3105 5
3114 5
3116 5
3121 5
3124 5
3125 5
3135 5
3147 5
3148 5
3150 5
3151 5
3155 5
3156 5
3164 5
3166 5
3170 5
3173 5
3174 5
3183 5
3185 5
3188 5
3193 5
3194 5
3203 5
3207 5
3215 5
3218 5
3223 5
3239 5
3240 5
3247 5
3248 5
3261 5
3270 5
3271 5
3274 5
3279 5
3283 5
3286 5
3302 5
3305 5
3312 5
3313 5
3317 5
3320 5
3326 5
3329 5
3343 5
3345 5
3346 5
3359 5
3365 5
3368 5
3373 5
3380 5
3389 5
3390 5
3392 5
3394 5
3399 5
3400 5
3401 5
3412 5
3413 5
3414 5
3423 5
3426 5
3428 5
3433 5
3450 5
3459 5
3460 5
3501 5
3517 5
3527 5
3532 5
3533 5
3534 5
3536 5
3543 5
3554 5
3559 5
3560 5
3569 5
3579 5
3585 5
3587 5
3590 5
3594 5
3597 5
3603 5
3615 5
3621 5
3624 5
3625 5
3626 5
3650 5
3659 5
3663 5
3665 5
3666 5
3677 5
3683 5
3695 5
3700 5
3701 5
3703 5
3728 5
3732 5
3751 5
3757 5
3771 5
3776 5
3777 5
3778 5
3780 5
3782 5
3783 5
3789 5
3791 5
3792 5
3795 5
3807 5
3808 5
3826 5
3827 5
3828 5
3831 5
3833 5
3838 5
3839 5
3841 5
3845 5
3849 5
3854 5
3867 5
3869 5
3870 5
3872 5
3875 5
3892 5
3895 5
3896 5
3901 5
3904 5
3911 5
3915 5
3917 5
3918 5
3919 5
3923 5
3924 5
3933 5
3934 5
3935 5
3944 5
3950 5
3955 5
3959 5
3964 5
3965 5
3966 5
3972 5
3988 5
3991 5
3992 5
3997 5
4008 5
4018 5
4019 5
4023 5
4028 5
4031 5
4033 5
4035 5
4037 5
4040 5
4046 5
4051 5
4052 5
4055 5
4057 5
4060 5
4066 5
4069 5
4079 5
4080 5
4081 5
4083 5
4089 5
4094 5
4104 5
4109 5
4110 5
4111 5
4112 5
4114 5
4118 5
4121 5
4124 5
4127 5
4131 5
4134 5
4138 5
4141 5
4143 5
4145 5
4146 5
4155 5
4158 5
4166 5
4167 5
4169 5
4170 5
4173 5
4175 5
4177 5
4184 5
4188 5
4192 5
4194 5
4202 5
4203 5
4208 5
4213 5
4214 5
4218 5
4219 5
4222 5
4223 5
4226 5
4228 5
4230 5
4233 5
4234 5
4241 5
4242 5
4243 5
4252 5
4255 5
4259 5
4264 5
4265 5
4266 5
4267 5
4268 5
4272 5
4274 5
4278 5
4285 5
4291 5
4293 5
4298 5
4300 5
4314 5
4315 5
4324 5
4334 5
4336 5
4342 5
4349 5
4352 5
4353 5
4364 5
4367 5
4368 5
4375 5
4390 5
4391 5
4393 5
4403 5
4405 5
4408 5
4416 5
4417 5
4420 5
4421 5
4422 5
4426 5
4431 5
4433 5
4438 5
4440 5
4441 5
4447 5
4451 5
4453 5
4454 5
4455 5
446 5
4462 5
4464 5
4466 5
4467 5
4471 5
4473 5
4479 5
4480 5
4484 5
4485 5
4494 5
4495 5
4497 5
4498 5
4500 5
4505 5
4507 5
4508 5
4512 5
4514 5
4515 5
4516 5
4517 5
4523 5
4525 5
4526 5
4534 5
4537 5
4538 5
4541 5
4543 5
4547 5
4548 5
4551 5
4564 5
4572 5
4576 5
4580 5
4581 5
4583 5
4585 5
4588 5
4591 5
4593 5
4597 5
4598 5
4608 5
4609 5
4611 5
4613 5
4614 5
4617 5
4619 5
4620 5
4625 5
4633 5
4635 5
4638 5
4641 5
4643 5
4646 5
4653 5
4654 5
4655 5
4657 5
4659 5
4660 5
4665 5
4670 5
4672 5
4676 5
4677 5
4678 5
4679 5
4681 5
4688 5
4691 5
4692 5
4700 5
4702 5
4704 5
4713 5
4719 5
4726 5
4728 5
4729 5
4732 5
4733 5
4734 5
4735 5
4751 5
4759 5
4762 5
4765 5
4768 5
4769 5
4770 5
4777 5
4779 5
478 5
4781 5
4787 5
4788 5
4789 5
4791 5
4792 5
4796 5
4798 5
4799 5
4805 5
4808 5
4817 5
4818 5
4825 5
4837 5
4842 5
4846 5
4847 5
4850 5
4853 5
4854 5
4858 5
4866 5
4875 5
4881 5
4883 5
4892 5
4893 5
4894 5
4900 5
4905 5
4906 5
4907 5
4909 5
4914 5
4922 5
4929 5
4930 5
4932 5
4943 5
4953 5
4957 5
4959 5
4963 5
4969 5
4971 5
4973 5
4975 5
4984 5
4988 5
4992 5
5000 5
5004 5
5011 5
5012 5
5018 5
5020 5
5021 5
5028 5
5032 5
5033 5
5036 5
5037 5
5038 5
5039 5
5040 5
5049 5
5050 5
5057 5
5058 5
5061 5
5062 5
5067 5
5069 5
5071 5
5076 5
5077 5
5088 5
5089 5
5090 5
5094 5
5107 5
5108 5
5111 5
5120 5
5121 5
5126 5
5127 5
5130 5
5131 5
5134 5
5136 5
5145 5
5146 5
5147 5
5149 5
5152 5
5153 5
5157 5
5158 5
5161 5
5166 5
5167 5
5170 5
5172 5
5180 5
5181 5
5183 5
5187 5
5196 5
5198 5
5199 5
5203 5
5207 5
5209 5
5212 5
5215 5
5218 5
5223 5
5227 5
5233 5
5236 5
5237 5
5251 5
5254 5
5256 5
5261 5
5264 5
5266 5
5271 5
5272 5
5274 5
5276 5
5278 5
5290 5
5292 5
5293 5
5296 5
5306 5
5314 5
5321 5
5323 5
5324 5
5328 5
5330 5
5332 5
5333 5
5335 5
5337 5
5338 5
5341 5
5343 5
5346 5
5348 5
5351 5
5354 5
5360 5
5366 5
5368 5
5370 5
5372 5
5379 5
5383 5
5390 5
5393 5
5394 5
5395 5
5397 5
5400 5
5403 5
5405 5
5406 5
5410 5
5414 5
5416 5
5419 5
5429 5
5431 5
5432 5
5437 5
5440 5
5441 5
5449 5
5450 5
5463 5
5471 5
5472 5
5473 5
5476 5
5477 5
5483 5
5487 5
5490 5
5495 5
5500 5
5501 5
5503 5
5505 5
5506 5
5508 5
5512 5
5514 5
5515 5
5518 5
5521 5
5523 5
5526 5
5537 5
5538 5
5539 5
5541 5
5547 5
5551 5
5567 5
5571 5
5573 5
5574 5
5578 5
5581 5
5582 5
5584 5
5588 5
5590 5
5591 5
5594 5
5595 5
5598 5
5599 5
5605 5
5608 5
5613 5
5614 5
5615 5
5619 5
5621 5
5622 5
5623 5
5624 5
5625 5
5632 5
5633 5
5634 5
5636 5
564 5
5640 5
5646 5
5648 5
565 5
5652 5
5658 5
5659 5
5661 5
5668 5
5669 5
5673 5
5676 5
5677 5
5685 5
5688 5
5689 5
5691 5
5694 5
5695 5
5696 5
5697 5
5698 5
5701 5
5702 5
5703 5
5706 5
5707 5
5709 5
5710 5
5712 5
5714 5
5717 5
5718 5
5719 5
5720 5
5722 5
5723 5
5731 5
5733 5
5736 5
5737 5
5738 5
5740 5
5741 5
5742 5
5743 5
5745 5
5747 5
5752 5
5756 5
5759 5
5760 5
5762 5
5763 5
5764 5
5765 5
5769 5
5772 5
5777 5
5778 5
5782 5
5789 5
5796 5
5797 5
5798 5
5800 5
5810 5
5814 5
5815 5
5818 5
5822 5
5824 5
5827 5
5828 5
5831 5
5839 5
5843 5
5846 5
5849 5
5850 5
5853 5
5854 5
5855 5
5857 5
5858 5
5860 5
5862 5
5866 5
5870 5
5875 5
5880 5
5883 5
5886 5
5889 5
5893 5
5894 5
5897 5
5900 5
5901 5
5902 5
5914 5
5916 5
5920 5
5926 5
5928 5
5934 5
5936 5
5941 5
5942 5
5944 5
5947 5
5952 5
5954 5
5958 5
5959 5
5964 5
5967 5
5968 5
5970 5
5972 5
5974 5
5976 5
5980 5
5982 5
5984 5
5987 5
5989 5
5991 5
5994 5
5995 5
5998 5
6004 5
6006 5
6011 5
6015 5
6016 5
6017 5
6018 5
6022 5
6027 5
6028 5
6038 5
6041 5
6043 5
6046 5
6051 5
6053 5
6054 5
6055 5
6058 5
606 5
6061 5
6065 5
6068 5
6084 5
6086 5
6087 5
6091 5
6092 5
6095 5
6096 5
6105 5
6107 5
6108 5
6109 5
6110 5
6112 5
6114 5
6117 5
6118 5
6120 5
6121 5
6124 5
6127 5
6132 5
6134 5
6138 5
6140 5
6141 5
6143 5
6144 5
6146 5
6148 5
6149 5
6150 5
6151 5
6154 5
6161 5
6163 5
6172 5
6173 5
6179 5
6180 5
6191 5
6197 5
6198 5
6202 5
6205 5
6207 5
6214 5
6222 5
6227 5
6230 5
6232 5
6233 5
6234 5
6237 5
6239 5
6241 5
6246 5
6247 5
6248 5
6249 5
6250 5
6257 5
6259 5
6260 5
6261 5
6266 5
6269 5
6274 5
6275 5
6277 5
6282 5
6284 5
6285 5
6288 5
6292 5
6293 5
6299 5
6304 5
6305 5
6307 5
6308 5
6311 5
6312 5
6313 5
6314 5
6319 5
6321 5
6325 5
6327 5
6328 5
6329 5
6330 5
6336 5
6338 5
6340 5
6341 5
6343 5
6345 5
6347 5
6349 5
6353 5
6360 5
6361 5
6363 5
6368 5
6369 5
6371 5
6375 5
6379 5
6382 5
6384 5
6389 5
6391 5
6394 5
6396 5
6398 5
6401 5
6406 5
6407 5
6413 5
6418 5
6419 5
6429 5
6432 5
6435 5
6437 5
6440 5
6441 5
6444 5
6447 5
6452 5
6455 5
6460 5
6467 5
6469 5
6472 5
6473 5
6474 5
6477 5
6487 5
6489 5
6490 5
6493 5
6497 5
6498 5
6499 5
6501 5
6504 5
6509 5
6518 5
6520 5
6523 5
6526 5
6529 5
6537 5
6539 5
6544 5
6548 5
6550 5
6556 5
6567 5
6573 5
6580 5
6583 5
6584 5
6585 5
6586 5
6588 5
6590 5
6592 5
6594 5
6596 5
6597 5
6600 5
6603 5
6604 5
6606 5
6616 5
6617 5
6621 5
6622 5
6623 5
6625 5
6627 5
6634 5
6635 5
6639 5
6642 5
6645 5
6646 5
6648 5
665 5
6650 5
6652 5
6654 5
6656 5
6663 5
6666 5
6667 5
6669 5
6672 5
6682 5
6687 5
6689 5
669 5
6690 5
6694 5
6695 5
6696 5
6699 5
6707 5
6709 5
6710 5
6711 5
672 5
6723 5
6724 5
6728 5
6731 5
6732 5
6734 5
6737 5
6739 5
674 5
6740 5
6744 5
6745 5
6747 5
6748 5
6751 5
6752 5
6759 5
6764 5
6768 5
6769 5
6771 5
6772 5
6776 5
6781 5
6786 5
6787 5
6789 5
6796 5
6798 5
6801 5
6804 5
6805 5
6806 5
6810 5
6815 5
6823 5
6826 5
6832 5
6833 5
6834 5
6838 5
6841 5
6842 5
6849 5
6852 5
6854 5
6858 5
6861 5
6868 5
6872 5
6878 5
6879 5
6880 5
6881 5
6884 5
6893 5
6900 5
6901 5
6903 5
6909 5
6910 5
6915 5
6918 5
6921 5
6924 5
6925 5
6926 5
6928 5
6929 5
6933 5
6934 5
6941 5
6950 5
6955 5
6959 5
6960 5
6966 5
6968 5
6969 5
6978 5
6980 5
6981 5
6983 5
6985 5
6990 5
6995 5
6997 5
7001 5
7004 5
7012 5
7016 5
7023 5
7024 5
7025 5
7026 5
7029 5
7033 5
7044 5
7045 5
7046 5
7056 5
7062 5
7063 5
7065 5
7066 5
7067 5
7069 5
7070 5
7077 5
7078 5
7079 5
7085 5
7087 5
7093 5
7094 5
7096 5
7097 5
7109 5
7114 5
7116 5
7117 5
7121 5
7122 5
7129 5
7131 5
7137 5
7139 5
7145 5
7146 5
7147 5
7152 5
7158 5
7164 5
7167 5
7170 5
7171 5
7172 5
7174 5
7180 5
7182 5
7184 5
7187 5
7188 5
7194 5
7195 5
7196 5
7198 5
7205 5
7206 5
7208 5
7212 5
7213 5
7215 5
7217 5
7218 5
7222 5
7227 5
7231 5
7234 5
7239 5
7244 5
7246 5
7250 5
7251 5
7252 5
7254 5
7255 5
7256 5
7262 5
7266 5
7271 5
7276 5
7279 5
7281 5
7284 5
7286 5
7290 5
7293 5
7296 5
7299 5
7301 5
7313 5
7316 5
7320 5
7321 5
7324 5
7325 5
7327 5
7329 5
7330 5
7332 5
7333 5
7335 5
7336 5
7343 5
7345 5
7348 5
7349 5
7351 5
7352 5
7354 5
7356 5
7362 5
7363 5
7371 5
7379 5
7381 5
7382 5
7384 5
7386 5
7387 5
7389 5
7390 5
7392 5
7394 5
7395 5
7397 5
7398 5
7401 5
7403 5
7405 5
7406 5
7408 5
7415 5
7419 5
7421 5
7423 5
7427 5
7431 5
7438 5
7439 5
7443 5
7446 5
7449 5
7450 5
7452 5
7453 5
7454 5
7457 5
7459 5
7464 5
7465 5
7466 5
7468 5
7470 5
7471 5
7472 5
7477 5
7478 5
7479 5
7482 5
7485 5
7486 5
7488 5
7495 5
750 5
7503 5
7504 5
7511 5
7513 5
7517 5
7521 5
7522 5
7526 5
7527 5
7529 5
7537 5
7538 5
7542 5
7544 5
7546 5
7547 5
7549 5
7552 5
7553 5
7561 5
7562 5
7563 5
7565 5
7575 5
7576 5
7579 5
7580 5
7581 5
7584 5
7585 5
7586 5
7590 5
7591 5
7592 5
7593 5
7595 5
7597 5
760 5
7602 5
7613 5
7614 5
7615 5
7616 5
7617 5
7618 5
7620 5
7626 5
7629 5
7636 5
7640 5
7648 5
7653 5
7654 5
7656 5
7666 5
7667 5
7678 5
7680 5
7683 5
7685 5
7691 5
7693 5
7697 5
7702 5
7704 5
7709 5
7711 5
7712 5
7713 5
7722 5
7727 5
7728 5
7736 5
7742 5
7752 5
7753 5
7755 5
7757 5
7761 5
7764 5
7767 5
7771 5
7772 5
7775 5
7779 5
7783 5
7791 5
7792 5
7797 5
7801 5
7803 5
7805 5
7808 5
7809 5
7815 5
7817 5
7821 5
7822 5
7823 5
7826 5
7828 5
7830 5
7836 5
7849 5
7855 5
7858 5
7859 5
7861 5
7867 5
7868 5
7869 5
7871 5
7873 5
7874 5
7883 5
7884 5
7886 5
7893 5
7895 5
7896 5
7909 5
7911 5
7914 5
7923 5
7925 5
7929 5
7931 5
7935 5
7941 5
7944 5
7957 5
7963 5
7968 5
7969 5
7970 5
7974 5
7975 5
7984 5
7990 5
7995 5
8001 5
8010 5
8014 5
8015 5
8017 5
8020 5
8032 5
8033 5
8034 5
8035 5
8042 5
8044 5
8046 5
8049 5
8055 5
8056 5
8059 5
8063 5
8065 5
8066 5
8072 5
8075 5
8087 5
8090 5
8091 5
8104 5
8106 5
8110 5
8113 5
8115 5
8121 5
8123 5
8124 5
8130 5
8138 5
8144 5
8145 5
8152 5
8157 5
8162 5
8163 5
817 5
8173 5
8175 5
8190 5
8191 5
8193 5
8197 5
8199 5
8202 5
8204 5
8206 5
8207 5
8208 5
8209 5
8215 5
8223 5
8230 5
8242 5
8249 5
8252 5
8255 5
8256 5
8257 5
8263 5
8267 5
8278 5
8280 5
8281 5
8287 5
8290 5
8292 5
8300 5
8302 5
8303 5
8309 5
8315 5
8330 5
8332 5
8335 5
8336 5
8337 5
8341 5
8346 5
8350 5
8356 5
8358 5
8365 5
8369 5
8370 5
8373 5
8381 5
8383 5
8387 5
8390 5
8394 5
8396 5
8398 5
8400 5
8403 5
8405 5
8410 5
8411 5
8415 5
8420 5
8423 5
8424 5
8428 5
8430 5
8434 5
8435 5
8436 5
8438 5
8439 5
8440 5
8441 5
8447 5
8448 5
8455 5
8463 5
8464 5
8470 5
8481 5
8482 5
8496 5
8497 5
8498 5
8500 5
8503 5
8504 5
8507 5
8508 5
8510 5
8511 5
8515 5
8526 5
8536 5
8539 5
8540 5
8542 5
8546 5
8551 5
8564 5
8570 5
8571 5
8574 5
8575 5
8577 5
8578 5
8581 5
8595 5
8596 5
8602 5
8605 5
8609 5
8613 5
8618 5
8620 5
8621 5
8630 5
8631 5
8633 5
8640 5
8642 5
8644 5
8645 5
8646 5
8649 5
8664 5
8669 5
8695 5
8697 5
8700 5
8709 5
8714 5
8715 5
8721 5
8722 5
8732 5
8736 5
8757 5
8758 5
8764 5
8765 5
8769 5
8770 5
8771 5
8773 5
8774 5
8778 5
8780 5
8781 5
8792 5
8794 5
8796 5
8801 5
8809 5
8811 5
8822 5
8828 5
8831 5
8834 5
8835 5
8838 5
8840 5
8847 5
8860 5
8868 5
8872 5
8888 5
8894 5
8898 5
890 5
8901 5
8922 5
8924 5
8926 5
8928 5
8932 5
8936 5
8938 5
8951 5
8955 5
8969 5
8977 5
898 5
8984 5
8987 5
8994 5
9000 5
9001 5
9014 5
9023 5
9024 5
9026 5
9035 5
9036 5
9038 5
9045 5
9048 5
9060 5
9061 5
9062 5
9068 5
9076 5
9080 5
9084 5
9090 5
910 5
9106 5
9107 5
9116 5
9118 5
9129 5
9138 5
9155 5
9181 5
9196 5
9206 5
9212 5
9222 5
9229 5
9239 5
9240 5
9242 5
9249 5
9258 5
926 5
9279 5
9285 5
9291 5
9303 5
9305 5
9306 5
9307 5
9315 5
9316 5
9332 5
9334 5
9335 5
9337 5
9339 5
9344 5
9353 5
9364 5
9365 5
9371 5
9373 5
9388 5
9389 5
9398 5
9401 5
9410 5
9433 5
9438 5
9479 5
9487 5
9495 5
9506 5
9514 5
9519 5
9522 5
9534 5
9550 5
9556 5
9570 5
9589 5
9594 5
9598 5
9627 5
9635 5
9658 5
9659 5
9686 5
9695 5
9722 5
9747 5
9758 5
9768 5
9811 5
982 5
9841 5
9856 5
9869 5
9920 5
9961 5
9962 5
9984 5
10000 4
10001 4
10002 4
10003 4
10004 4
1153 4
1419 4
1493 4
1564 4
1615 4
1628 4
1659 4
1677 4
1696 4
1699 4
1711 4
1737 4
1759 4
1788 4
1793 4
1872 4
1919 4
1944 4
1964 4
1966 4
1983 4
2017 4
2048 4
2070 4
2158 4
2173 4
2185 4
2193 4
2247 4
2262 4
2276 4
2290 4
2319 4
2328 4
2333 4
2341 4
2363 4
2367 4
2368 4
2372 4
2416 4
2418 4
2422 4
2429 4
2434 4
2445 4
2457 4
2459 4
2462 4
2468 4
2471 4
2513 4
2525 4
2530 4
2532 4
2547 4
2551 4
2572 4
2588 4
2590 4
2594 4
2600 4
2602 4
2635 4
2637 4
2679 4
2688 4
2704 4
2709 4
2748 4
2751 4
2774 4
2776 4
2779 4
2798 4
2801 4
2822 4
2832 4
2842 4
2846 4
2857 4
2866 4
2879 4
2880 4
2881 4
2882 4
2888 4
2892 4
2899 4
2908 4
2917 4
2922 4
2928 4
2944 4
2949 4
2951 4
2961 4
2972 4
2974 4
2990 4
2994 4
3001 4
3013 4
3025 4
3051 4
3068 4
3069 4
3076 4
3088 4
3123 4
3133 4
3141 4
3181 4
3182 4
3206 4
3222 4
3224 4
3227 4
3246 4
3251 4
3259 4
3262 4
3267 4
3268 4
3287 4
330 4
3308 4
3309 4
3311 4
3323 4
3327 4
3371 4
3391 4
3407 4
3410 4
3418 4
3440 4
3443 4
3446 4
3458 4
3464 4
3472 4
3476 4
3488 4
3490 4
3491 4
3493 4
3497 4
3500 4
3509 4
3510 4
3511 4
3522 4
3525 4
3530 4
3535 4
3540 4
3541 4
3546 4
3566 4
3567 4
3572 4
3578 4
3589 4
3593 4
3595 4
3596 4
3620 4
3628 4
3630 4
3635 4
3641 4
3645 4
3655 4
3658 4
3676 4
3682 4
3692 4
3693 4
3698 4
3713 4
3714 4
3735 4
3739 4
3744 4
3759 4
3768 4
3772 4
3774 4
3781 4
3809 4
3813 4
3822 4
3823 4
3825 4
3842 4
3856 4
3864 4
3868 4
3871 4
3876 4
3885 4
3887 4
3900 4
3907 4
3908 4
3909 4
3912 4
3913 4
3914 4
3922 4
3925 4
3929 4
3931 4
3939 4
3963 4
3967 4
3976 4
3978 4
3979 4
3980 4
3981 4
3983 4
4000 4
4014 4
4015 4
4016 4
4017 4
4020 4
4024 4
4025 4
4044 4
4045 4
4047 4
4049 4
4056 4
4068 4
4071 4
4072 4
4074 4
4077 4
4078 4
4107 4
4108 4
4119 4
4125 4
4126 4
4152 4
4153 4
4159 4
4162 4
4164 4
4165 4
4168 4
4183 4
4185 4
4189 4
4193 4
4201 4
4207 4
4211 4
4220 4
4225 4
4231 4
4232 4
4244 4
4246 4
4256 4
4258 4
4269 4
4271 4
4287 4
4303 4
4305 4
4310 4
4311 4
4312 4
4313 4
4317 4
4319 4
4326 4
4348 4
4360 4
4361 4
4362 4
4371 4
4372 4
4374 4
4378 4
4383 4
4385 4
4397 4
4398 4
4402 4
4407 4
4409 4
4410 4
4411 4
4412 4
4419 4
4435 4
4443 4
4461 4
4474 4
4486 4
4487 4
4492 4
4493 4
4529 4
4549 4
4557 4
4559 4
4566 4
4570 4
4571 4
4573 4
4574 4
4579 4
4587 4
4592 4
4603 4
4612 4
4616 4
4621 4
4630 4
4631 4
4634 4
4636 4
4637 4
4647 4
4650 4
4651 4
4652 4
4666 4
4671 4
4673 4
4675 4
4683 4
4689 4
4696 4
4699 4
4712 4
4714 4
4715 4
4725 4
4727 4
4736 4
4737 4
4738 4
4743 4
4745 4
4746 4
4749 4
4750 4
4752 4
4755 4
4756 4
4764 4
4772 4
4773 4
4775 4
4776 4
4778 4
4782 4
4783 4
4785 4
4786 4
4793 4
4797 4
4801 4
4803 4
4809 4
4812 4
4813 4
4815 4
4820 4
4824 4
4830 4
4835 4
4838 4
4848 4
4856 4
4857 4
4861 4
4865 4
4870 4
4874 4
4878 4
4879 4
4884 4
4885 4
4891 4
4896 4
4897 4
4898 4
4899 4
4902 4
4911 4
4912 4
4913 4
4921 4
4923 4
4924 4
4925 4
4926 4
4927 4
4934 4
4937 4
4938 4
4939 4
4941 4
4950 4
4951 4
4955 4
4960 4
4966 4
4968 4
4978 4
4987 4
4989 4
4990 4
4991 4
4994 4
4995 4
4997 4
4998 4
5002 4
5003 4
5008 4
5010 4
5015 4
5019 4
5023 4
5026 4
5027 4
5030 4
5044 4
5046 4
5048 4
5053 4
5063 4
5064 4
5068 4
5072 4
5074 4
5079 4
5080 4
5082 4
5084 4
5096 4
5097 4
5098 4
5099 4
5101 4
5104 4
5106 4
5112 4
5114 4
5116 4
5122 4
5124 4
5125 4
5135 4
5138 4
5142 4
5151 4
5156 4
5159 4
5160 4
5168 4
5169 4
5176 4
5177 4
5179 4
5184 4
5189 4
5190 4
5192 4
5202 4
5206 4
5208 4
5211 4
5214 4
5216 4
5226 4
5229 4
5244 4
5245 4
5246 4
5250 4
5259 4
5262 4
5267 4
5273 4
5279 4
5280 4
5283 4
5285 4
5289 4
5294 4
5299 4
5302 4
5305 4
5310 4
5311 4
5316 4
5326 4
5336 4
5342 4
5344 4
5345 4
5347 4
5349 4
5350 4
5355 4
5356 4
5358 4
5362 4
5363 4
5369 4
5373 4
5374 4
5375 4
5380 4
5382 4
5384 4
5386 4
5392 4
5401 4
5402 4
5408 4
5409 4
5411 4
5418 4
5424 4
5425 4
5426 4
5428 4
5433 4
5436 4
5438 4
5443 4
5445 4
5446 4
5448 4
5451 4
5454 4
5455 4
5458 4
5459 4
5460 4
5461 4
5462 4
5467 4
5468 4
5469 4
5470 4
5489 4
5492 4
5498 4
5499 4
5504 4
5509 4
5513 4
5517 4
5519 4
5520 4
5522 4
5524 4
5525 4
5528 4
5531 4
5533 4
5534 4
5535 4
5542 4
5543 4
5544 4
5545 4
5548 4
5549 4
5557 4
5558 4
5560 4
5561 4
5563 4
5565 4
5566 4
5572 4
5583 4
5587 4
5592 4
5593 4
5596 4
5600 4
5603 4
5604 4
5606 4
5610 4
5616 4
5617 4
5618 4
5620 4
5629 4
5635 4
5637 4
5639 4
5641 4
5643 4
5644 4
5649 4
5650 4
5651 4
5653 4
5654 4
5655 4
5656 4
5664 4
5666 4
5681 4
5692 4
5699 4
5716 4
5721 4
5726 4
5727 4
5728 4
5732 4
5735 4
5739 4
5746 4
5748 4
5750 4
5751 4
5755 4
5757 4
5767 4
5768 4
5771 4
5773 4
5780 4
5784 4
5785 4
5787 4
5788 4
5790 4
5791 4
5792 4
5794 4
5795 4
5799 4
5801 4
5802 4
5804 4
5807 4
5808 4
5809 4
5812 4
5813 4
5820 4
5823 4
5832 4
5833 4
5836 4
5838 4
5842 4
5847 4
5863 4
5867 4
5869 4
5871 4
5873 4
5877 4
5878 4
5885 4
5890 4
5891 4
5892 4
5896 4
5898 4
5899 4
5903 4
5908 4
5910 4
5913 4
5917 4
5918 4
5923 4
5929 4
5930 4
5931 4
5932 4
5937 4
5940 4
5946 4
5948 4
5950 4
5953 4
5955 4
5957 4
5960 4
5961 4
5963 4
5965 4
5973 4
5975 4
5983 4
5990 4
5993 4
5996 4
5997 4
6000 4
6002 4
6008 4
6009 4
6013 4
6014 4
6019 4
6021 4
6024 4
6029 4
6030 4
6031 4
6033 4
6034 4
6035 4
6037 4
6040 4
6042 4
6048 4
6050 4
6072 4
6075 4
6079 4
6080 4
6081 4
6085 4
6088 4
6089 4
6090 4
6093 4
6094 4
6100 4
6102 4
6103 4
6106 4
6113 4
6115 4
6122 4
6123 4
6126 4
6128 4
6129 4
6133 4
6135 4
6136 4
6139 4
6142 4
6147 4
6158 4
6160 4
6162 4
6164 4
6165 4
6166 4
6171 4
6174 4
6175 4
6176 4
6177 4
6183 4
6184 4
6186 4
6187 4
6189 4
6193 4
6194 4
6195 4
6196 4
6199 4
6201 4
6206 4
6208 4
6211 4
6213 4
6217 4
6219 4
6223 4
6224 4
6225 4
6229 4
6235 4
6236 4
6238 4
6242 4
6243 4
6245 4
625 4
6251 4
6254 4
6255 4
6262 4
6263 4
6264 4
6265 4
6267 4
6270 4
6271 4
6272 4
6273 4
6276 4
6281 4
6283 4
6287 4
6290 4
6291 4
6294 4
6295 4
6296 4
6297 4
6300 4
6302 4
6306 4
6309 4
6310 4
6316 4
6317 4
6322 4
6323 4
6326 4
6331 4
6332 4
6333 4
6337 4
6342 4
6346 4
6350 4
6351 4
6352 4
6354 4
6355 4
6356 4
6357 4
6359 4
6365 4
6370 4
6373 4
6374 4
6380 4
6383 4
6385 4
6390 4
6393 4
6395 4
6397 4
6399 4
6402 4
6403 4
6404 4
6405 4
6408 4
6409 4
6410 4
6412 4
6415 4
6416 4
6417 4
6420 4
6421 4
6422 4
6423 4
6424 4
6425 4
6427 4
6431 4
6436 4
6439 4
6442 4
6443 4
6445 4
6446 4
6448 4
6449 4
6457 4
6459 4
6461 4
6463 4
6465 4
6466 4
6468 4
6470 4
6476 4
6478 4
6479 4
6481 4
6482 4
6483 4
6484 4
6485 4
6496 4
6502 4
6503 4
6507 4
6510 4
6511 4
6512 4
6513 4
6514 4
6515 4
6519 4
6521 4
6522 4
6525 4
6527 4
6528 4
6530 4
6531 4
6533 4
6534 4
6535 4
6536 4
6540 4
6542 4
6543 4
6545 4
6546 4
6547 4
6551 4
6553 4
6554 4
6555 4
6557 4
6558 4
6560 4
6561 4
6562 4
6563 4
6565 4
6566 4
6569 4
6570 4
6572 4
6574 4
6575 4
6576 4
6577 4
6579 4
6581 4
6599 4
6605 4
6608 4
6610 4
6611 4
6613 4
6614 4
6618 4
6619 4
6620 4
6626 4
6628 4
6629 4
6630 4
6632 4
6636 4
6637 4
6643 4
6647 4
6649 4
6651 4
6653 4
6655 4
6657 4
6658 4
6659 4
6660 4
6661 4
6662 4
6664 4
6668 4
6670 4
6673 4
6674 4
6675 4
6676 4
6677 4
6679 4
6680 4
6681 4
6683 4
6685 4
6686 4
6688 4
6691 4
6698 4
6700 4
6701 4
6704 4
6705 4
6706 4
6708 4
6715 4
6716 4
6717 4
6718 4
6719 4
6720 4
6722 4
6725 4
6727 4
6733 4
6735 4
6738 4
6741 4
6742 4
6743 4
6749 4
6750 4
6754 4
6756 4
6760 4
6761 4
6765 4
6766 4
6767 4
6770 4
6773 4
6774 4
6775 4
6777 4
6779 4
6783 4
6784 4
6788 4
6790 4
6791 4
6797 4
6799 4
6800 4
6803 4
6807 4
6808 4
6809 4
6811 4
6812 4
6814 4
6816 4
6817 4
6819 4
6820 4
6821 4
6822 4
6824 4
6825 4
6827 4
6829 4
6831 4
6836 4
6837 4
6839 4
6847 4
6848 4
6850 4
6851 4
6853 4
6855 4
6856 4
6857 4
6859 4
6860 4
6862 4
6863 4
6864 4
6866 4
6867 4
6869 4
6871 4
6873 4
6874 4
6875 4
6876 4
6877 4
6882 4
6883 4
6885 4
6888 4
6890 4
6891 4
6892 4
6896 4
6897 4
6898 4
6899 4
6905 4
6906 4
6907 4
6908 4
6911 4
6913 4
6914 4
6917 4
6920 4
6922 4
6923 4
6927 4
6932 4
6935 4
6936 4
6937 4
6938 4
6939 4
6940 4
6943 4
6944 4
6945 4
6946 4
6947 4
6948 4
6949 4
6951 4
6952 4
6953 4
6956 4
6957 4
6958 4
6961 4
6962 4
6963 4
6965 4
6967 4
6971 4
6974 4
6975 4
6976 4
6977 4
6979 4
6982 4
6984 4
6986 4
6988 4
6991 4
6994 4
6998 4
6999 4
7000 4
7002 4
7003 4
7006 4
7008 4
7009 4
7010 4
7011 4
7013 4
7014 4
7015 4
7018 4
7020 4
7021 4
7027 4
7028 4
7030 4
7031 4
7032 4
7034 4
7035 4
7036 4
7038 4
7039 4
7040 4
7041 4
7042 4
7043 4
7047 4
7048 4
7049 4
7051 4
7052 4
7054 4
7055 4
7057 4
7058 4
7059 4
7064 4
7068 4
7071 4
7072 4
7074 4
7075 4
7082 4
7084 4
7088 4
7089 4
7090 4
7091 4
7092 4
7095 4
7099 4
7100 4
7103 4
7104 4
7105 4
7107 4
7110 4
7111 4
7112 4
7113 4
7115 4
7118 4
7119 4
7123 4
7124 4
7125 4
7126 4
7127 4
7130 4
7132 4
7133 4
7134 4
7135 4
7136 4
7138 4
7141 4
7142 4
7143 4
7144 4
7148 4
7150 4
7151 4
7153 4
7154 4
7156 4
7157 4
7160 4
7161 4
7162 4
7163 4
7165 4
7168 4
7176 4
7179 4
7181 4
7183 4
7185 4
7190 4
7192 4
7193 4
7197 4
7200 4
7201 4
7202 4
7203 4
7204 4
7209 4
7210 4
7211 4
7214 4
7216 4
7219 4
7220 4
7221 4
7223 4
7225 4
7226 4
7228 4
7229 4
7230 4
7232 4
7233 4
7237 4
7238 4
7242 4
7245 4
7248 4
7249 4
7253 4
7257 4
7258 4
7259 4
7260 4
7261 4
7263 4
7264 4
7265 4
7267 4
7268 4
7269 4
7273 4
7274 4
7275 4
7277 4
7282 4
7283 4
7287 4
7288 4
7289 4
7291 4
7292 4
7294 4
7295 4
7297 4
7300 4
7302 4
7303 4
7305 4
7306 4
7307 4
7308 4
7312 4
7314 4
7315 4
7317 4
7318 4
7319 4
7322 4
7326 4
7328 4
7331 4
7334 4
7338 4
7339 4
7340 4
7341 4
7344 4
7347 4
7353 4
7355 4
7357 4
7358 4
7359 4
7360 4
7361 4
7364 4
7365 4
7366 4
7368 4
7369 4
7372 4
7374 4
7375 4
7376 4
7377 4
7378 4
7383 4
7385 4
7393 4
7396 4
7400 4
7402 4
7404 4
7407 4
7409 4
7410 4
7411 4
7412 4
7416 4
7417 4
7418 4
7420 4
7422 4
7425 4
7428 4
7430 4
7432 4
7433 4
7434 4
7435 4
7440 4
7441 4
7442 4
7444 4
7445 4
7448 4
7451 4
7455 4
7456 4
7458 4
7460 4
7461 4
7462 4
7463 4
7467 4
7469 4
7474 4
7475 4
7476 4
7480 4
7481 4
7483 4
7484 4
7487 4
7489 4
7490 4
7491 4
7492 4
7493 4
7494 4
7496 4
7497 4
7498 4
7500 4
7501 4
7502 4
7505 4
7506 4
7507 4
7508 4
7509 4
7510 4
7516 4
7518 4
7519 4
7520 4
7523 4
7524 4
7530 4
7532 4
7534 4
7536 4
7539 4
7540 4
7543 4
7545 4
7548 4
7550 4
7554 4
7555 4
7557 4
7559 4
7560 4
7564 4
7566 4
7568 4
7569 4
7570 4
7572 4
7573 4
7574 4
7577 4
7578 4
7582 4
7583 4
7589 4
7594 4
7596 4
7598 4
7599 4
7600 4
7601 4
7603 4
7604 4
7605 4
7606 4
7609 4
7610 4
7612 4
7619 4
7621 4
7624 4
7627 4
7628 4
7630 4
7631 4
7632 4
7633 4
7634 4
7635 4
7638 4
7639 4
7642 4
7643 4
7644 4
7646 4
7647 4
7649 4
7650 4
7651 4
7652 4
7655 4
7657 4
7658 4
7659 4
7662 4
7663 4
7664 4
7668 4
7669 4
7670 4
7671 4
7672 4
7673 4
7674 4
7675 4
7676 4
7677 4
7679 4
7681 4
7682 4
7684 4
7686 4
7687 4
7688 4
7689 4
7690 4
7692 4
7694 4
7695 4
7696 4
7698 4
7699 4
7700 4
7701 4
7706 4
7708 4
7710 4
7714 4
7716 4
7717 4
7718 4
7719 4
7720 4
7721 4
7723 4
7724 4
7726 4
7729 4
7730 4
7731 4
7732 4
7733 4
7734 4
7735 4
7737 4
7738 4
7739 4
7741 4
7743 4
7744 4
7745 4
7746 4
7747 4
7748 4
7749 4
7750 4
7751 4
7754 4
7756 4
7758 4
7759 4
7760 4
7762 4
7765 4
7766 4
7768 4
7769 4
7770 4
7774 4
7776 4
7777 4
7778 4
7780 4
7781 4
7782 4
7784 4
7785 4
7786 4
7787 4
7788 4
7789 4
7790 4
7794 4
7795 4
7796 4
7798 4
7800 4
7802 4
7804 4
7806 4
7807 4
7810 4
7811 4
7812 4
7813 4
7814 4
7818 4
7819 4
7824 4
7825 4
7827 4
7829 4
7831 4
7832 4
7833 4
7834 4
7835 4
7838 4
7839 4
7840 4
7841 4
7842 4
7843 4
7845 4
7846 4
7847 4
7848 4
7852 4
7853 4
7854 4
7856 4
7857 4
7860 4
7862 4
7863 4
7864 4
7865 4
7866 4
7870 4
7875 4
7876 4
7877 4
7878 4
7879 4
7881 4
7882 4
7885 4
7887 4
7888 4
7889 4
7890 4
7892 4
7894 4
7897 4
7899 4
7900 4
7901 4
7902 4
7903 4
7904 4
7906 4
7907 4
7908 4
7910 4
7912 4
7913 4
7915 4
7917 4
7919 4
792 4
7920 4
7921 4
7922 4
7924 4
7927 4
7928 4
7930 4
7932 4
7933 4
7934 4
7936 4
7937 4
7938 4
7940 4
7946 4
7947 4
7948 4
7950 4
7951 4
7952 4
7953 4
7954 4
7955 4
7956 4
7959 4
7960 4
7961 4
7962 4
7964 4
7966 4
7967 4
7971 4
7972 4
7976 4
7977 4
7978 4
7980 4
7981 4
7985 4
7986 4
7987 4
7988 4
7991 4
7992 4
7994 4
7996 4
7997 4
7998 4
7999 4
8002 4
8003 4
8004 4
8005 4
8006 4
8008 4
8009 4
8011 4
8012 4
8013 4
8018 4
8021 4
8022 4
8023 4
8024 4
8025 4
8026 4
8027 4
8028 4
8029 4
8030 4
8031 4
8037 4
8039 4
8040 4
8041 4
8043 4
8047 4
8048 4
8050 4
8051 4
8052 4
8053 4
8054 4
8057 4
8058 4
8060 4
8061 4
8062 4
8068 4
8069 4
8070 4
8071 4
8073 4
8074 4
8076 4
8077 4
8080 4
8081 4
8082 4
8083 4
8084 4
8085 4
8086 4
8088 4
8089 4
8093 4
8094 4
8095 4
8096 4
8097 4
8098 4
8099 4
8100 4
8101 4
8102 4
8103 4
8105 4
8107 4
8108 4
8109 4
8111 4
8112 4
8116 4
8117 4
8118 4
8119 4
8120 4
8125 4
8126 4
8128 4
8129 4
8132 4
8133 4
8135 4
8136 4
8137 4
8139 4
8140 4
8141 4
8143 4
8146 4
8147 4
8149 4
8150 4
8151 4
8153 4
8154 4
8156 4
8158 4
8159 4
8160 4
8161 4
8164 4
8165 4
8166 4
8167 4
8168 4
8169 4
8170 4
8172 4
8176 4
8177 4
8179 4
8180 4
8182 4
8183 4
8184 4
8185 4
8186 4
8187 4
8188 4
8189 4
8192 4
8194 4
8196 4
8198 4
8200 4
8201 4
8203 4
8205 4
8210 4
8211 4
8212 4
8213 4
8214 4
8216 4
8217 4
8218 4
8219 4
8220 4
8221 4
8222 4
8224 4
8225 4
8226 4
8227 4
8228 4
8231 4
8232 4
8233 4
8234 4
8235 4
8237 4
8238 4
8239 4
8240 4
8241 4
8243 4
8244 4
8245 4
8246 4
8250 4
8251 4
8253 4
8254 4
8258 4
8259 4
8260 4
8261 4
8262 4
8265 4
8266 4
8268 4
8269 4
8270 4
8271 4
8272 4
8273 4
8274 4
8275 4
8276 4
8277 4
8279 4
8282 4
8283 4
8285 4
8286 4
8288 4
8289 4
8291 4
8293 4
8294 4
8295 4
8296 4
8297 4
8298 4
8299 4
8301 4
8305 4
8306 4
8307 4
8308 4
8310 4
8311 4
8312 4
8313 4
8314 4
8316 4
8317 4
8318 4
8319 4
8320 4
8321 4
8322 4
8323 4
8324 4
8325 4
8326 4
8327 4
8328 4
8329 4
8331 4
8333 4
8334 4
8338 4
8339 4
8340 4
8343 4
8344 4
8345 4
8347 4
8348 4
8349 4
8351 4
8354 4
8355 4
8357 4
8359 4
8360 4
8361 4
8362 4
8363 4
8364 4
8366 4
8367 4
8368 4
8372 4
8374 4
8375 4
8376 4
8377 4
8378 4
8379 4
8380 4
8382 4
8384 4
8385 4
8388 4
8389 4
8391 4
8392 4
8395 4
8397 4
8399 4
8401 4
8404 4
8406 4
8407 4
8408 4
8409 4
8412 4
8413 4
8414 4
8416 4
8417 4
8418 4
8419 4
8421 4
8422 4
8425 4
8426 4
8427 4
8429 4
8431 4
8432 4
8433 4
8437 4
8442 4
8443 4
8445 4
8446 4
8449 4
8450 4
8451 4
8452 4
8453 4
8454 4
8456 4
8457 4
8458 4
8460 4
8461 4
8462 4
8466 4
8467 4
8468 4
8469 4
8471 4
8472 4
8473 4
8474 4
8475 4
8476 4
8477 4
8478 4
8479 4
8480 4
8483 4
8484 4
8485 4
8486 4
8487 4
8488 4
8489 4
8490 4
8491 4
8492 4
8493 4
8495 4
8501 4
8502 4
8505 4
8506 4
8509 4
8512 4
8513 4
8514 4
8516 4
8517 4
8518 4
8519 4
8521 4
8522 4
8523 4
8524 4
8525 4
8527 4
8528 4
8529 4
8530 4
8531 4
8532 4
8533 4
8534 4
8535 4
8537 4
8538 4
8541 4
8543 4
8544 4
8545 4
8547 4
8548 4
8549 4
8550 4
8553 4
8554 4
8555 4
8556 4
8557 4
8558 4
8560 4
8561 4
8562 4
8563 4
8565 4
8566 4
8567 4
8568 4
8569 4
8572 4
8576 4
8579 4
8580 4
8582 4
8583 4
8584 4
8585 4
8586 4
8587 4
8588 4
8589 4
8590 4
8591 4
8592 4
8593 4
8594 4
8597 4
8598 4
8599 4
8600 4
8601 4
8603 4
8604 4
8606 4
8607 4
8608 4
8610 4
8611 4
8612 4
8614 4
8615 4
8616 4
8617 4
8619 4
8622 4
8623 4
8624 4
8625 4
8626 4
8627 4
8628 4
8629 4
8632 4
8634 4
8635 4
8636 4
8637 4
8638 4
8639 4
8643 4
8647 4
8648 4
8650 4
8651 4
8652 4
8653 4
8654 4
8655 4
8656 4
8657 4
8658 4
8659 4
8660 4
8661 4
8662 4
8663 4
8665 4
8666 4
8667 4
8668 4
8670 4
8671 4
8672 4
8673 4
8674 4
8675 4
8676 4
8677 4
8678 4
8679 4
8680 4
8681 4
8682 4
8683 4
8684 4
8685 4
8686 4
8687 4
8688 4
8689 4
8691 4
8692 4
8693 4
8694 4
8696 4
8698 4
8699 4
8701 4
8702 4
8703 4
8704 4
8705 4
8706 4
8707 4
8708 4
8710 4
8711 4
8712 4
8713 4
8716 4
8717 4
8718 4
8719 4
8720 4
8723 4
8724 4
8725 4
8726 4
8727 4
8728 4
8729 4
8730 4
8731 4
8733 4
8734 4
8735 4
8737 4
8738 4
8739 4
8740 4
8742 4
8743 4
8744 4
8745 4
8746 4
8749 4
8750 4
8751 4
8752 4
8754 4
8755 4
8756 4
8759 4
8760 4
8761 4
8762 4
8763 4
8766 4
8767 4
8768 4
8772 4
8775 4
8776 4
8777 4
8779 4
8782 4
8783 4
8784 4
8785 4
8786 4
8787 4
8788 4
8789 4
8790 4
8791 4
8793 4
8795 4
8797 4
8798 4
8800 4
8803 4
8804 4
8805 4
8806 4
8807 4
8808 4
8812 4
8813 4
8814 4
8815 4
8816 4
8817 4
8818 4
8819 4
8820 4
8823 4
8824 4
8825 4
8826 4
8829 4
8830 4
8832 4
8833 4
8836 4
8837 4
8839 4
8841 4
8842 4
8843 4
8844 4
8845 4
8846 4
8848 4
8849 4
8850 4
8851 4
8852 4
8853 4
8854 4
8855 4
8856 4
8857 4
8858 4
8859 4
8861 4
8862 4
8863 4
8864 4
8865 4
8866 4
8867 4
8869 4
8871 4
8873 4
8874 4
8875 4
8876 4
8877 4
8878 4
8879 4
8880 4
8881 4
8882 4
8883 4
8884 4
8885 4
8886 4
8887 4
8889 4
8890 4
8891 4
8892 4
8893 4
8895 4
8897 4
8899 4
8900 4
8902 4
8903 4
8904 4
8905 4
8906 4
8907 4
8908 4
8909 4
8910 4
8911 4
8912 4
8913 4
8914 4
8915 4
8916 4
8917 4
8918 4
8919 4
8920 4
8921 4
8923 4
8925 4
8927 4
8929 4
8930 4
8931 4
8933 4
8934 4
8935 4
8937 4
8940 4
8941 4
8942 4
8943 4
8944 4
8945 4
8946 4
8947 4
8948 4
8949 4
8950 4
8952 4
8953 4
8954 4
8956 4
8957 4
8958 4
8959 4
8960 4
8961 4
8962 4
8963 4
8964 4
8965 4
8966 4
8967 4
8968 4
8970 4
8971 4
8972 4
8973 4
8974 4
8975 4
8976 4
8978 4
8979 4
8980 4
8981 4
8982 4
8983 4
8985 4
8986 4
8988 4
8989 4
8990 4
8991 4
8992 4
8993 4
8995 4
8996 4
8997 4
8998 4
8999 4
9002 4
9003 4
9004 4
9005 4
9006 4
9007 4
9008 4
9009 4
9010 4
9011 4
9012 4
9013 4
9015 4
9016 4
9017 4
9018 4
9019 4
9020 4
9021 4
9022 4
9025 4
9027 4
9028 4
9029 4
9030 4
9031 4
9032 4
9033 4
9034 4
9037 4
9039 4
9040 4
9041 4
9042 4
9043 4
9044 4
9046 4
9047 4
9049 4
9050 4
9051 4
9052 4
9053 4
9054 4
9055 4
9056 4
9057 4
9058 4
9059 4
9063 4
9064 4
9065 4
9066 4
9067 4
9069 4
9070 4
9071 4
9072 4
9073 4
9074 4
9075 4
9077 4
9078 4
9079 4
9081 4
9082 4
9083 4
9085 4
9086 4
9087 4
9088 4
9089 4
9091 4
9092 4
9093 4
9094 4
9095 4
9096 4
9097 4
9099 4
9100 4
9101 4
9102 4
9103 4
9104 4
9105 4
9108 4
9109 4
9110 4
9111 4
9112 4
9113 4
9114 4
9115 4
9117 4
9119 4
9120 4
9121 4
9123 4
9124 4
9125 4
9126 4
9127 4
9128 4
9130 4
9131 4
9132 4
9133 4
9134 4
9135 4
9136 4
9137 4
9139 4
9140 4
9141 4
9142 4
9143 4
9144 4
9145 4
9146 4
9147 4
9148 4
9149 4
9150 4
9151 4
9152 4
9153 4
9154 4
9156 4
9157 4
9158 4
9159 4
9160 4
9161 4
9162 4
9163 4
9164 4
9165 4
9166 4
9167 4
9168 4
9169 4
9170 4
9171 4
9172 4
9173 4
9174 4
9175 4
9176 4
9177 4
9178 4
9179 4
9180 4
9182 4
9183 4
9185 4
9186 4
9187 4
9188 4
9189 4
9190 4
9191 4
9192 4
9193 4
9194 4
9195 4
9197 4
9198 4
9199 4
9200 4
9201 4
9202 4
9203 4
9204 4
9205 4
9207 4
9208 4
9209 4
9210 4
9211 4
9213 4
9214 4
9215 4
9216 4
9217 4
9218 4
9219 4
9220 4
9221 4
9223 4
9224 4
9225 4
9226 4
9227 4
9228 4
9230 4
9231 4
9232 4
9233 4
9234 4
9235 4
9236 4
9237 4
9238 4
9241 4
9243 4
9244 4
9245 4
9246 4
9247 4
9248 4
9250 4
9251 4
9252 4
9253 4
9254 4
9255 4
9256 4
9257 4
9259 4
9260 4
9261 4
9262 4
9263 4
9264 4
9265 4
9266 4
9267 4
9268 4
9269 4
9270 4
9271 4
9272 4
9273 4
9274 4
9275 4
9276 4
9277 4
9278 4
9280 4
9281 4
9282 4
9283 4
9284 4
9286 4
9288 4
9289 4
9290 4
9292 4
9293 4
9294 4
9295 4
9296 4
9297 4
9299 4
9300 4
9301 4
9302 4
9304 4
9308 4
9309 4
9310 4
9311 4
9312 4
9313 4
9314 4
9317 4
9318 4
9319 4
9320 4
9321 4
9322 4
9323 4
9324 4
9325 4
9326 4
9327 4
9328 4
9329 4
9330 4
9331 4
9333 4
9336 4
9338 4
9340 4
9341 4
9342 4
9343 4
9345 4
9346 4
9347 4
9348 4
9349 4
9350 4
9351 4
9352 4
9354 4
9355 4
9356 4
9357 4
9358 4
9359 4
9360 4
9361 4
9362 4
9363 4
9366 4
9367 4
9368 4
9369 4
9370 4
9372 4
9374 4
9375 4
9376 4
9377 4
9378 4
9379 4
9380 4
9381 4
9382 4
9383 4
9384 4
9385 4
9386 4
9387 4
9390 4
9391 4
9392 4
9393 4
9394 4
9395 4
9396 4
9397 4
9399 4
940 4
9400 4
9402 4
9403 4
9404 4
9405 4
9406 4
9407 4
9408 4
9409 4
9411 4
9412 4
9413 4
9414 4
9415 4
9416 4
9417 4
9418 4
9419 4
9420 4
9421 4
9422 4
9423 4
9424 4
9425 4
9426 4
9427 4
9428 4
9429 4
9430 4
9431 4
9432 4
9434 4
9435 4
9436 4
9437 4
9439 4
9440 4
9441 4
9442 4
9443 4
9444 4
9445 4
9446 4
9447 4
9448 4
9449 4
9450 4
9451 4
9452 4
9453 4
9454 4
9455 4
9456 4
9457 4
9458 4
9459 4
9460 4
9461 4
9462 4
9463 4
9464 4
9465 4
9466 4
9467 4
9468 4
9469 4
9470 4
9471 4
9472 4
9473 4
9474 4
9475 4
9476 4
9477 4
9478 4
9480 4
9481 4
9482 4
9483 4
9484 4
9485 4
9486 4
9488 4
9489 4
9490 4
9491 4
9492 4
9493 4
9494 4
9496 4
9497 4
9498 4
9499 4
9500 4
9501 4
9502 4
9503 4
9504 4
9505 4
9507 4
9508 4
9509 4
9510 4
9511 4
9512 4
9513 4
9515 4
9516 4
9517 4
9518 4
9520 4
9521 4
9523 4
9524 4
9525 4
9526 4
9527 4
9528 4
9529 4
9530 4
9531 4
9532 4
9533 4
9535 4
9536 4
9537 4
9538 4
9539 4
9540 4
9541 4
9542 4
9543 4
9544 4
9545 4
9546 4
9547 4
9549 4
9551 4
9552 4
9553 4
9554 4
9555 4
9557 4
9558 4
9559 4
9560 4
9561 4
9562 4
9563 4
9564 4
9565 4
9566 4
9567 4
9568 4
9569 4
9571 4
9572 4
9573 4
9574 4
9575 4
9576 4
9577 4
9578 4
9579 4
9580 4
9581 4
9582 4
9583 4
9584 4
9585 4
9586 4
9587 4
9588 4
9590 4
9591 4
9592 4
9593 4
9595 4
9596 4
9597 4
9599 4
9600 4
9601 4
9602 4
9603 4
9604 4
9605 4
9606 4
9607 4
9608 4
9609 4
9610 4
9611 4
9612 4
9613 4
9614 4
9615 4
9616 4
9617 4
9618 4
9619 4
9620 4
9621 4
9622 4
9623 4
9624 4
9625 4
9626 4
9628 4
9629 4
9630 4
9631 4
9632 4
9633 4
9634 4
9636 4
9637 4
9638 4
9639 4
9640 4
9641 4
9642 4
9643 4
9644 4
9645 4
9646 4
9647 4
9648 4
9649 4
9650 4
9651 4
9652 4
9653 4
9654 4
9655 4
9656 4
9657 4
9660 4
9661 4
9662 4
9663 4
9664 4
9665 4
9666 4
9667 4
9668 4
9669 4
9670 4
9671 4
9672 4
9673 4
9674 4
9675 4
9676 4
9677 4
9678 4
9679 4
9680 4
9681 4
9682 4
9683 4
9684 4
9685 4
9687 4
9688 4
9689 4
9690 4
9691 4
9692 4
9693 4
9694 4
9696 4
9697 4
9698 4
9699 4
9700 4
9701 4
9702 4
9703 4
9704 4
9705 4
9706 4
9707 4
9708 4
9709 4
9710 4
9711 4
9712 4
9713 4
9714 4
9715 4
9716 4
9717 4
9718 4
9719 4
9720 4
9721 4
9723 4
9724 4
9725 4
9726 4
9727 4
9728 4
9729 4
9730 4
9731 4
9732 4
9733 4
9734 4
9735 4
9736 4
9737 4
9738 4
9739 4
9740 4
9741 4
9742 4
9743 4
9744 4
9745 4
9746 4
9748 4
9749 4
9750 4
9751 4
9752 4
9753 4
9754 4
9755 4
9756 4
9757 4
9759 4
9760 4
9761 4
9762 4
9763 4
9764 4
9765 4
9766 4
9767 4
9769 4
9770 4
9771 4
9772 4
9773 4
9774 4
9775 4
9776 4
9777 4
9778 4
9779 4
9780 4
9781 4
9782 4
9783 4
9784 4
9785 4
9786 4
9787 4
9788 4
9789 4
979 4
9790 4
9791 4
9792 4
9793 4
9794 4
9795 4
9796 4
9797 4
9798 4
9799 4
9800 4
9801 4
9802 4
9803 4
9804 4
9805 4
9806 4
9807 4
9808 4
9809 4
9810 4
9812 4
9813 4
9814 4
9815 4
9816 4
9817 4
9818 4
9819 4
9820 4
9821 4
9822 4
9823 4
9824 4
9825 4
9826 4
9827 4
9828 4
9829 4
9830 4
9831 4
9832 4
9833 4
9834 4
9835 4
9836 4
9837 4
9838 4
9839 4
9840 4
9842 4
9843 4
9844 4
9845 4
9846 4
9847 4
9848 4
9849 4
9850 4
9851 4
9852 4
9853 4
9854 4
9855 4
9857 4
9858 4
9859 4
9860 4
9861 4
9862 4
9863 4
9864 4
9865 4
9866 4
9867 4
9868 4
9870 4
9871 4
9872 4
9873 4
9874 4
9875 4
9876 4
9877 4
9878 4
9879 4
9880 4
9881 4
9882 4
9883 4
9884 4
9885 4
9886 4
9887 4
9888 4
9889 4
9890 4
9891 4
9892 4
9893 4
9894 4
9895 4
9896 4
9897 4
9898 4
9899 4
9900 4
9901 4
9902 4
9903 4
9904 4
9905 4
9906 4
9907 4
9908 4
9909 4
9910 4
9911 4
9912 4
9913 4
9914 4
9915 4
9916 4
9917 4
9918 4
9919 4
9921 4
9922 4
9923 4
9924 4
9925 4
9926 4
9927 4
9928 4
9929 4
9930 4
9931 4
9932 4
9933 4
9934 4
9935 4
9936 4
9937 4
9938 4
9939 4
9940 4
9941 4
9942 4
9943 4
9944 4
9945 4
9946 4
9947 4
9948 4
9949 4
9950 4
9951 4
9952 4
9953 4
9954 4
9955 4
9956 4
9957 4
9958 4
9959 4
9960 4
9963 4
9964 4
9965 4
9966 4
9967 4
9968 4
9969 4
9970 4
9971 4
9972 4
9973 4
9974 4
9975 4
9976 4
9977 4
9978 4
9979 4
9980 4
9981 4
9982 4
9983 4
9985 4
9986 4
9987 4
9988 4
9989 4
9990 4
9991 4
9992 4
9993 4
9994 4
9995 4
9996 4
9997 4
9998 4
9999 4
