0 0
10 3
20 10
30 23
40 36
50 46
60 59
70 64
80 71
90 78
100 91
110 100
120 115
130 130
140 147
150 170
160 198
170 229
180 267
190 312
200 346
210 378
220 424
230 444
240 490
250 553
260 602
270 648
280 702
290 732
300 787
310 847
320 891
330 926
340 961
350 1000
360 1037
370 1081
380 1121
390 1165
400 1202
410 1224
420 1249
430 1278
440 1303
450 1320
460 1340
470 1367
480 1410
490 1457
500 1486
510 1518
520 1549
530 1579
540 1609
550 1649
560 1690
570 1732
580 1770
590 1799
600 1825
610 1856
620 1884
630 1903
640 1932
650 1960
660 1975
670 2008
680 2035
690 2076
700 2106
710 2135
720 2163
730 2178
740 2204
750 2235
760 2272
770 2309
780 2332
790 2371
800 2395
810 2422
820 2450
830 2499
840 2541
850 2583
860 2609
870 2630
880 2649
890 2671
900 2702
910 2718
920 2743
930 2755
940 2776
950 2800
960 2822
970 2862
980 2874
990 2894
1000 2913
1010 2936
1020 2965
1030 2987
1040 3004
1050 3029
1060 3045
1070 3051
1080 3067
1090 3087
1100 3110
1110 3125
1120 3144
1130 3164
1140 3181
1150 3190
1160 3208
1170 3224
1180 3238
1190 3250
1200 3264
1210 3287
1220 3311
1230 3331
1240 3342
1250 3365
1260 3379
1270 3399
1280 3423
1290 3446
1300 3458
1310 3488
1320 3520
1330 3542
1340 3567
1350 3584
1360 3602
1370 3615
1380 3630
1390 3647
1400 3665
1410 3675
1420 3690
1430 3703
1440 3718
1450 3745
1460 3768
1470 3790
1480 3808
1490 3836
1500 3851
1510 3873
1520 3890
1530 3923
1540 3944
1550 3972
1560 3998
1570 4026
1580 4066
1590 4077
1600 4093
1610 4124
1620 4146
1630 4169
1640 4197
1650 4227
1660 4245
1670 4268
1680 4302
1690 4344
1700 4386
1710 4419
1720 4448
1730 4479
1740 4514
1750 4545
1760 4561
1770 4581
1780 4610
1790 4629
1800 4648
1810 4667
1820 4681
1830 4705
1840 4740
1850 4775
1860 4796
1870 4823
1880 4849
1890 4871
1900 4891
1910 4913
1920 4946
1930 4975
1940 4994
1950 5013
1960 5041
1970 5074
1980 5102
1990 5134
2000 5167
2010 5216
2020 5242
2030 5264
2040 5292
2050 5322
2060 5348
2070 5379
2080 5403
2090 5420
2100 5449
2110 5469
2120 5478
2130 5492
2140 5523
2150 5549
2160 5574
2170 5599
2180 5631
2190 5649
2200 5665
2210 5687
2220 5707
2230 5732
2240 5754
2250 5771
2260 5790
2270 5806
2280 5822
2290 5835
2300 5858
2310 5870
2320 5892
2330 5919
2340 5947
2350 5962
2360 5979
2370 5998
2380 6017
2390 6041
2400 6057
2410 6085
2420 6116
2430 6142
2440 6162
2450 6176
2460 6188
2470 6209
2480 6225
2490 6243
2500 6267
2510 6293
2520 6318
2530 6335
2540 6351
2550 6366
2560 6384
2570 6401
2580 6420
2590 6438
2600 6456
2610 6473
2620 6495
2630 6515
2640 6541
2650 6561
2660 6575
2670 6597
2680 6621
2690 6639
2700 6653
2710 6679
2720 6687
2730 6702
2740 6717
2750 6736
2760 6749
2770 6779
2780 6796
2790 6812
2800 6833
2810 6858
2820 6878
2830 6897
2840 6911
2850 6930
2860 6950
2870 6968
2880 6994
2890 7007
2900 7035
2910 7054
2920 7082
2930 7101
2940 7124
2950 7146
2960 7173
2970 7195
2980 7215
2990 7244
3000 7267
3010 7284
3020 7304
3030 7327
3040 7338
3050 7359
3060 7382
3070 7396
3080 7418
3090 7442
3100 7469
3110 7486
3120 7500
3130 7521
3140 7531
3150 7548
3160 7562
3170 7580
3180 7600
3190 7613
3200 7624
3210 7645
3220 7652
3230 7659
3240 7666
3250 7676
3260 7687
3270 7700
3280 7714
3290 7733
3300 7748
3310 7766
3320 7780
3330 7793
3340 7802
3350 7824
3360 7843
3370 7863
3380 7882
3390 7892
3400 7910
3410 7942
3420 7950
3430 7965
3440 7973
3450 7989
3460 8008
3470 8033
3480 8048
3490 8064
3500 8085
3510 8104
3520 8115
3530 8131
3540 8150
3550 8161
3560 8170
3570 8183
3580 8201
3590 8211
3600 8217
3610 8225
3620 8236
3630 8253
3640 8261
3650 8274
3660 8298
3670 8306
3680 8315
3690 8323
3700 8334
3710 8340
3720 8350
3730 8365
3740 8376
3750 8393
3760 8412
3770 8423
3780 8443
3790 8454
3800 8485
3810 8504
3820 8518
3830 8537
3840 8564
3850 8578
3860 8600
3870 8621
3880 8646
3890 8660
3900 8675
3910 8684
3920 8704
3930 8717
3940 8731
3950 8741
3960 8756
3970 8766
3980 8780
3990 8795
4000 8803
4010 8809
4020 8820
4030 8840
4040 8862
4050 8887
4060 8910
4070 8933
4080 8962
4090 8980
4100 9002
4110 9024
4120 9042
4130 9059
4140 9073
4150 9095
4160 9112
4170 9125
4180 9143
4190 9155
4200 9168
4210 9185
4220 9198
4230 9212
4240 9225
4250 9235
4260 9254
4270 9269
4280 9278
4290 9300
4300 9327
4310 9337
4320 9346
4330 9370
4340 9385
4350 9398
4360 9412
4370 9417
4380 9428
4390 9433
4400 9445
4410 9466
4420 9478
4430 9494
4440 9502
4450 9515
4460 9519
4470 9533
4480 9548
4490 9564
4500 9572
4510 9587
4520 9599
4530 9604
4540 9616
4550 9625
4560 9638
4570 9646
4580 9651
4590 9658
4600 9667
4610 9681
4620 9690
4630 9696
4640 9702
4650 9715
4660 9726
4670 9733
4680 9741
4690 9751
4700 9763
4710 9767
4720 9774
4730 9786
4740 9794
4750 9801
4760 9814
4770 9818
4780 9825
4790 9832
4800 9839
4810 9846
4820 9854
4830 9865
4840 9873
4850 9883
4860 9892
4870 9901
4880 9912
4890 9919
4900 9923
4910 9938
4920 9951
4930 9959
4940 9962
4950 9973
4960 9979
4970 9986
4980 9990
4990 9998
