0 0
10 1.1
20 1.9
30 2.6
40 3.6
50 4.2
60 6.3
70 8.5
80 10.3
90 13.2
100 15.8
110 19.5
120 22.2
130 26.6
140 30.6
150 35.3
160 39.8
170 44.9
180 49.8
190 54.7
200 61.8
210 67.8
220 74.4
230 81.6
240 88.4
250 95
260 101.4
270 108.3
280 116.6
290 124.6
300 132.6
310 141.1
320 149.3
330 159
340 169.6
350 178
360 188
370 196.6
380 206.5
390 217.8
400 227.4
410 238.7
420 249.5
430 259.3
440 270.9
450 282.5
460 294.5
470 307.4
480 320.7
490 333.2
500 345.9
510 361.8
520 377.1
530 389
540 405.5
550 419.2
560 435.2
570 452.4
580 467.8
590 484.1
600 500.6
610 516.5
620 535
630 553.2
640 570.3
650 589.7
660 607
670 625.1
680 642.7
690 662.2
700 683.6
710 703.7
720 724.3
730 743.8
740 762.6
750 780.7
760 803.9
770 824.5
780 846.1
790 868
800 889
810 909.1
820 930.7
830 952.9
840 978.7
850 1000.7
860 1022.8
870 1046.2
880 1071
890 1094.2
900 1118.3
910 1141
920 1164.4
930 1188.7
940 1211.8
950 1235.6
960 1264.7
970 1290.7
980 1319.2
990 1347.4
1000 1372.9
1010 1403.7
1020 1431.1
1030 1459.5
1040 1487.2
1050 1515.6
1060 1544.5
1070 1572.7
1080 1603.2
1090 1629.5
1100 1660.8
1110 1689.4
1120 1719.2
1130 1751.4
1140 1779.7
1150 1810.9
1160 1844.4
1170 1877.8
1180 1908.7
1190 1939.1
1200 1970.2
1210 2000.7
1220 2034.2
1230 2068.3
1240 2097.4
1250 2129.8
1260 2164.1
1270 2198.7
1280 2233.3
1290 2267.7
1300 2301.4
1310 2336.2
1320 2372.4
1330 2408.8
1340 2443.1
1350 2480.9
1360 2516
1370 2554.4
1380 2590.8
1390 2629.7
1400 2668.2
1410 2704.5
1420 2742.2
1430 2781
1440 2820.2
1450 2856.4
1460 2896.6
1470 2933.9
1480 2973.2
1490 3013.1
1500 3056.6
1510 3097.7
1520 3136.3
1530 3176.8
1540 3217.1
1550 3255.9
1560 3299.9
1570 3341.4
1580 3380.2
1590 3420.2
1600 3461.5
1610 3505.8
1620 3547.9
1630 3592.7
1640 3636.1
1650 3675.9
1660 3723.8
1670 3765.9
1680 3808.1
1690 3856.5
1700 3902.2
1710 3947.5
1720 3992.2
1730 4038.9
1740 4083.2
1750 4124.5
1760 4168.3
1770 4213.3
1780 4256.6
1790 4305.3
1800 4350.3
1810 4397.3
1820 4443.7
1830 4491.5
1840 4541.3
1850 4588.8
1860 4636.6
1870 4686.7
1880 4734.9
1890 4786.8
1900 4838
1910 4888.2
1920 4940
1930 4989.9
1940 5044.9
1950 5098.8
1960 5150.8
1970 5200.9
1980 5253
1990 5307.6
2000 5356
2010 5410.6
2020 5465.3
2030 5518.5
2040 5572.5
2050 5626.6
2060 5677.4
2070 5732
2080 5791
2090 5840.5
2100 5896.8
2110 5952.5
2120 6006.6
2130 6069
2140 6127.1
2150 6180.8
2160 6238.1
2170 6291.1
2180 6343.5
2190 6398.7
2200 6452.9
2210 6504.8
2220 6564.1
2230 6624.2
2240 6680.7
2250 6742.1
2260 6800.9
2270 6860.3
2280 6919.1
2290 6978.5
2300 7044.7
2310 7104.1
2320 7162.1
2330 7221.4
2340 7276.7
2350 7338.7
2360 7400.3
2370 7460.3
2380 7520.4
2390 7585.5
2400 7644.3
2410 7706.9
2420 7764.9
2430 7824.9
2440 7883.5
2450 7946
2460 8008.2
2470 8072.5
2480 8133.6
2490 8196.4
2500 8258.7
2510 8320.9
2520 8386.7
2530 8448.6
2540 8516.1
2550 8583.7
2560 8650.6
2570 8718
2580 8784.6
2590 8844.3
2600 8910
2610 8978.7
2620 9046.3
2630 9113.8
2640 9178.8
2650 9248.7
2660 9316.5
2670 9381.6
2680 9453
2690 9522
2700 9590.2
2710 9656
2720 9732.5
2730 9804.1
2740 9875.3
2750 9938.7
2760 10004.4
2770 10071.2
2780 10141.2
2790 10210.3
2800 10278.1
2810 10348.5
2820 10420.2
2830 10488.4
2840 10562.2
2850 10633.5
2860 10702.6
2870 10772.4
2880 10846.9
2890 10919.2
2900 10991.3
2910 11063.3
2920 11131.1
2930 11203.4
2940 11270.5
2950 11346.7
2960 11419.1
2970 11497.3
2980 11573.9
2990 11645.1
3000 11723
3010 11801
3020 11877.2
3030 11947.2
3040 12028
3050 12106.6
3060 12182.8
3070 12259
3080 12333
3090 12413.9
3100 12489.2
3110 12567.7
3120 12644.9
3130 12721.2
3140 12801.5
3150 12879.4
3160 12961.1
3170 13042
3180 13120.5
3190 13194.9
3200 13277.1
3210 13359.3
3220 13442.7
3230 13517
3240 13600.5
3250 13681.6
3260 13764.2
3270 13850.8
3280 13926.4
3290 14004.2
3300 14089.5
3310 14166.3
3320 14247.1
3330 14327.9
3340 14410.5
3350 14492.1
3360 14568.7
3370 14649.5
3380 14730.2
3390 14813
3400 14892.2
3410 14974.7
3420 15057.9
3430 15136.9
3440 15221.6
3450 15302.9
3460 15382.3
3470 15462.8
3480 15546.9
3490 15635.9
3500 15716.1
3510 15800.1
3520 15880.9
3530 15967.2
3540 16055.8
3550 16140.5
3560 16223.1
3570 16312.2
3580 16399.7
3590 16486.4
3600 16573
3610 16657.6
3620 16742.1
3630 16825.4
3640 16908.3
3650 16992.7
3660 17079.7
3670 17169
3680 17255.6
3690 17341.4
3700 17432.4
3710 17525.5
3720 17615.4
3730 17705.5
3740 17788.9
3750 17879
3760 17968.3
3770 18059.2
3780 18149.8
3790 18237.8
3800 18324.5
3810 18411
3820 18500
3830 18592.2
3840 18682.2
3850 18775.6
3860 18865.5
3870 18956.3
3880 19047.2
3890 19135.1
3900 19222.3
3910 19308.9
3920 19400.9
3930 19495.8
3940 19587.4
3950 19676.6
3960 19768.7
3970 19860.4
3980 19949.3
3990 20039.7
4000 20129.5
4010 20222.2
4020 20315.2
4030 20410.3
4040 20504
4050 20601.6
4060 20693
4070 20790.4
4080 20882
4090 20971.6
4100 21068.8
4110 21161.6
4120 21254.3
4130 21347.4
4140 21443.2
4150 21542.9
4160 21636.4
4170 21732.2
4180 21825.4
4190 21918.2
4200 22015.1
4210 22112.5
4220 22206.4
4230 22299.6
4240 22395.4
4250 22491.8
4260 22589.9
4270 22690
4280 22789.7
4290 22887.3
4300 22981.7
4310 23079.9
4320 23172
4330 23265.1
4340 23359.2
4350 23457.3
4360 23555.8
4370 23656.8
4380 23749.2
4390 23847.2
4400 23942.4
4410 24036.1
4420 24131.8
4430 24229.4
4440 24330.1
4450 24427.1
4460 24525.9
4470 24625.5
4480 24728.9
4490 24823.9
4500 24916.2
4510 25017.2
4520 25119.6
4530 25224
4540 25326.1
4550 25427.2
4560 25522
4570 25629.3
4580 25728.2
4590 25827.4
4600 25923.3
4610 26020.6
4620 26121.4
4630 26222.6
4640 26314.7
4650 26419.1
4660 26515.1
4670 26615.3
4680 26717.1
4690 26818.8
4700 26923.7
4710 27022.4
4720 27125.3
4730 27223.9
4740 27326
4750 27436.2
4760 27535.5
4770 27640.9
4780 27743.7
4790 27842.4
4800 27948.4
4810 28052.2
4820 28152.5
4830 28259
4840 28364.4
4850 28463.5
4860 28563.2
4870 28663.2
4880 28763.3
4890 28861.8
4900 28970.6
4910 29072.7
4920 29173.8
4930 29280
4940 29383.5
4950 29483.5
4960 29582.2
4970 29692
4980 29795.7
4990 29898
