0 0
10 10.5
20 18.7
30 26
40 35.5
50 45.4
60 53.6
70 65.3
80 78.1
90 91.2
100 105.6
110 118.5
120 130.4
130 142.8
140 157.4
150 171.9
160 187.9
170 202.8
180 220.2
190 238.5
200 255
210 269.7
220 287.7
230 304.6
240 323.8
250 342.2
260 362.6
270 384.9
280 404
290 426.8
300 448.2
310 469.8
320 492.1
330 514.7
340 537.8
350 560.6
360 582.4
370 605
380 629.5
390 654.6
400 679.7
410 704.1
420 730.6
430 757.2
440 782.9
450 807.6
460 833.5
470 861.6
480 891.8
490 919.8
500 949.8
510 977.8
520 1009.2
530 1040
540 1070.1
550 1103.7
560 1136.1
570 1170.1
580 1201.2
590 1233.1
600 1265.2
610 1301.9
620 1330.7
630 1363.5
640 1399.4
650 1434.6
660 1469.9
670 1506.3
680 1539.2
690 1573.2
700 1611.2
710 1645.4
720 1681.1
730 1715.8
740 1752.3
750 1786.2
760 1822
770 1859.2
780 1897.3
790 1934.1
800 1977.2
810 2018.3
820 2062.5
830 2104.7
840 2146.9
850 2187.1
860 2224.5
870 2267.2
880 2313.5
890 2357.6
900 2396.9
910 2438.4
920 2486.4
930 2527.7
940 2572.2
950 2615.8
960 2662.6
970 2706.7
980 2757.5
990 2801.3
1000 2843.7
1010 2890.5
1020 2936.7
1030 2981.1
1040 3023.4
1050 3068.8
1060 3112.9
1070 3158
1080 3201.8
1090 3251.6
1100 3298.4
1110 3346.8
1120 3393.8
1130 3442.2
1140 3490.5
1150 3540.6
1160 3586.8
1170 3641.5
1180 3692.5
1190 3744.6
1200 3795.4
1210 3844.7
1220 3896.1
1230 3946.3
1240 3992.5
1250 4042
1260 4091.6
1270 4143.8
1280 4195.4
1290 4248.8
1300 4303.4
1310 4353.1
1320 4403.4
1330 4455.5
1340 4508.8
1350 4563.5
1360 4614.9
1370 4673.5
1380 4726.9
1390 4779.3
1400 4833.8
1410 4883.8
1420 4941
1430 4995
1440 5049.5
1450 5107.5
1460 5159.1
1470 5216.7
1480 5275.1
1490 5334.5
1500 5389.7
1510 5448
1520 5507.1
1530 5566.8
1540 5622.2
1550 5676.1
1560 5727.1
1570 5788.9
1580 5847.8
1590 5907.9
1600 5964.9
1610 6024
1620 6084.4
1630 6141.4
1640 6199.3
1650 6261.4
1660 6325.9
1670 6382.9
1680 6443.1
1690 6505.2
1700 6567.1
1710 6627.2
1720 6686.3
1730 6750.2
1740 6812.9
1750 6872.8
1760 6937.8
1770 7001
1780 7064.2
1790 7121.4
1800 7182.4
1810 7248.4
1820 7310.6
1830 7375
1840 7441
1850 7508.1
1860 7574.3
1870 7641.7
1880 7705.9
1890 7769.5
1900 7831.2
1910 7894.9
1920 7963.6
1930 8026.9
1940 8094.7
1950 8164.3
1960 8230.6
1970 8298.3
1980 8365
1990 8436.3
2000 8503.1
2010 8570.9
2020 8630.7
2030 8697.7
2040 8759.8
2050 8825.2
2060 8890.7
2070 8958
2080 9026.3
2090 9098
2100 9168.2
2110 9234.8
2120 9309.1
2130 9379.9
2140 9450.9
2150 9525.2
2160 9591.9
2170 9663.8
2180 9733
2190 9801.1
2200 9865.4
2210 9935.8
2220 10008.5
2230 10077.8
2240 10149
2250 10217.6
2260 10292.1
2270 10361.7
2280 10435.1
2290 10504.5
2300 10578.1
2310 10651.7
2320 10715.1
2330 10786.6
2340 10855.1
2350 10927.2
2360 10995.8
2370 11065.7
2380 11135.7
2390 11206.1
2400 11276.7
2410 11350.5
2420 11428.3
2430 11497.8
2440 11571.4
2450 11644
2460 11719
2470 11793.9
2480 11864.2
2490 11937.1
2500 12012.8
2510 12079.1
2520 12148.6
2530 12219.7
2540 12291.2
2550 12360.7
2560 12430.1
2570 12502.5
2580 12573.5
2590 12644.5
2600 12718.2
2610 12793.7
2620 12866.6
2630 12939.6
2640 13014.9
2650 13088.4
2660 13159
2670 13233.3
2680 13306.8
2690 13375.4
2700 13446.3
2710 13515.8
2720 13585.2
2730 13656.6
2740 13731.6
2750 13806.7
2760 13884.5
2770 13961
2780 14037
2790 14113.8
2800 14199.2
2810 14273.9
2820 14350.6
2830 14428.9
2840 14501.2
2850 14581.1
2860 14657.2
2870 14732
2880 14808.6
2890 14886.8
2900 14963.9
2910 15044.6
2920 15119.8
2930 15199.2
2940 15270
2950 15348.4
2960 15423.6
2970 15501.9
2980 15577.1
2990 15651.7
3000 15723.9
3010 15797.6
3020 15873.4
3030 15947.8
3040 16026
3050 16098
3060 16175.4
3070 16257.5
3080 16336.7
3090 16413.4
3100 16493.4
3110 16571.5
3120 16649.2
3130 16726.3
3140 16800.5
3150 16875.6
3160 16955.2
3170 17033.3
3180 17108.4
3190 17185.9
3200 17266.1
3210 17341
3220 17414.2
3230 17495.1
3240 17566.8
3250 17648.7
3260 17728.1
3270 17806.2
3280 17881
3290 17954.5
3300 18033.5
3310 18111.3
3320 18187.4
3330 18260.4
3340 18337.7
3350 18415.5
3360 18495.3
3370 18579.2
3380 18657.7
3390 18729.9
3400 18806.3
3410 18885.2
3420 18964.7
3430 19042.7
3440 19119.4
3450 19197.5
3460 19271.5
3470 19347.6
3480 19425.3
3490 19502.6
3500 19577.7
3510 19659
3520 19735
3530 19811.2
3540 19889.2
3550 19965.1
3560 20043.1
3570 20118.7
3580 20197.9
3590 20272.8
3600 20350.9
3610 20430.2
3620 20509.7
3630 20588
3640 20665.9
3650 20746
3660 20820.8
3670 20900
3680 20979.5
3690 21056.1
3700 21129.7
3710 21206.9
3720 21286
3730 21366.5
3740 21447
3750 21526.5
3760 21600.5
3770 21672.8
3780 21749.2
3790 21824.9
3800 21905.1
3810 21985.3
3820 22061.6
3830 22137
3840 22210.6
3850 22284
3860 22362.3
3870 22440.5
3880 22511.9
3890 22583.5
3900 22657.4
3910 22731.6
3920 22804.8
3930 22882.1
3940 22956.2
3950 23034.1
3960 23110.9
3970 23189.6
3980 23260.9
3990 23330.5
4000 23403.8
4010 23477.9
4020 23554.4
4030 23629.8
4040 23704.3
4050 23780.2
4060 23853.4
4070 23928.7
4080 23996.7
4090 24072.6
4100 24144.1
4110 24214.6
4120 24285.8
4130 24354.5
4140 24425.3
4150 24498.7
4160 24569.2
4170 24645.1
4180 24712.3
4190 24780.6
4200 24850.6
4210 24920.1
4220 24992.1
4230 25063.2
4240 25136.6
4250 25201.7
4260 25269.4
4270 25340.5
4280 25407.2
4290 25477
4300 25543.9
4310 25615.4
4320 25683
4330 25748.9
4340 25823.7
4350 25891.8
4360 25956.5
4370 26027.6
4380 26097.8
4390 26166
4400 26237.1
4410 26304.1
4420 26371.3
4430 26442.9
4440 26514.2
4450 26582.1
4460 26649
4470 26718.7
4480 26786.2
4490 26858.1
4500 26928.4
4510 26992
4520 27053.8
4530 27123.1
4540 27190.5
4550 27259.2
4560 27326.7
4570 27393.1
4580 27453.9
4590 27517.1
4600 27581
4610 27648.1
4620 27713.2
4630 27783.9
4640 27851.3
4650 27915.4
4660 27985.1
4670 28052.5
4680 28114.6
4690 28178.7
4700 28240.8
4710 28300.2
4720 28357
4730 28423.9
4740 28480.9
4750 28541.4
4760 28600.4
4770 28662
4780 28723.8
4790 28784.5
4800 28844.4
4810 28906
4820 28971.1
4830 29029.7
4840 29085.3
4850 29145.7
4860 29207.4
4870 29266.9
4880 29330.2
4890 29393.1
4900 29447.2
4910 29502.6
4920 29560.5
4930 29615.8
4940 29676
4950 29731.1
4960 29787.5
4970 29840.8
4980 29896.8
4990 29946.7
