0 0
10 51
20 187
30 403
40 707
50 1077
60 1533
70 2048
80 2632
90 3266
100 3928
110 4687
120 5457
130 6228
140 6996
150 7778
160 8504
170 9233
180 9928
190 10589
200 11216
210 11765
220 12280
230 12781
240 13315
250 13878
260 14428
270 14918
280 15317
290 15677
300 16063
310 16410
320 16755
330 17096
340 17494
350 17834
360 18126
370 18438
380 18755
390 19034
400 19321
410 19581
420 19885
430 20196
440 20438
450 20688
460 20989
470 21258
480 21496
490 21777
500 22037
510 22274
520 22486
530 22754
540 22995
550 23192
560 23391
570 23570
580 23780
590 23928
600 24082
610 24238
620 24383
630 24549
640 24689
650 24803
660 24903
670 25006
680 25138
690 25240
700 25334
710 25423
720 25499
730 25549
740 25583
750 25612
760 25627
770 25663
780 25692
790 25718
800 25740
810 25764
820 25801
830 25828
840 25853
850 25874
860 25887
870 25897
880 25913
890 25929
900 25952
910 25995
920 26060
930 26146
940 26187
950 26213
960 26226
970 26240
980 26252
990 26277
1000 26307
1010 26351
1020 26393
1030 26425
1040 26493
1050 26601
1060 26778
1070 26992
1080 27270
1090 27481
1100 27694
1110 27873
1120 28035
1130 28123
1140 28197
1150 28232
1160 28268
1170 28311
1180 28342
1190 28378
1200 28417
1210 28444
1220 28482
1230 28537
1240 28564
1250 28578
1260 28588
1270 28601
1280 28621
1290 28632
1300 28643
1310 28645
1320 28650
1330 28653
1340 28656
1350 28664
1360 28679
1370 28698
1380 28717
1390 28746
1400 28779
1410 28817
1420 28840
1430 28855
1440 28856
1450 28859
1460 28865
1470 28868
1480 28872
1490 28874
1500 28874
1510 28877
1520 28889
1530 28892
1540 28892
1550 28895
1560 28911
1570 28918
1580 28948
1590 28983
1600 29026
1610 29083
1620 29117
1630 29137
1640 29149
1650 29150
1660 29151
1670 29152
1680 29153
1690 29156
1700 29159
1710 29165
1720 29167
1730 29172
1740 29186
1750 29216
1760 29246
1770 29263
1780 29269
1790 29275
1800 29293
1810 29323
1820 29331
1830 29334
1840 29334
1850 29335
1860 29336
1870 29338
1880 29338
1890 29339
1900 29343
1910 29343
1920 29343
1930 29345
1940 29346
1950 29347
1960 29348
1970 29351
1980 29351
1990 29356
2000 29367
2010 29367
2020 29374
2030 29383
2040 29388
2050 29388
2060 29390
2070 29391
2080 29392
2090 29392
2100 29393
2110 29393
2120 29394
2130 29399
2140 29399
2150 29399
2160 29399
2170 29399
2180 29399
2190 29401
2200 29403
2210 29404
2220 29404
2230 29406
2240 29407
2250 29410
2260 29412
2270 29420
2280 29425
2290 29448
2300 29485
2310 29522
2320 29563
2330 29607
2340 29653
2350 29682
2360 29701
2370 29712
2380 29719
2390 29725
2400 29725
2410 29725
2420 29725
2430 29725
2440 29726
2450 29729
2460 29735
2470 29735
2480 29738
2490 29741
2500 29744
2510 29745
2520 29745
2530 29746
2540 29747
2550 29747
2560 29753
2570 29757
2580 29772
2590 29779
2600 29783
2610 29784
2620 29786
2630 29786
2640 29786
2650 29786
2660 29786
2670 29786
2680 29786
2690 29793
2700 29806
2710 29807
2720 29807
2730 29807
2740 29807
2750 29807
2760 29809
2770 29813
2780 29813
2790 29814
2800 29815
2810 29815
2820 29815
2830 29815
2840 29815
2850 29815
2860 29815
2870 29816
2880 29819
2890 29826
2900 29826
2910 29826
2920 29826
2930 29826
2940 29826
2950 29826
2960 29826
2970 29826
2980 29826
2990 29826
3000 29826
3010 29826
3020 29826
3030 29826
3040 29826
3050 29826
3060 29826
3070 29826
3080 29827
3090 29829
3100 29829
3110 29829
3120 29829
3130 29829
3140 29829
3150 29829
3160 29830
3170 29831
3180 29831
3190 29831
3200 29832
3210 29833
3220 29833
3230 29835
3240 29835
3250 29835
3260 29835
3270 29836
3280 29836
3290 29836
3300 29836
3310 29836
3320 29836
3330 29836
3340 29836
3350 29836
3360 29836
3370 29836
3380 29836
3390 29836
3400 29836
3410 29837
3420 29837
3430 29837
3440 29837
3450 29837
3460 29837
3470 29837
3480 29837
3490 29837
3500 29837
3510 29839
3520 29844
3530 29861
3540 29869
3550 29870
3560 29871
3570 29871
3580 29872
3590 29872
3600 29873
3610 29881
3620 29888
3630 29890
3640 29890
3650 29890
3660 29890
3670 29890
3680 29890
3690 29890
3700 29890
3710 29890
3720 29890
3730 29890
3740 29890
3750 29892
3760 29892
3770 29893
3780 29894
3790 29894
3800 29894
3810 29902
3820 29904
3830 29906
3840 29909
3850 29917
3860 29938
3870 29947
3880 29950
3890 29951
3900 29951
3910 29952
3920 29952
3930 29955
3940 29955
3950 29955
3960 29956
3970 29956
3980 29956
3990 29956
4000 29956
4010 29956
4020 29956
4030 29956
4040 29956
4050 29956
4060 29956
4070 29957
4080 29957
4090 29957
4100 29957
4110 29957
4120 29957
4130 29957
4140 29957
4150 29957
4160 29957
4170 29957
4180 29957
4190 29957
4200 29957
4210 29957
4220 29957
4230 29957
4240 29957
4250 29958
4260 29958
4270 29964
4280 29984
4290 29986
4300 29988
4310 29988
4320 29988
4330 29988
4340 29988
4350 29988
4360 29988
4370 29988
4380 29989
4390 29991
4400 29991
4410 29991
4420 29991
4430 29991
4440 29991
4450 29991
4460 29991
4470 29991
4480 29991
4490 29991
4500 29991
4510 29991
4520 29991
4530 29991
4540 29991
4550 29992
4560 29992
4570 29992
4580 29992
4590 29993
4600 29993
4610 29993
4620 29995
4630 29995
4640 29996
4650 29996
4660 29996
4670 29996
4680 29996
4690 29996
4700 29996
4710 29996
4720 29996
4730 29996
4740 29996
4750 29996
4760 29996
4770 29996
4780 29996
4790 29997
4800 29998
4810 29998
4820 29999
4830 29999
4840 29999
4850 29999
4860 30000
4870 30000
4880 30000
4890 30000
4900 30000
4910 30000
4920 30000
4930 30000
4940 30000
4950 30000
4960 30000
4970 30000
4980 30000
4990 30000
