0
2
2
3
4
7
9
13
15
17
23
26
28
31
32
38
39
45
54
60
66
70
77
85
94
104
118
129
135
144
151
162
172
184
200
208
222
234
251
269
283
292
301
312
322
337
351
363
384
401
418
431
444
462
481
500
518
547
563
583
600
625
639
663
683
705
720
745
768
794
811
837
864
892
919
941
968
999
1029
1061
1088
1110
1133
1166
1200
1228
1258
1282
1317
1354
1379
1402
1434
1464
1491
1529
1564
1586
1614
1642
1682
1715
1750
1774
1813
1849
1886
1914
1950
1995
2034
2065
2104
2136
2181
2223
2263
2296
2332
2364
2403
2444
2486
2526
2571
2616
2649
2693
2731
2770
2813
2851
2903
2955
3004
3045
3079
3118
3156
3195
3235
3272
3312
3361
3415
3464
3512
3562
3614
3659
3704
3749
3797
3844
3889
3933
3979
4031
4069
4124
4182
4228
4274
4333
4374
4429
4487
4534
4578
4617
4679
4730
4801
4860
4916
4969
5019
5079
5141
5212
5264
5310
5359
5421
5473
5534
5587
5639
5689
5728
5800
5868
5929
5983
6042
6104
6164
6220
6279
6342
6400
6460
6510
6557
6614
6678
6735
6804
6857
6934
6996
7051
7116
7171
7239
7309
7391
7445
7517
7579
7641
7698
7758
7823
7890
7945
8014
8076
8126
8191
8270
8325
8383
8444
8501
8570
8639
8696
8765
8828
8891
8966
9036
9106
9180
9251
9317
9390
9452
9535
9602
9661
9725
9793
9863
9958
10025
10113
10191
10253
10326
10409
10475
10552
10631
10688
10754
10850
10923
10985
11069
11130
11196
11276
11360
11429
11486
11567
11643
11714
11777
11850
11931
12008
12076
12141
12216
12290
12355
12433
12516
12587
12657
12740
12815
12893
12959
13037
13113
13214
13302
13364
13427
13494
13575
13655
13738
13801
13890
13969
14036
14132
14229
14301
14382
14464
14529
14619
14684
14766
14853
14945
15028
15116
15206
15291
15373
15460
15549
15626
15730
15797
15867
15958
16046
16118
16195
16297
16380
16447
16516
16593
16670
16758
16847
16931
17013
17093
17170
17255
17339
17421
17493
17568
17664
17746
17841
17924
18029
18099
18181
18258
18349
18441
18537
18643
18739
18820
18903
18991
19076
19171
19237
19296
19381
19482
19550
19626
19715
19793
19880
19958
20053
20138
20222
20302
20381
20461
20545
20608
20671
20747
20830
20922
21018
21099
21193
21264
21339
21422
21515
21602
21676
21761
21855
21946
22022
22101
22188
22273
22378
22463
22545
22627
22711
22785
22875
22966
23064
23161
23230
23317
23399
23486
23566
23665
23749
23841
23928
24016
24106
24173
24274
24362
24435
24520
24583
24677
24753
24843
24926
25013
25106
25182
25270
25344
25422
25499
25597
25684
25768
25854
25951
26049
26143
26233
26317
26404
26481
26571
26645
26730
26823
26919
26991
27078
27154
27230
27292
27387
27477
27563
27652
27743
27839
27924
28003
28081
28185
28277
28380
28472
28541
28632
28713
28805
28886
28966
29052
29117
29203
29272
29355
29435
29516
29610
29687
29768
29842
29924
