0
1
3
5
5
5
6
8
8
9
13
17
22
25
29
33
35
39
45
49
53
57
62
65
77
83
90
98
100
108
114
121
130
138
146
151
157
167
173
177
185
194
202
209
215
219
229
239
251
260
268
276
283
301
314
327
340
357
376
393
411
422
435
447
463
479
494
505
519
530
553
570
581
597
617
638
663
677
698
713
740
761
779
799
826
853
873
891
908
927
947
973
998
1015
1033
1056
1080
1103
1124
1150
1171
1193
1214
1239
1258
1291
1315
1334
1359
1382
1404
1439
1473
1500
1537
1552
1575
1600
1626
1656
1693
1715
1752
1779
1811
1844
1889
1920
1951
1974
2005
2035
2070
2105
2138
2174
2206
2245
2272
2302
2343
2380
2420
2459
2491
2526
2551
2592
2626
2669
2715
2749
2790
2830
2857
2897
2935
2974
3015
3054
3090
3125
3162
3207
3250
3286
3338
3374
3403
3446
3496
3546
3585
3638
3689
3734
3773
3824
3856
3909
3947
3986
4031
4087
4128
4171
4213
4257
4291
4335
4368
4417
4475
4517
4569
4612
4652
4708
4749
4807
4882
4921
4973
5015
5062
5109
5169
5223
5264
5321
5371
5418
5471
5516
5566
5619
5674
5727
5777
5808
5854
5906
5956
6019
6080
6124
6192
6243
6316
6379
6437
6486
6529
6583
6641
6703
6774
6845
6917
6967
7038
7106
7158
7219
7273
7341
7404
7463
7524
7586
7653
7698
7761
7816
7869
7928
7988
8039
8109
8159
8222
8265
8330
8397
8455
8510
8577
8619
8682
8740
8803
8855
8920
8987
9065
9130
9190
9267
9329
9391
9465
9524
9585
9648
9723
9807
9872
9929
10000
10069
10138
10227
10286
10352
10413
10469
10544
10609
10688
10765
10819
10897
10979
11048
11122
11194
11276
11353
11443
11518
11589
11664
11739
11813
11889
11966
12046
12122
12191
12259
12349
12419
12494
12572
12662
12753
12815
12904
12971
13069
13138
13225
13300
13362
13450
13534
13608
13679
13748
13843
13928
13997
14088
14162
14234
14306
14390
14472
14559
14651
14764
14852
14926
15006
15082
15174
15254
15339
15441
15511
15596
15694
15778
15865
15947
16041
16123
16185
16262
16341
16432
16534
16629
16718
16795
16868
16974
17063
17146
17234
17329
17412
17490
17581
17648
17746
17844
17941
18029
18121
18223
18328
18418
18504
18609
18678
18762
18874
18966
19062
19151
19240
19329
19433
19535
19636
19726
19835
19937
20029
20136
20259
20351
20435
20543
20642
20729
20819
20934
21035
21127
21225
21325
21409
21515
21616
21716
21824
21926
22025
22107
22208
22302
22402
22511
22622
22734
22836
22938
23029
23132
23237
23337
23444
23549
23631
23742
23849
23965
24080
24205
24326
24440
24559
24676
24774
24894
25013
25126
25242
25354
25490
25598
25710
25813
25930
26058
26151
26280
26382
26502
26601
26707
26827
26946
27079
27195
27312
27415
27534
27664
27802
27911
28014
28140
28255
28368
28481
28590
28697
28808
28938
29063
29187
29310
29425
29543
29651
29774
29891
