0
49
184
408
714
1091
1531
2045
2623
3205
3795
4337
4923
5544
6195
6814
7436
8091
8710
9244
9766
10265
10763
11324
11924
12477
12993
13495
13975
14378
14777
15233
15729
16291
16823
17241
17654
18022
18393
18710
19005
19286
19558
19789
19975
20183
20426
20636
20826
21119
21458
21727
21970
22187
22421
22710
22957
23162
23354
23584
23698
23822
23934
24072
24209
24335
24447
24554
24645
24705
24775
24859
24971
25129
25290
25401
25474
25548
25621
25708
25832
25979
26103
26184
26232
26277
26350
26435
26525
26576
26610
26639
26671
26706
26754
26798
26862
26897
26920
26952
26991
27074
27173
27318
27410
27469
27496
27520
27557
27594
27639
27668
27697
27716
27736
27752
27779
27791
27816
27856
27870
27903
27932
27963
28020
28097
28148
28220
28275
28301
28320
28344
28385
28409
28450
28511
28561
28594
28627
28658
28685
28742
28782
28810
28837
28865
28880
28911
28972
29021
29043
29062
29096
29117
29144
29163
29171
29175
29181
29183
29187
29193
29200
29209
29240
29289
29312
29314
29323
29325
29327
29327
29328
29328
29328
29329
29337
29339
29345
29365
29384
29386
29390
29391
29392
29395
29395
29395
29395
29395
29395
29397
29405
29407
29409
29409
29409
29410
29412
29414
29416
29430
29446
29457
29460
29460
29461
29478
29484
29484
29487
29489
29489
29489
29489
29489
29489
29490
29490
29490
29490
29495
29498
29501
29505
29512
29515
29515
29515
29522
29523
29523
29523
29523
29523
29523
29523
29523
29525
29525
29527
29529
29529
29531
29531
29531
29531
29531
29531
29531
29531
29531
29532
29539
29543
29546
29561
29562
29562
29562
29562
29562
29562
29562
29562
29562
29562
29562
29562
29562
29562
29562
29563
29563
29563
29563
29564
29564
29564
29565
29565
29565
29566
29566
29566
29566
29566
29566
29573
29573
29573
29574
29575
29575
29575
29575
29575
29576
29581
29583
29585
29603
29608
29608
29608
29610
29610
29610
29610
29610
29622
29638
29679
29703
29712
29717
29722
29736
29776
29806
29820
29844
29867
29881
29887
29895
29905
29910
29910
29913
29916
29919
29919
29919
29919
29919
29920
29920
29920
29920
29920
29920
29920
29920
29920
29926
29927
29930
29930
29930
29930
29930
29930
29930
29930
29930
29930
29930
29930
29930
29930
29930
29932
29933
29933
29933
29933
29933
29933
29933
29933
29933
29933
29933
29933
29933
29933
29940
29960
29967
29969
29969
29970
29973
29973
29973
29973
29973
29973
29973
29974
29974
29974
29974
29974
29974
29974
29974
29974
29974
29974
29974
29974
29974
29974
29974
29975
29975
29975
29975
29975
29975
29975
29975
29975
29976
29976
29977
29979
29982
29982
29982
29982
29982
29982
29982
29982
29982
29982
29982
29982
29982
29982
29982
29982
29982
29982
29982
29982
29982
29982
29983
29985
29990
29996
29996
29996
29996
29996
29996
29998
29998
29998
29998
29998
29998
29998
29998
29998
29998
29998
29998
29998
29998
29998
29999
29999
29999
29999
29999
29999
29999
29999
29999
29999
29999
29999
29999
29999
29999
29999
29999
29999
29999
29999
29999
29999
29999
29999
29999
29999
29999
30000
30000
30000
30000
30000
30000
30000
30000
