0
31
82
155
244
323
413
486
555
645
727
809
885
968
1045
1130
1230
1355
1473
1586
1675
1788
1887
1969
2060
2137
2241
2343
2471
2584
2700
2836
2960
3090
3223
3342
3439
3550
3648
3751
3845
3936
4055
4176
4279
4376
4485
4576
4675
4773
4861
4944
5065
5154
5228
5319
5416
5499
5596
5684
5778
5900
6005
6126
6239
6359
6494
6643
6795
6935
7061
7153
7270
7355
7435
7518
7620
7738
7843
7969
8095
8213
8302
8392
8478
8560
8660
8761
8859
8956
9046
9130
9221
9307
9389
9510
9618
9707
9798
9899
10004
10118
10237
10351
10463
10529
10613
10715
10808
10894
10978
11060
11139
11224
11295
11363
11449
11538
11605
11668
11749
11815
11890
11974
12073
12138
12217
12298
12390
12499
12593
12677
12745
12815
12917
12988
13043
13120
13188
13261
13342
13428
13506
13572
13642
13708
13784
13848
13904
13962
14014
14073
14132
14195
14243
14293
14348
14403
14457
14527
14590
14638
14700
14770
14838
14910
14966
15013
15066
15133
15180
15235
15302
15340
15385
15457
15511
15566
15606
15658
15709
15769
15828
15894
15943
16012
16068
16133
16203
16264
16314
16366
16435
16501
16559
16611
16653
16700
16751
16790
16832
16883
16934
16991
17041
17093
17161
17224
17308
17368
17418
17466
17512
17556
17617
17672
17720
17769
17812
17868
17912
17953
18001
18056
18110
18164
18216
18284
18343
18388
18435
18478
18529
18571
18614
18655
18702
18739
18792
18821
18869
18907
18949
18986
19015
19063
19099
19144
19195
19249
19297
19331
19377
19432
19460
19514
19550
19596
19642
19706
19754
19794
19843
19880
19925
19964
20004
20064
20116
20182
20228
20273
20324
20371
20435
20483
20563
20618
20676
20748
20810
20891
20963
21024
21090
21155
21214
21269
21316
21358
21392
21447
21497
21566
21614
21655
21712
21770
21837
21897
21965
22027
22073
22132
22184
22234
22306
22370
22435
22495
22566
22631
22707
22769
22831
22909
22997
23084
23159
23235
23301
23368
23429
23480
23521
23589
23649
23704
23760
23819
23871
23935
24000
24096
24170
24233
24296
24352
24411
24468
24515
24580
24626
24673
24734
24797
24844
24887
24926
24978
25037
25080
25115
25187
25230
25259
25312
25360
25404
25447
25479
25527
25565
25609
25655
25689
25723
25764
25801
25855
25887
25919
25945
25978
26024
26070
26104
26141
26171
26202
26234
26283
26328
26360
26384
26420
26455
26479
26505
26538
26559
26583
26618
26648
26673
26715
26766
26804
26859
26893
26935
26974
27005
27038
27073
27114
27142
27167
27222
27262
27331
27379
27419
27459
27497
27543
27580
27609
27642
27680
27708
27750
27775
27808
27839
27877
27913
27958
27996
28031
28068
28104
28127
28163
28199
28224
28254
28282
28324
28364
28404
28445
28484
28512
28542
28579
28608
28645
28685
28723
28758
28792
28825
28859
28894
28914
28940
28972
28994
29023
29049
29083
29113
29139
29160
29191
29214
29241
29273
29299
29315
29355
29382
29409
29431
29463
29513
29541
29568
29597
29623
29638
29659
29690
29714
29743
29764
29781
29803
29820
29835
29851
29873
29888
29900
29917
29932
29951
29969
29981
