0
1
1
2
4
4
7
9
11
17
19
26
28
33
35
40
45
57
63
67
69
72
76
85
88
92
100
105
111
116
121
130
134
147
161
167
178
187
196
209
219
230
244
259
271
282
293
308
317
326
340
366
382
397
408
419
434
450
470
484
511
533
550
563
575
597
612
629
647
665
688
709
728
743
761
789
811
831
848
873
894
918
936
961
986
1010
1035
1057
1086
1112
1136
1164
1179
1206
1229
1252
1283
1301
1330
1356
1386
1432
1470
1501
1527
1555
1586
1613
1646
1671
1702
1731
1762
1792
1820
1849
1880
1910
1946
1976
2012
2030
2058
2087
2109
2140
2174
2199
2232
2267
2296
2330
2368
2411
2449
2483
2519
2556
2599
2641
2675
2722
2757
2794
2833
2861
2899
2931
2967
3015
3061
3108
3155
3204
3253
3289
3345
3392
3422
3467
3502
3537
3576
3616
3659
3689
3728
3779
3827
3873
3913
3955
3993
4042
4085
4131
4170
4218
4269
4323
4365
4419
4466
4512
4555
4602
4654
4709
4759
4813
4876
4931
4980
5032
5104
5152
5199
5257
5297
5347
5392
5446
5497
5554
5606
5661
5718
5769
5820
5870
5913
5964
6017
6076
6145
6217
6275
6320
6370
6424
6474
6532
6592
6647
6697
6766
6819
6882
6933
6982
7041
7096
7148
7204
7266
7322
7384
7442
7503
7571
7619
7698
7752
7815
7879
7944
8006
8068
8132
8194
8254
8322
8387
8455
8515
8586
8665
8748
8813
8860
8928
8997
9064
9129
9181
9252
9313
9380
9445
9498
9564
9624
9701
9770
9836
9894
9968
10039
10099
10176
10252
10326
10398
10457
10523
10595
10666
10727
10795
10859
10930
10992
11059
11134
11204
11296
11370
11465
11555
11628
11711
11783
11860
11935
12013
12098
12158
12238
12304
12391
12455
12528
12603
12671
12754
12832
12920
13000
13075
13135
13228
13290
13377
13457
13533
13622
13713
13790
13867
13955
14040
14106
14190
14274
14359
14461
14541
14632
14706
14803
14872
14976
15060
15119
15193
15283
15363
15443
15519
15608
15687
15770
15851
15936
16039
16135
16211
16304
16394
16489
16588
16680
16760
16841
16927
17013
17086
17171
17266
17361
17467
17555
17650
17739
17822
17905
17993
18096
18191
18281
18366
18444
18521
18605
18699
18788
18886
18988
19070
19163
19242
19316
19408
19504
19588
19679
19771
19859
19936
20036
20127
20227
20326
20432
20512
20610
20689
20797
20894
20988
21077
21164
21248
21343
21431
21505
21615
21715
21813
21915
22022
22110
22200
22292
22381
22472
22565
22667
22767
22868
22973
23071
23172
23269
23354
23464
23556
23661
23757
23853
23941
24035
24137
24236
24343
24448
24550
24657
24755
24861
24965
25062
25188
25293
25389
25490
25591
25702
25791
25904
25979
26075
26180
26262
26342
26429
26514
26612
26712
26792
26894
26995
27088
27207
27305
27414
27511
27610
27711
27818
27913
28026
28126
28233
28333
28427
28533
28640
28731
28838
28951
29062
29140
29240
29360
29468
29570
29676
29773
29891
