0
50
178
374
634
937
1295
1685
2120
2567
2991
3461
3946
4390
4831
5292
5725
6165
6553
6909
7315
7681
7995
8317
8622
8921
9175
9390
9590
9807
10015
10238
10430
10633
10864
11156
11397
11605
11852
12123
12385
12621
12856
13052
13234
13458
13708
13916
14169
14398
14650
14858
15022
15213
15373
15504
15621
15774
15912
16071
16215
16371
16493
16607
16732
16871
17057
17198
17306
17419
17552
17646
17745
17851
17940
18024
18100
18197
18331
18462
18566
18648
18722
18847
18949
19041
19102
19156
19199
19238
19304
19365
19416
19480
19557
19622
19711
19798
19871
19960
20051
20135
20202
20290
20349
20416
20475
20554
20625
20705
20804
20894
20962
21016
21068
21142
21252
21378
21498
21577
21665
21734
21806
21877
21949
22003
22053
22129
22184
22239
22292
22356
22438
22550
22659
22761
22839
22901
22959
23008
23058
23122
23218
23340
23460
23564
23720
23876
23995
24104
24193
24274
24341
24402
24470
24561
24647
24718
24778
24831
24886
24921
24953
24981
25028
25072
25096
25111
25122
25142
25163
25204
25263
25310
25336
25358
25410
25451
25496
25541
25582
25624
25688
25766
25817
25860
25900
25925
25953
25975
25999
26023
26042
26069
26102
26150
26201
26263
26323
26364
26422
26487
26581
26656
26714
26742
26766
26790
26809
26843
26860
26875
26897
26916
26938
26946
26958
26972
26980
26995
27013
27035
27068
27118
27139
27150
27160
27176
27197
27220
27236
27268
27281
27309
27337
27361
27372
27386
27394
27397
27403
27411
27416
27422
27425
27431
27440
27447
27453
27459
27476
27507
27523
27535
27565
27588
27617
27655
27675
27696
27714
27742
27760
27777
27802
27834
27860
27886
27894
27904
27909
27920
27935
27947
27958
27969
27983
28003
28017
28021
28040
28050
28077
28109
28137
28166
28177
28190
28205
28215
28226
28234
28249
28257
28281
28294
28306
28322
28340
28347
28353
28356
28367
28370
28384
28388
28396
28398
28417
28433
28469
28505
28532
28552
28571
28585
28593
28604
28613
28621
28626
28637
28664
28675
28678
28681
28689
28695
28708
28713
28725
28734
28741
28746
28747
28753
28759
28764
28775
28791
28805
28816
28837
28866
28881
28900
28926
28937
28951
28957
28962
28982
28997
29016
29026
29045
29067
29096
29129
29155
29173
29194
29229
29264
29312
29355
29389
29413
29419
29424
29428
29433
29445
29449
29454
29459
29462
29466
29469
29472
29481
29489
29494
29499
29503
29509
29518
29524
29531
29533
29538
29539
29552
29568
29580
29586
29596
29611
29616
29616
29618
29622
29628
29631
29634
29637
29645
29655
29665
29670
29681
29689
29692
29698
29701
29706
29710
29713
29714
29715
29720
29722
29726
29737
29744
29748
29749
29750
29763
29775
29779
29782
29785
29792
29796
29800
29804
29804
29812
29814
29816
29819
29823
29829
29837
29837
29839
29842
29843
29843
29844
29844
29844
29844
29847
29852
29854
29856
29857
29861
29868
29876
29879
29880
29884
29885
29887
29889
29895
29898
29901
29902
29905
29921
29937
29957
29963
29968
29973
29973
29977
29979
29980
29982
29986
29988
29989
29990
29990
29990
29990
29990
29992
29992
29992
29993
29993
29996
29997
29997
