0
20
57
111
171
248
313
383
465
562
678
814
993
1202
1369
1560
1735
1908
2093
2272
2456
2610
2745
2882
3013
3131
3287
3416
3538
3639
3759
3855
3947
4051
4164
4283
4386
4486
4619
4721
4815
4921
5039
5135
5234
5328
5423
5521
5614
5681
5775
5871
5979
6072
6165
6260
6349
6456
6546
6631
6739
6830
6903
6986
7056
7142
7233
7311
7397
7445
7526
7592
7646
7730
7811
7877
7957
8031
8116
8204
8287
8380
8476
8574
8700
8805
8906
9012
9142
9263
9380
9513
9633
9764
9910
10034
10178
10335
10488
10636
10809
10981
11128
11250
11403
11557
11691
11857
11990
12155
12310
12475
12611
12746
12888
13020
13148
13251
13349
13458
13569
13664
13787
13890
13976
14085
14187
14280
14375
14475
14577
14646
14702
14769
14845
14916
14992
15083
15159
15242
15319
15416
15503
15578
15665
15756
15827
15895
15967
16036
16123
16198
16278
16350
16426
16512
16586
16659
16745
16827
16901
16980
17055
17119
17199
17253
17331
17398
17471
17534
17580
17635
17691
17748
17825
17874
17938
18006
18070
18165
18246
18315
18408
18479
18564
18626
18693
18762
18834
18901
18965
19025
19089
19154
19214
19268
19327
19392
19457
19519
19578
19641
19702
19765
19822
19881
19925
19981
20021
20081
20132
20186
20242
20286
20347
20393
20445
20493
20536
20584
20633
20696
20751
20805
20865
20920
20982
21043
21107
21155
21203
21247
21288
21329
21374
21414
21445
21479
21519
21555
21599
21649
21705
21761
21814
21851
21890
21931
21964
21998
22046
22093
22139
22173
22210
22257
22298
22346
22403
22425
22466
22509
22552
22597
22631
22672
22714
22760
22807
22840
22875
22910
22952
23002
23051
23085
23108
23140
23187
23229
23273
23310
23339
23378
23414
23462
23511
23543
23572
23603
23629
23666
23699
23740
23774
23805
23848
23890
23926
23955
23983
24016
24055
24096
24140
24170
24197
24240
24277
24324
24374
24430
24487
24535
24561
24592
24629
24670
24718
24782
24831
24862
24901
24938
24975
25016
25042
25054
25084
25113
25143
25174
25204
25238
25262
25285
25324
25361
25395
25416
25453
25488
25527
25568
25609
25636
25666
25703
25730
25769
25811
25854
25880
25913
25949
25990
26033
26075
26116
26148
26188
26217
26248
26284
26311
26337
26363
26410
26460
26494
26519
26568
26594
26626
26660
26696
26721
26748
26782
26809
26840
26872
26915
26947
26973
27001
27027
27060
27079
27103
27128
27162
27185
27205
27226
27251
27277
27305
27333
27352
27386
27403
27420
27436
27460
27487
27516
27545
27575
27593
27626
27649
27676
27698
27731
27758
27790
27806
27834
27868
27902
27942
27972
28008
28052
28086
28114
28149
28187
28213
28242
28273
28305
28326
28349
28362
28392
28423
28455
28485
28510
28539
28561
28603
28645
28687
28733
28759
28784
28800
28820
28846
28869
28898
28932
28962
28981
29008
29043
29068
29098
29137
29171
29189
29218
29240
29262
29284
29307
29336
29368
29397
29413
29447
29476
29508
29524
29544
29575
29584
29601
29623
29638
29657
29678
29694
29714
29748
29776
29803
29824
29846
29860
29877
29895
29912
29930
29950
29973
29990
