0 0
10 1
20 1
30 1
40 3
50 3
60 3
70 6
80 6
90 10
100 14
110 18
120 21
130 22
140 25
150 25
160 27
170 30
180 35
190 40
200 45
210 50
220 52
230 58
240 68
250 70
260 74
270 84
280 96
290 102
300 111
310 117
320 129
330 134
340 141
350 148
360 159
370 167
380 173
390 177
400 183
410 195
420 201
430 207
440 217
450 224
460 234
470 245
480 253
490 264
500 278
510 285
520 297
530 312
540 325
550 334
560 346
570 358
580 366
590 381
600 397
610 412
620 426
630 444
640 457
650 478
660 498
670 520
680 537
690 556
700 562
710 578
720 598
730 613
740 635
750 649
760 664
770 682
780 705
790 730
800 740
810 758
820 771
830 791
840 819
850 838
860 855
870 874
880 887
890 908
900 927
910 943
920 958
930 978
940 999
950 1028
960 1050
970 1063
980 1090
990 1113
1000 1131
1010 1157
1020 1180
1030 1204
1040 1226
1050 1251
1060 1277
1070 1298
1080 1327
1090 1347
1100 1370
1110 1399
1120 1423
1130 1450
1140 1478
1150 1501
1160 1524
1170 1560
1180 1596
1190 1624
1200 1656
1210 1693
1220 1730
1230 1760
1240 1794
1250 1825
1260 1848
1270 1870
1280 1901
1290 1943
1300 1975
1310 2005
1320 2039
1330 2068
1340 2099
1350 2134
1360 2163
1370 2202
1380 2232
1390 2261
1400 2299
1410 2337
1420 2375
1430 2416
1440 2448
1450 2479
1460 2516
1470 2559
1480 2598
1490 2645
1500 2689
1510 2719
1520 2753
1530 2787
1540 2817
1550 2857
1560 2898
1570 2940
1580 2981
1590 3033
1600 3071
1610 3110
1620 3138
1630 3179
1640 3230
1650 3271
1660 3303
1670 3335
1680 3388
1690 3435
1700 3473
1710 3518
1720 3556
1730 3598
1740 3635
1750 3676
1760 3705
1770 3733
1780 3777
1790 3820
1800 3858
1810 3898
1820 3943
1830 3985
1840 4022
1850 4072
1860 4122
1870 4166
1880 4215
1890 4245
1900 4292
1910 4330
1920 4374
1930 4421
1940 4460
1950 4506
1960 4557
1970 4612
1980 4656
1990 4695
2000 4744
2010 4785
2020 4838
2030 4879
2040 4934
2050 4979
2060 5034
2070 5087
2080 5134
2090 5190
2100 5251
2110 5300
2120 5353
2130 5395
2140 5457
2150 5504
2160 5553
2170 5600
2180 5657
2190 5716
2200 5770
2210 5821
2220 5874
2230 5929
2240 5993
2250 6039
2260 6085
2270 6147
2280 6215
2290 6265
2300 6317
2310 6376
2320 6436
2330 6495
2340 6557
2350 6605
2360 6656
2370 6700
2380 6757
2390 6827
2400 6878
2410 6937
2420 6995
2430 7064
2440 7116
2450 7178
2460 7241
2470 7302
2480 7366
2490 7428
2500 7486
2510 7535
2520 7608
2530 7678
2540 7738
2550 7797
2560 7857
2570 7917
2580 7980
2590 8043
2600 8112
2610 8174
2620 8230
2630 8283
2640 8348
2650 8411
2660 8475
2670 8541
2680 8622
2690 8696
2700 8762
2710 8816
2720 8885
2730 8956
2740 9031
2750 9094
2760 9172
2770 9245
2780 9326
2790 9387
2800 9454
2810 9505
2820 9578
2830 9656
2840 9723
2850 9796
2860 9862
2870 9930
2880 9997
2890 10069
2900 10123
2910 10200
2920 10265
2930 10340
2940 10418
2950 10485
2960 10561
2970 10654
2980 10715
2990 10780
3000 10841
3010 10913
3020 10999
3030 11065
3040 11163
3050 11226
3060 11288
3070 11360
3080 11428
3090 11510
3100 11577
3110 11645
3120 11715
3130 11793
3140 11862
3150 11924
3160 11997
3170 12081
3180 12172
3190 12275
3200 12350
3210 12439
3220 12513
3230 12582
3240 12665
3250 12743
3260 12839
3270 12902
3280 12981
3290 13065
3300 13140
3310 13218
3320 13297
3330 13382
3340 13470
3350 13554
3360 13641
3370 13725
3380 13789
3390 13867
3400 13943
3410 14037
3420 14119
3430 14195
3440 14277
3450 14342
3460 14401
3470 14497
3480 14581
3490 14678
3500 14774
3510 14851
3520 14922
3530 15015
3540 15092
3550 15172
3560 15240
3570 15326
3580 15434
3590 15508
3600 15592
3610 15680
3620 15782
3630 15875
3640 15962
3650 16050
3660 16130
3670 16201
3680 16270
3690 16347
3700 16438
3710 16539
3720 16630
3730 16726
3740 16813
3750 16904
3760 17000
3770 17084
3780 17187
3790 17282
3800 17368
3810 17456
3820 17543
3830 17621
3840 17711
3850 17797
3860 17904
3870 17987
3880 18096
3890 18201
3900 18300
3910 18386
3920 18492
3930 18581
3940 18700
3950 18804
3960 18918
3970 19013
3980 19103
3990 19199
4000 19305
4010 19388
4020 19492
4030 19600
4040 19692
4050 19787
4060 19878
4070 19985
4080 20091
4090 20184
4100 20285
4110 20390
4120 20488
4130 20584
4140 20666
4150 20752
4160 20856
4170 20959
4180 21054
4190 21145
4200 21244
4210 21358
4220 21447
4230 21536
4240 21629
4250 21726
4260 21834
4270 21947
4280 22063
4290 22166
4300 22260
4310 22363
4320 22464
4330 22571
4340 22672
4350 22766
4360 22867
4370 22970
4380 23082
4390 23174
4400 23273
4410 23375
4420 23485
4430 23603
4440 23708
4450 23811
4460 23923
4470 24027
4480 24129
4490 24231
4500 24352
4510 24446
4520 24558
4530 24671
4540 24770
4550 24874
4560 24995
4570 25105
4580 25209
4590 25308
4600 25423
4610 25546
4620 25639
4630 25764
4640 25891
4650 25992
4660 26094
4670 26204
4680 26322
4690 26438
4700 26541
4710 26634
4720 26750
4730 26861
4740 26962
4750 27065
4760 27170
4770 27295
4780 27410
4790 27515
4800 27617
4810 27739
4820 27852
4830 27972
4840 28098
4850 28225
4860 28342
4870 28460
4880 28604
4890 28712
4900 28816
4910 28933
4920 29047
4930 29165
4940 29295
4950 29403
4960 29514
4970 29647
4980 29771
4990 29889
