0
39
120
232
354
499
634
763
916
1064
1232
1408
1562
1717
1870
2007
2172
2308
2471
2625
2756
2890
3043
3179
3303
3434
3585
3742
3926
4056
4215
4381
4533
4667
4799
4936
5054
5173
5304
5429
5557
5684
5812
5935
6057
6169
6300
6415
6516
6636
6749
6878
6985
7093
7190
7281
7379
7507
7612
7735
7833
7962
8074
8177
8252
8350
8459
8584
8694
8818
8920
9013
9127
9229
9330
9447
9559
9651
9759
9884
10019
10132
10246
10347
10450
10556
10675
10759
10854
10934
11039
11139
11223
11337
11422
11527
11627
11738
11853
11963
12053
12150
12233
12315
12406
12501
12594
12674
12744
12827
12913
12979
13041
13118
13208
13288
13360
13450
13548
13637
13741
13813
13876
13943
14006
14079
14147
14202
14284
14370
14443
14515
14595
14662
14736
14818
14884
14969
15029
15105
15178
15260
15341
15436
15506
15572
15647
15726
15801
15901
15974
16042
16097
16153
16216
16292
16355
16434
16498
16551
16603
16658
16715
16765
16827
16894
16955
17019
17079
17158
17212
17280
17341
17406
17453
17510
17563
17622
17686
17736
17791
17856
17909
17977
18046
18112
18200
18264
18329
18399
18466
18523
18596
18653
18701
18760
18819
18872
18927
18981
19036
19094
19156
19215
19270
19331
19395
19440
19496
19555
19609
19677
19751
19809
19877
19918
19969
20020
20073
20127
20175
20226
20265
20319
20360
20403
20447
20488
20537
20587
20625
20667
20723
20760
20805
20869
20916
20982
21040
21101
21168
21228
21282
21347
21407
21470
21507
21556
21620
21677
21743
21800
21847
21894
21939
21993
22043
22079
22129
22176
22222
22266
22309
22347
22387
22441
22480
22518
22570
22628
22677
22728
22775
22820
22856
22887
22934
22968
23020
23066
23101
23140
23177
23217
23254
23300
23333
23363
23389
23409
23432
23462
23487
23522
23562
23607
23651
23687
23728
23760
23791
23826
23865
23895
23920
23956
23988
24023
24052
24092
24131
24165
24196
24233
24268
24295
24320
24353
24379
24416
24440
24454
24485
24512
24543
24585
24613
24629
24646
24675
24711
24744
24777
24810
24839
24867
24896
24932
24966
25001
25040
25065
25102
25135
25171
25218
25257
25304
25348
25394
25423
25455
25493
25535
25574
25614
25645
25675
25719
25746
25778
25809
25838
25873
25900
25926
25961
25992
26031
26063
26093
26129
26163
26191
26225
26255
26286
26318
26344
26381
26420
26445
26477
26507
26540
26588
26627
26672
26714
26751
26778
26820
26854
26884
26922
26967
27012
27058
27109
27156
27208
27251
27301
27346
27385
27428
27463
27502
27550
27591
27628
27650
27674
27705
27733
27766
27799
27835
27872
27910
27930
27953
27987
28016
28050
28089
28119
28160
28191
28211
28243
28279
28335
28378
28420
28449
28480
28512
28547
28574
28599
28631
28667
28689
28718
28735
28758
28789
28814
28839
28867
28890
28918
28939
28951
28974
28993
29019
29037
29072
29110
29135
29157
29173
29198
29228
29251
29270
29306
29332
29356
29385
29415
29442
29471
29505
29525
29554
29578
29605
29625
29650
29668
29693
29718
29734
29751
29770
29798
29817
29835
29846
29869
29894
29911
29927
29940
29955
29969
29988
