0
1
1
1
1
3
4
5
7
8
12
12
16
19
25
30
31
33
36
41
49
57
62
70
72
79
80
91
99
111
123
127
133
141
152
164
172
184
196
205
221
227
239
254
271
285
298
310
321
331
337
350
365
371
379
393
399
410
421
437
452
466
473
487
502
524
536
556
572
587
605
619
632
654
671
680
689
712
732
762
777
800
828
850
866
891
908
929
945
968
991
1018
1037
1059
1077
1099
1124
1154
1167
1195
1224
1257
1278
1307
1334
1357
1384
1401
1427
1445
1468
1489
1511
1541
1567
1600
1621
1658
1675
1698
1732
1765
1793
1826
1848
1879
1913
1944
1974
2010
2045
2084
2123
2151
2190
2222
2252
2288
2323
2355
2386
2422
2461
2491
2534
2571
2604
2642
2677
2710
2766
2799
2835
2877
2924
2954
3001
3036
3078
3112
3142
3178
3209
3237
3271
3307
3351
3381
3419
3468
3509
3549
3591
3631
3659
3703
3751
3784
3841
3884
3930
3964
4005
4049
4092
4137
4195
4234
4280
4336
4374
4418
4458
4516
4561
4606
4647
4690
4738
4781
4825
4882
4923
4966
5016
5071
5126
5173
5224
5279
5337
5384
5423
5472
5521
5581
5634
5688
5738
5786
5840
5898
5950
5997
6031
6079
6142
6186
6252
6306
6367
6429
6471
6522
6574
6643
6689
6753
6789
6852
6920
6983
7036
7093
7135
7194
7256
7320
7383
7431
7493
7548
7603
7659
7720
7786
7852
7914
7974
8027
8102
8159
8216
8280
8339
8411
8486
8543
8590
8646
8714
8769
8838
8906
8976
9032
9097
9168
9247
9320
9374
9433
9501
9558
9629
9693
9759
9854
9933
10011
10076
10152
10215
10297
10381
10454
10527
10605
10677
10758
10841
10931
11008
11081
11154
11217
11299
11370
11445
11519
11586
11660
11725
11790
11860
11923
11999
12078
12165
12254
12330
12395
12459
12537
12612
12688
12775
12858
12949
13032
13110
13193
13265
13358
13454
13539
13603
13686
13778
13845
13924
14001
14087
14167
14244
14332
14407
14499
14572
14654
14728
14796
14880
14976
15069
15159
15245
15321
15423
15507
15569
15646
15727
15794
15883
15982
16068
16157
16235
16323
16414
16528
16611
16702
16801
16927
17019
17104
17183
17276
17388
17476
17569
17656
17736
17817
17921
18009
18120
18218
18319
18417
18527
18612
18697
18794
18889
18972
19081
19184
19267
19344
19434
19541
19624
19714
19814
19924
20011
20112
20219
20324
20413
20510
20616
20714
20809
20897
20981
21081
21174
21266
21370
21481
21586
21676
21772
21868
21952
22065
22172
22288
22381
22509
22629
22732
22840
22945
23044
23144
23251
23353
23455
23552
23654
23738
23840
23964
24071
24170
24283
24399
24502
24609
24737
24859
24965
25051
25140
25260
25377
25476
25577
25690
25797
25903
26021
26150
26260
26360
26472
26572
26681
26789
26922
27041
27154
27273
27382
27520
27626
27739
27850
27982
28103
28215
28335
28445
28563
28687
28809
28914
29032
29163
29293
29409
29519
29640
29767
29885
