0
9
19
28
35
50
62
83
103
120
145
168
194
218
238
266
288
323
371
428
486
552
627
687
744
806
871
928
966
1010
1069
1139
1220
1291
1347
1414
1482
1551
1634
1710
1776
1835
1888
1949
2019
2075
2144
2220
2326
2439
2552
2685
2808
2930
3050
3143
3253
3382
3520
3638
3740
3838
3962
4089
4183
4263
4364
4479
4560
4653
4743
4862
4994
5105
5223
5342
5487
5623
5766
5901
6046
6214
6370
6530
6686
6839
6978
7120
7230
7328
7424
7523
7628
7717
7801
7879
7968
8051
8140
8248
8340
8441
8542
8635
8733
8827
8920
9010
9108
9190
9296
9398
9483
9574
9645
9740
9825
9903
9982
10058
10160
10246
10312
10377
10433
10522
10620
10693
10776
10868
10963
11074
11187
11304
11415
11531
11628
11712
11820
11912
12007
12112
12208
12269
12353
12447
12525
12615
12681
12766
12833
12902
12986
13053
13121
13190
13271
13351
13437
13510
13574
13672
13754
13859
13948
14037
14102
14155
14248
14332
14413
14485
14560
14624
14686
14741
14818
14871
14940
15002
15059
15121
15185
15245
15317
15387
15436
15521
15589
15657
15724
15803
15877
15954
16056
16129
16180
16250
16327
16398
16476
16558
16618
16709
16807
16884
16964
17049
17124
17215
17307
17410
17510
17633
17764
17898
18015
18123
18215
18299
18366
18452
18554
18654
18738
18817
18895
18952
19028
19106
19167
19219
19281
19338
19414
19492
19557
19611
19676
19735
19783
19834
19883
19952
20013
20083
20148
20214
20267
20321
20386
20440
20498
20569
20614
20671
20737
20806
20861
20917
20956
21008
21076
21128
21177
21225
21285
21347
21390
21442
21495
21559
21616
21669
21723
21764
21825
21870
21912
21965
22015
22059
22101
22143
22191
22247
22299
22321
22375
22416
22453
22495
22549
22589
22633
22672
22718
22769
22828
22880
22939
22993
23041
23086
23134
23182
23232
23277
23328
23360
23405
23449
23496
23527
23572
23610
23670
23709
23758
23799
23852
23892
23942
23980
24030
24075
24123
24170
24218
24279
24335
24394
24443
24476
24528
24593
24642
24700
24755
24790
24840
24888
24947
24996
25041
25078
25119
25161
25198
25243
25288
25355
25413
25463
25504
25543
25583
25626
25671
25711
25757
25783
25818
25856
25893
25935
25975
26010
26052
26084
26115
26156
26191
26234
26268
26309
26347
26379
26401
26437
26476
26513
26551
26581
26618
26662
26697
26728
26753
26779
26805
26831
26865
26906
26937
26970
26996
27022
27053
27077
27111
27141
27170
27198
27231
27265
27297
27326
27349
27379
27404
27429
27465
27495
27520
27542
27563
27595
27635
27670
27686
27709
27735
27761
27788
27827
27857
27893
27920
27941
27960
27996
28036
28077
28105
28145
28203
28250
28293
28343
28385
28420
28455
28488
28523
28549
28573
28608
28636
28664
28693
28709
28738
28757
28779
28800
28822
28837
28874
28904
28937
28969
28994
29031
29048
29070
29091
29119
29159
29197
29238
29281
29313
29342
29371
29407
29437
29461
29487
29521
29543
29570
29595
29631
29659
29685
29709
29730
29752
29766
29789
29813
29844
29877
29906
29924
29939
29957
29973
29991
