0
2
2
3
4
5
5
6
7
8
11
11
14
16
19
26
29
31
34
37
41
44
49
58
59
66
72
81
89
97
101
109
115
124
132
139
146
152
159
169
183
194
199
212
227
236
242
251
263
272
288
302
315
328
340
355
369
382
392
409
427
442
460
479
491
505
522
542
555
574
585
601
615
630
644
665
690
707
723
741
763
779
801
824
847
867
887
906
927
948
974
996
1018
1038
1051
1073
1092
1116
1134
1154
1177
1203
1227
1250
1280
1308
1330
1354
1377
1397
1425
1448
1475
1516
1535
1566
1596
1614
1647
1669
1700
1732
1760
1789
1810
1835
1880
1910
1949
1976
2004
2038
2066
2105
2137
2165
2196
2227
2250
2275
2314
2334
2369
2399
2446
2478
2508
2544
2568
2601
2640
2679
2711
2744
2777
2818
2863
2896
2936
2972
3007
3047
3086
3123
3161
3216
3262
3308
3345
3387
3429
3472
3503
3556
3603
3652
3700
3755
3798
3833
3869
3906
3947
3990
4033
4077
4123
4170
4211
4253
4298
4347
4390
4433
4475
4529
4578
4630
4679
4712
4765
4822
4866
4917
4961
5012
5069
5119
5165
5205
5250
5311
5365
5412
5460
5502
5548
5596
5637
5688
5731
5786
5831
5881
5941
5980
6040
6098
6155
6212
6270
6320
6378
6417
6470
6520
6584
6639
6699
6753
6812
6875
6926
6983
7031
7089
7148
7206
7267
7330
7403
7465
7521
7579
7643
7714
7784
7852
7918
7979
8034
8099
8161
8223
8287
8353
8422
8491
8552
8614
8691
8761
8824
8876
8941
9002
9073
9140
9212
9272
9337
9404
9483
9541
9607
9665
9714
9783
9861
9939
10013
10081
10139
10202
10278
10353
10419
10484
10550
10631
10695
10760
10827
10898
10972
11036
11100
11181
11252
11329
11389
11458
11535
11602
11677
11761
11849
11919
11975
12054
12131
12207
12282
12361
12452
12516
12587
12667
12743
12819
12899
12967
13059
13147
13222
13290
13380
13463
13550
13629
13703
13774
13842
13915
13996
14083
14177
14249
14341
14427
14514
14597
14686
14777
14869
14954
15045
15147
15227
15340
15422
15511
15598
15678
15768
15862
15951
16043
16128
16227
16316
16383
16483
16579
16671
16758
16850
16927
17020
17107
17200
17299
17399
17485
17583
17681
17774
17867
17969
18056
18164
18279
18368
18471
18574
18677
18784
18881
18977
19081
19166
19263
19384
19475
19575
19666
19761
19857
19971
20071
20190
20301
20402
20506
20603
20714
20811
20901
20995
21099
21210
21292
21396
21506
21606
21706
21806
21907
22019
22114
22226
22332
22433
22540
22640
22743
22841
22940
23031
23148
23255
23356
23469
23573
23666
23779
23898
24033
24138
24244
24347
24464
24562
24691
24800
24905
25011
25127
25250
25343
25456
25567
25666
25753
25861
25968
26076
26194
26282
26407
26515
26618
26730
26844
26961
27063
27172
27279
27391
27496
27616
27740
27846
27986
28114
28214
28344
28475
28576
28683
28807
28934
29046
29159
29290
29415
29529
29640
29742
29863
