0	0	0	0	0	0	0	0	0	0
1	1	1	1	1	1	2	1	1	1
1	4	1	2	1	2	4	2	1	1
2	4	2	4	1	2	4	5	1	1
4	4	4	6	3	2	5	5	1	2
4	4	4	6	5	2	5	6	2	4
7	7	7	10	6	5	8	7	2	4
9	13	10	10	8	7	9	8	5	6
11	14	11	14	10	8	14	8	5	8
17	16	14	17	14	11	17	10	5	11
19	18	18	18	20	14	20	12	8	11
26	25	22	22	24	16	22	18	8	12
28	29	24	24	25	21	24	21	9	17
33	34	27	27	27	25	32	24	17	20
35	37	30	30	31	29	38	27	23	26
40	40	36	34	33	37	43	31	26	33
45	45	41	35	37	42	51	36	27	39
57	48	44	42	38	43	54	45	32	46
63	52	54	45	45	43	62	48	33	53
67	55	60	51	49	51	65	51	38	60
69	67	66	57	55	58	70	56	48	72
72	75	70	67	59	61	80	63	52	79
76	80	77	73	68	68	84	72	62	84
85	89	86	79	74	81	89	75	70	88
88	98	91	84	84	87	97	85	75	95
92	104	99	86	90	97	106	94	80	102
100	109	107	92	97	103	110	97	87	112
105	115	118	101	101	107	118	102	96	120
111	126	124	113	106	114	126	107	108	131
116	135	130	121	117	122	134	114	111	146
121	144	136	130	129	128	144	123	116	155
130	148	146	139	135	137	154	137	126	159
134	159	151	148	142	144	163	141	139	172
147	162	159	158	150	158	179	149	151	177
161	176	167	172	162	168	189	157	157	187
167	183	181	180	171	177	199	167	165	190
178	191	192	190	184	189	212	174	172	198
187	196	200	197	194	195	222	180	187	208
196	206	208	205	204	207	229	191	203	216
209	219	224	215	210	219	241	202	212	227
219	227	230	223	222	228	250	214	218	243
230	235	236	235	233	237	266	222	232	261
244	241	248	245	243	245	279	233	243	274
259	247	256	254	253	254	294	244	247	285
271	258	266	266	260	266	308	260	257	297
282	274	275	277	276	280	320	268	266	307
293	287	286	288	285	293	336	282	276	319
308	299	296	305	299	306	347	293	294	327
317	308	310	324	312	317	362	306	312	339
326	316	324	335	329	333	376	321	319	353
340	326	337	350	345	350	383	336	326	366
366	343	355	370	363	363	393	348	338	379
382	355	372	384	377	387	409	360	352	393
397	370	386	393	389	393	419	370	366	407
408	382	408	416	401	407	438	388	386	421
419	396	420	427	415	417	456	408	398	436
434	411	441	445	429	432	473	420	415	452
450	425	458	457	448	454	494	436	430	472
470	442	473	473	466	469	507	450	440	488
484	462	484	484	485	489	523	463	460	507
511	480	503	496	500	501	537	480	478	520
533	491	520	515	517	514	548	492	502	533
550	508	540	538	537	527	566	512	521	551
563	528	562	560	559	542	586	528	540	564
575	540	576	578	576	559	603	547	561	588
597	564	593	598	590	576	627	566	578	608
612	581	620	618	601	590	639	585	592	632
629	601	641	635	620	610	653	601	609	652
647	621	661	647	641	625	669	622	625	669
665	643	678	674	665	642	683	640	651	681
688	659	700	695	684	665	704	666	674	701
709	679	718	713	707	679	728	685	695	724
728	700	737	746	730	701	752	699	708	742
743	721	754	767	755	715	774	719	725	765
761	741	774	783	772	729	793	738	748	787
789	754	791	801	795	745	814	754	761	803
811	775	810	824	815	776	842	775	783	828
831	787	839	840	835	791	865	799	811	847
848	807	857	861	858	811	892	826	828	873
873	824	886	887	880	836	908	851	843	892
894	845	906	903	900	861	926	875	870	910
918	867	925	921	920	885	946	895	888	926
936	889	942	954	941	903	970	924	902	946
961	911	962	978	967	926	999	942	919	964
986	927	995	1000	994	957	1023	968	948	989
1010	957	1023	1022	1017	978	1041	987	969	1003
1035	978	1040	1045	1037	1001	1063	1009	995	1025
1057	999	1067	1066	1069	1028	1081	1031	1019	1045
1086	1016	1087	1089	1097	1053	1108	1065	1044	1065
1112	1038	1106	1107	1118	1069	1141	1100	1064	1087
1136	1062	1129	1133	1153	1090	1158	1128	1089	1105
1164	1085	1147	1171	1177	1112	1180	1142	1101	1131
1179	1110	1174	1190	1205	1130	1211	1166	1129	1150
1206	1136	1196	1214	1227	1161	1231	1195	1152	1169
1229	1165	1228	1233	1246	1184	1249	1210	1185	1189
1252	1186	1253	1253	1266	1212	1275	1233	1209	1217
1283	1220	1288	1280	1293	1236	1305	1262	1237	1243
1301	1247	1311	1312	1313	1265	1334	1294	1261	1269
1330	1277	1334	1331	1338	1297	1372	1321	1285	1307
1356	1295	1373	1355	1370	1325	1394	1355	1312	1339
1386	1315	1392	1379	1406	1353	1413	1382	1343	1360
1432	1342	1417	1417	1433	1376	1446	1408	1383	1383
1470	1371	1450	1443	1455	1408	1472	1430	1407	1405
1501	1407	1477	1476	1471	1443	1496	1451	1440	1433
1527	1433	1506	1505	1513	1466	1530	1468	1465	1459
1555	1462	1536	1525	1539	1490	1559	1501	1493	1496
1586	1492	1551	1556	1580	1510	1589	1522	1527	1532
1613	1525	1584	1578	1608	1532	1620	1547	1559	1561
1646	1558	1614	1599	1631	1562	1656	1584	1587	1595
1671	1594	1630	1629	1655	1586	1680	1607	1618	1625
1702	1620	1667	1658	1683	1618	1717	1638	1649	1656
1731	1648	1696	1688	1715	1650	1741	1663	1677	1685
1762	1674	1728	1718	1740	1676	1769	1706	1706	1713
1792	1701	1764	1746	1776	1713	1808	1734	1741	1739
1820	1730	1796	1777	1812	1729	1834	1760	1769	1770
1849	1767	1827	1805	1847	1757	1862	1790	1802	1803
1880	1797	1867	1841	1879	1796	1892	1816	1841	1835
1910	1834	1891	1873	1922	1823	1932	1851	1876	1866
1946	1864	1912	1910	1956	1855	1964	1883	1896	1901
1976	1890	1938	1933	1989	1884	1997	1912	1943	1929
2012	1920	1961	1957	2021	1917	2030	1944	1978	1962
2030	1953	1988	1986	2049	1949	2057	1982	2012	2001
2058	1978	2023	2026	2082	1994	2081	2008	2060	2032
2087	2014	2061	2071	2111	2029	2116	2035	2096	2063
2109	2040	2094	2108	2135	2054	2140	2063	2138	2093
2140	2067	2126	2139	2161	2084	2171	2094	2183	2133
2174	2099	2160	2169	2199	2123	2204	2136	2217	2160
2199	2129	2191	2222	2233	2158	2243	2173	2245	2194
2232	2159	2230	2249	2267	2193	2288	2209	2272	2234
2267	2191	2258	2276	2291	2232	2322	2248	2312	2280
2296	2227	2290	2317	2332	2263	2347	2284	2347	2311
2330	2279	2319	2353	2370	2290	2377	2325	2378	2341
2368	2311	2353	2384	2414	2327	2415	2360	2411	2381
2411	2350	2383	2429	2445	2368	2451	2393	2432	2426
2449	2378	2428	2453	2484	2404	2491	2423	2462	2459
2483	2404	2474	2493	2523	2449	2529	2455	2500	2499
2519	2445	2515	2536	2557	2483	2561	2491	2525	2528
2556	2492	2546	2576	2610	2525	2597	2524	2554	2564
2599	2530	2576	2601	2657	2555	2636	2558	2594	2602
2641	2572	2607	2646	2692	2592	2664	2599	2633	2651
2675	2619	2648	2684	2729	2640	2698	2638	2675	2676
2722	2664	2687	2713	2765	2670	2735	2664	2703	2722
2757	2709	2717	2749	2809	2709	2769	2699	2739	2765
2794	2746	2764	2778	2850	2737	2807	2739	2781	2814
2833	2783	2790	2816	2899	2780	2849	2783	2819	2850
2861	2826	2822	2847	2938	2806	2891	2814	2864	2895
2899	2869	2856	2883	2979	2847	2916	2858	2915	2944
2931	2908	2894	2914	3024	2876	2968	2895	2946	2983
2967	2943	2930	2960	3079	2918	3003	2938	2984	3010
3015	2978	2955	2996	3122	2960	3044	2986	3022	3053
3061	3034	2987	3050	3171	2991	3104	3017	3063	3088
3108	3069	3027	3086	3214	3031	3147	3053	3109	3133
3155	3111	3064	3114	3255	3064	3183	3097	3151	3169
3204	3153	3105	3152	3293	3101	3220	3140	3193	3207
3253	3186	3154	3185	3332	3138	3262	3179	3235	3247
3289	3234	3189	3236	3373	3182	3305	3206	3266	3279
3345	3280	3231	3275	3412	3230	3349	3248	3310	3319
3392	3320	3260	3320	3457	3270	3385	3287	3348	3375
3422	3360	3300	3349	3505	3304	3436	3329	3385	3412
3467	3398	3322	3384	3556	3351	3477	3361	3429	3457
3502	3447	3370	3421	3594	3396	3513	3398	3473	3501
3537	3499	3420	3469	3624	3433	3555	3452	3524	3545
3576	3539	3470	3507	3662	3469	3588	3493	3575	3600
3616	3587	3510	3552	3708	3510	3635	3558	3610	3641
3659	3622	3559	3607	3753	3549	3693	3594	3642	3683
3689	3666	3598	3633	3795	3591	3738	3634	3692	3723
3728	3706	3639	3696	3840	3626	3792	3689	3743	3779
3779	3757	3677	3731	3883	3668	3829	3728	3792	3815
3827	3812	3719	3766	3934	3699	3871	3770	3830	3853
3873	3870	3767	3808	3988	3745	3918	3830	3872	3894
3913	3912	3814	3860	4037	3790	3968	3865	3921	3942
3955	3956	3857	3920	4081	3829	4022	3901	3973	3981
3993	4003	3904	3971	4133	3867	4069	3941	4011	4030
4042	4042	3954	4030	4185	3911	4112	3990	4052	4071
4085	4088	3999	4070	4218	3965	4167	4031	4102	4107
4131	4121	4036	4108	4260	4006	4215	4071	4151	4146
4170	4172	4066	4153	4301	4063	4265	4115	4195	4183
4218	4226	4104	4195	4355	4110	4308	4158	4237	4222
4269	4274	4147	4217	4404	4161	4352	4196	4280	4266
4323	4318	4199	4267	4456	4206	4390	4246	4336	4312
4365	4354	4239	4318	4487	4250	4445	4300	4391	4354
4419	4406	4288	4366	4532	4296	4491	4337	4439	4399
4466	4447	4334	4430	4580	4342	4536	4376	4478	4448
4512	4487	4383	4474	4622	4388	4590	4430	4524	4505
4555	4527	4432	4515	4682	4447	4640	4482	4564	4569
4602	4571	4479	4553	4735	4494	4697	4524	4612	4621
4654	4610	4526	4599	4790	4543	4739	4570	4662	4673
4709	4664	4576	4634	4842	4595	4795	4613	4715	4724
4759	4715	4632	4681	4892	4638	4846	4661	4757	4768
4813	4746	4694	4733	4949	4694	4902	4709	4820	4808
4876	4799	4741	4779	4998	4748	4957	4762	4871	4849
4931	4835	4796	4837	5046	4798	5008	4814	4924	4893
4980	4886	4852	4867	5093	4855	5061	4881	4974	4951
5032	4934	4904	4912	5141	4903	5113	4938	5020	5002
5104	4989	4967	4959	5186	4956	5158	4995	5082	5053
5152	5043	5012	5016	5236	5011	5208	5050	5148	5112
5199	5100	5071	5075	5286	5062	5256	5099	5192	5168
5257	5151	5117	5136	5329	5118	5302	5133	5255	5211
5297	5204	5179	5182	5386	5159	5360	5187	5308	5268
5347	5257	5237	5247	5437	5222	5413	5253	5351	5312
5392	5307	5285	5287	5482	5289	5455	5307	5405	5351
5446	5375	5329	5341	5552	5349	5495	5358	5450	5411
5497	5436	5384	5386	5597	5404	5548	5432	5505	5464
5554	5485	5439	5450	5653	5448	5603	5485	5556	5512
5606	5540	5490	5512	5701	5516	5654	5536	5616	5554
5661	5586	5550	5569	5759	5573	5708	5596	5664	5600
5718	5644	5591	5609	5810	5628	5773	5642	5714	5645
5769	5696	5640	5667	5856	5687	5817	5704	5775	5709
5820	5758	5684	5727	5921	5748	5878	5755	5848	5771
5870	5807	5734	5779	5972	5794	5929	5801	5897	5822
5913	5865	5792	5840	6034	5849	5988	5846	5955	5886
5964	5925	5847	5892	6095	5904	6042	5897	6007	5952
6017	5968	5901	5950	6150	5962	6091	5965	6058	6004
6076	6040	5970	6021	6209	6023	6158	6017	6117	6059
6145	6105	6029	6080	6254	6067	6220	6078	6168	6125
6217	6144	6076	6136	6314	6123	6266	6131	6218	6183
6275	6195	6143	6198	6371	6173	6318	6186	6274	6248
6320	6247	6196	6258	6425	6223	6361	6242	6325	6314
6370	6295	6254	6316	6473	6268	6419	6302	6368	6370
6424	6345	6315	6361	6525	6323	6473	6366	6425	6430
6474	6396	6361	6410	6579	6386	6525	6431	6470	6497
6532	6439	6413	6454	6625	6443	6580	6483	6529	6550
6592	6504	6463	6509	6695	6506	6638	6544	6582	6608
6647	6555	6521	6572	6753	6563	6694	6616	6645	6676
6697	6620	6579	6621	6806	6622	6750	6671	6709	6732
6766	6660	6641	6669	6860	6693	6818	6740	6772	6802
6819	6709	6699	6726	6914	6758	6878	6814	6831	6861
6882	6754	6747	6787	6969	6833	6944	6863	6905	6919
6933	6818	6801	6838	7024	6897	7016	6923	6969	6972
6982	6889	6847	6901	7083	6954	7079	6980	7028	7042
7041	6960	6927	6961	7155	7018	7140	7043	7086	7116
7096	7026	6979	7017	7206	7082	7197	7113	7141	7184
7148	7075	7020	7085	7264	7167	7257	7178	7202	7225
7204	7132	7080	7153	7326	7226	7307	7238	7258	7290
7266	7167	7142	7210	7394	7282	7366	7289	7296	7355
7322	7220	7218	7276	7464	7344	7423	7342	7357	7421
7384	7279	7268	7334	7533	7400	7493	7403	7427	7482
7442	7343	7329	7396	7590	7458	7547	7468	7493	7537
7503	7401	7388	7466	7639	7510	7602	7549	7546	7600
7571	7457	7457	7534	7726	7584	7659	7600	7598	7669
7619	7520	7507	7592	7789	7626	7726	7662	7649	7753
7698	7571	7565	7651	7858	7691	7787	7721	7716	7811
7752	7611	7613	7716	7919	7759	7840	7769	7774	7896
7815	7669	7671	7775	7973	7808	7895	7832	7847	7964
7879	7729	7732	7833	8032	7866	7956	7891	7906	8011
7944	7787	7800	7889	8096	7935	8015	7956	7963	8075
8006	7841	7871	7958	8172	8003	8074	8011	8017	8129
8068	7904	7950	8024	8228	8072	8130	8081	8072	8196
8132	7978	8007	8090	8285	8141	8191	8132	8127	8253
8194	8048	8069	8160	8340	8191	8255	8195	8195	8317
8254	8110	8136	8227	8407	8263	8317	8249	8250	8374
8322	8176	8191	8295	8482	8323	8371	8303	8309	8437
8387	8250	8248	8349	8549	8392	8449	8357	8383	8503
8455	8319	8305	8403	8619	8447	8517	8403	8457	8561
8515	8386	8358	8477	8690	8532	8594	8472	8516	8621
8586	8450	8432	8546	8750	8598	8662	8539	8583	8691
8665	8512	8479	8626	8819	8664	8734	8603	8652	8752
8748	8572	8551	8691	8878	8735	8814	8663	8719	8809
8813	8637	8613	8757	8945	8798	8887	8740	8787	8869
8860	8700	8681	8819	9016	8853	8948	8788	8856	8922
8928	8744	8746	8893	9085	8912	9014	8862	8925	8991
8997	8806	8824	8966	9152	8972	9081	8933	8998	9058
9064	8883	8889	9034	9210	9042	9149	8997	9074	9121
9129	8960	8963	9113	9270	9102	9222	9067	9133	9179
9181	9015	9042	9172	9337	9162	9278	9145	9208	9248
9252	9080	9113	9245	9401	9230	9341	9211	9287	9327
9313	9138	9190	9316	9481	9305	9414	9267	9346	9395
9380	9223	9262	9372	9557	9365	9473	9335	9405	9444
9445	9304	9333	9452	9622	9425	9540	9420	9476	9513
9498	9380	9404	9523	9693	9497	9595	9500	9537	9593
9564	9454	9467	9595	9758	9572	9667	9569	9599	9657
9624	9526	9534	9661	9825	9647	9728	9647	9662	9706
9701	9604	9597	9740	9905	9734	9820	9707	9738	9779
9770	9683	9659	9814	9972	9795	9894	9777	9813	9864
9836	9755	9723	9882	10040	9866	9964	9860	9896	9931
9894	9820	9779	9938	10106	9931	10027	9919	9970	10003
9968	9884	9841	10002	10171	9985	10099	9982	10041	10071
10039	9947	9906	10082	10234	10053	10166	10040	10107	10138
10099	10015	9978	10158	10309	10129	10234	10108	10172	10210
10176	10088	10039	10222	10379	10197	10305	10168	10249	10280
10252	10158	10098	10295	10450	10262	10370	10235	10321	10340
10326	10232	10170	10371	10527	10328	10434	10311	10386	10400
10398	10303	10251	10439	10609	10398	10513	10370	10455	10466
10457	10363	10326	10505	10674	10466	10578	10443	10527	10545
10523	10431	10386	10584	10757	10549	10647	10502	10616	10627
10595	10510	10453	10648	10825	10611	10735	10569	10694	10695
10666	10582	10517	10734	10885	10684	10798	10641	10757	10762
10727	10646	10606	10797	10967	10753	10872	10711	10832	10813
10795	10720	10682	10870	11044	10833	10951	10781	10900	10893
10859	10795	10761	10944	11114	10898	11028	10861	10976	10956
10930	10856	10847	11012	11195	10978	11109	10932	11041	11013
10992	10925	10938	11068	11261	11062	11197	11005	11107	11078
11059	11000	11012	11126	11322	11122	11258	11059	11195	11158
11134	11061	11091	11189	11391	11205	11337	11135	11257	11234
11204	11137	11154	11255	11461	11281	11390	11197	11332	11294
11296	11216	11230	11328	11524	11361	11472	11272	11409	11359
11370	11281	11309	11395	11604	11434	11543	11339	11495	11421
11465	11353	11397	11464	11686	11522	11611	11421	11564	11490
11555	11414	11472	11538	11779	11594	11686	11490	11642	11569
11628	11492	11544	11612	11845	11661	11763	11560	11724	11622
11711	11581	11618	11686	11925	11734	11854	11621	11799	11701
11783	11667	11707	11761	12005	11824	11935	11696	11865	11767
11860	11734	11775	11834	12094	11894	12029	11774	11930	11848
11935	11792	11845	11916	12167	11961	12096	11848	11997	11915
12013	11884	11931	11988	12246	12045	12173	11924	12075	12001
12098	11954	12010	12059	12328	12123	12249	12006	12153	12086
12158	12035	12089	12145	12390	12211	12327	12088	12221	12164
12238	12111	12167	12223	12455	12292	12413	12163	12307	12221
12304	12184	12247	12302	12529	12374	12473	12239	12382	12296
12391	12252	12326	12388	12612	12463	12559	12317	12461	12370
12455	12334	12389	12474	12681	12542	12625	12388	12546	12458
12528	12422	12464	12531	12752	12638	12706	12480	12620	12536
12603	12497	12557	12607	12832	12711	12775	12572	12688	12607
12671	12582	12632	12685	12910	12793	12856	12639	12774	12670
12754	12654	12702	12769	12990	12874	12945	12722	12850	12755
12832	12729	12785	12852	13075	12954	13017	12799	12929	12822
12920	12819	12863	12946	13144	13036	13085	12877	13010	12911
13000	12897	12952	13011	13221	13111	13164	12973	13106	12985
13075	12979	13040	13074	13304	13178	13251	13052	13198	13054
13135	13049	13115	13147	13382	13263	13322	13135	13260	13141
13228	13143	13207	13227	13450	13338	13406	13229	13329	13214
13290	13226	13284	13303	13540	13431	13491	13316	13412	13300
13377	13319	13366	13380	13612	13531	13572	13389	13495	13386
13457	13404	13433	13455	13695	13604	13645	13472	13553	13452
13533	13476	13528	13536	13770	13703	13734	13562	13646	13517
13622	13562	13611	13620	13860	13781	13823	13637	13716	13584
13713	13638	13696	13703	13950	13872	13890	13722	13791	13667
13790	13718	13810	13790	14025	13970	13960	13797	13884	13764
13867	13805	13894	13866	14087	14041	14036	13866	13960	13842
13955	13888	13959	13952	14167	14113	14115	13930	14045	13918
14040	13959	14051	14036	14244	14214	14194	13995	14145	14017
14106	14034	14138	14113	14312	14290	14271	14080	14216	14103
14190	14108	14215	14202	14385	14370	14353	14158	14293	14197
14274	14188	14303	14273	14478	14448	14423	14240	14364	14288
14359	14279	14377	14350	14578	14528	14508	14313	14444	14369
14461	14372	14461	14413	14651	14597	14590	14396	14536	14444
14541	14441	14528	14481	14740	14691	14670	14480	14598	14517
14632	14523	14610	14565	14805	14783	14747	14557	14663	14610
14706	14605	14680	14647	14889	14867	14827	14640	14752	14689
14803	14685	14751	14728	14981	14941	14903	14726	14842	14770
14872	14760	14833	14802	15071	15007	14984	14806	14928	14859
14976	14844	14921	14898	15151	15089	15059	14868	14989	14952
15060	14930	14997	14985	15244	15165	15143	14949	15070	15036
15119	15012	15074	15074	15331	15247	15224	15022	15149	15117
15193	15098	15162	15161	15431	15335	15316	15105	15218	15197
15283	15180	15242	15244	15515	15404	15382	15181	15323	15275
15363	15257	15326	15314	15592	15497	15448	15257	15421	15348
15443	15346	15410	15401	15667	15581	15516	15337	15502	15425
15519	15438	15491	15493	15742	15664	15608	15422	15576	15516
15608	15536	15574	15576	15834	15752	15700	15512	15663	15604
15687	15618	15648	15656	15921	15849	15765	15593	15743	15681
15770	15700	15741	15740	15985	15938	15854	15674	15827	15772
15851	15777	15817	15818	16065	16017	15945	15749	15908	15862
15936	15866	15908	15916	16160	16104	16025	15836	15983	15938
16039	15954	15988	15999	16242	16187	16116	15931	16062	16040
16135	16038	16080	16072	16324	16284	16200	16003	16142	16127
16211	16106	16163	16157	16399	16377	16269	16090	16248	16211
16304	16192	16257	16240	16474	16466	16352	16190	16340	16307
16394	16272	16336	16331	16556	16572	16443	16274	16436	16383
16489	16362	16422	16415	16641	16660	16525	16362	16515	16473
16588	16453	16514	16515	16728	16748	16611	16443	16587	16543
16680	16541	16597	16608	16799	16825	16691	16525	16681	16629
16760	16620	16688	16684	16876	16908	16773	16616	16773	16723
16841	16705	16777	16778	16967	16993	16844	16707	16840	16802
16927	16782	16850	16859	17048	17081	16931	16798	16918	16889
17013	16878	16939	16940	17130	17164	17018	16876	17005	16964
17086	16949	17031	17032	17218	17253	17109	16953	17114	17052
17171	17030	17120	17114	17306	17357	17200	17044	17212	17136
17266	17102	17201	17198	17407	17437	17272	17129	17315	17229
17361	17194	17291	17275	17490	17512	17364	17219	17391	17317
17467	17281	17372	17368	17595	17597	17449	17317	17481	17397
17555	17397	17469	17457	17700	17672	17535	17406	17572	17492
17650	17489	17552	17548	17804	17762	17622	17497	17654	17576
17739	17585	17652	17627	17884	17869	17707	17591	17742	17659
17822	17651	17738	17708	17972	17948	17796	17673	17825	17756
17905	17746	17822	17797	18067	18025	17896	17772	17916	17844
17993	17811	17922	17895	18165	18121	17992	17860	18001	17923
18096	17891	18015	17997	18252	18206	18084	17949	18092	18010
18191	17981	18113	18088	18335	18295	18178	18029	18189	18099
18281	18077	18192	18182	18428	18380	18265	18114	18275	18184
18366	18154	18277	18270	18519	18458	18359	18209	18380	18253
18444	18237	18371	18349	18595	18560	18438	18293	18461	18362
18521	18321	18470	18435	18678	18656	18546	18386	18547	18440
18605	18417	18562	18535	18766	18737	18632	18481	18650	18537
18699	18505	18646	18628	18842	18838	18727	18572	18736	18629
18788	18602	18728	18730	18945	18929	18826	18643	18828	18737
18886	18694	18828	18809	19032	19024	18918	18734	18905	18825
18988	18782	18923	18919	19125	19103	19003	18819	18995	18906
19070	18874	19019	19015	19215	19188	19079	18906	19103	19003
19163	18950	19110	19109	19302	19264	19159	18995	19199	19100
19242	19038	19204	19202	19373	19354	19245	19082	19293	19190
19316	19130	19296	19281	19465	19435	19335	19168	19380	19283
19408	19221	19387	19364	19553	19540	19435	19264	19475	19362
19504	19318	19484	19449	19647	19629	19516	19370	19576	19465
19588	19423	19566	19531	19729	19729	19606	19470	19674	19558
19679	19528	19654	19628	19817	19810	19707	19544	19759	19640
19771	19631	19743	19727	19903	19902	19806	19630	19844	19730
19859	19732	19824	19829	19994	19997	19898	19714	19941	19816
19936	19826	19895	19930	20074	20071	19985	19813	20032	19931
20036	19916	19986	20004	20169	20157	20086	19917	20111	20015
20127	20019	20058	20102	20263	20251	20178	19990	20204	20103
20227	20106	20169	20188	20350	20333	20291	20092	20285	20181
20326	20189	20264	20286	20434	20429	20390	20193	20363	20278
20432	20300	20361	20380	20525	20509	20474	20292	20463	20367
20512	20371	20460	20472	20622	20612	20563	20401	20570	20457
20610	20456	20572	20577	20708	20701	20658	20497	20670	20567
20689	20552	20659	20668	20821	20782	20749	20594	20750	20666
20797	20654	20757	20747	20906	20908	20856	20686	20828	20765
20894	20746	20849	20828	20999	20993	20957	20784	20922	20848
20988	20859	20938	20911	21095	21076	21052	20874	21006	20917
21077	20950	21014	21021	21196	21182	21133	20983	21116	21016
21164	21050	21100	21119	21290	21277	21228	21082	21208	21098
21248	21143	21203	21210	21379	21371	21328	21166	21313	21182
21343	21241	21294	21286	21470	21475	21416	21255	21409	21285
21431	21331	21387	21380	21569	21583	21516	21346	21505	21384
21505	21421	21481	21499	21678	21692	21635	21430	21596	21492
21615	21511	21559	21595	21775	21769	21729	21542	21682	21587
21715	21606	21662	21692	21858	21862	21818	21646	21780	21683
21813	21688	21752	21784	21951	21962	21909	21729	21884	21782
21915	21782	21842	21876	22043	22066	21991	21812	21971	21884
22022	21889	21940	21980	22125	22171	22096	21907	22046	21975
22110	21989	22036	22096	22216	22275	22185	22010	22136	22072
22200	22074	22143	22182	22308	22365	22282	22112	22237	22161
22292	22156	22250	22267	22411	22455	22386	22195	22328	22256
22381	22248	22358	22373	22504	22548	22478	22293	22421	22350
22472	22359	22448	22466	22615	22634	22572	22393	22506	22453
22565	22452	22554	22559	22714	22726	22681	22489	22605	22554
22667	22545	22653	22654	22818	22845	22795	22596	22683	22644
22767	22641	22754	22755	22910	22940	22905	22688	22788	22749
22868	22740	22853	22856	22993	23049	22989	22801	22874	22850
22973	22834	22956	22944	23081	23137	23089	22918	22945	22940
23071	22936	23059	23051	23159	23222	23185	23028	23048	23040
23172	23039	23148	23145	23246	23304	23281	23120	23138	23127
23269	23138	23244	23244	23340	23388	23369	23221	23226	23212
23354	23235	23341	23334	23427	23477	23465	23313	23330	23316
23464	23345	23439	23421	23513	23588	23550	23404	23430	23419
23556	23448	23535	23536	23611	23682	23655	23498	23525	23512
23661	23549	23643	23627	23709	23767	23771	23589	23645	23607
23757	23658	23719	23720	23802	23866	23871	23677	23732	23690
23853	23731	23826	23815	23915	23963	23979	23768	23849	23773
23941	23810	23925	23903	24006	24059	24072	23867	23955	23886
24035	23897	24027	24020	24101	24153	24151	23963	24041	23973
24137	24006	24133	24120	24183	24260	24245	24046	24133	24055
24236	24105	24229	24210	24279	24361	24343	24149	24222	24160
24343	24210	24314	24311	24377	24472	24447	24239	24328	24260
24448	24313	24420	24417	24473	24576	24547	24321	24421	24335
24550	24424	24529	24500	24559	24675	24645	24420	24532	24425
24657	24513	24617	24595	24655	24772	24734	24527	24653	24532
24755	24622	24730	24684	24769	24871	24832	24636	24758	24632
24861	24713	24842	24791	24850	24963	24909	24738	24860	24712
24965	24805	24943	24878	24954	25035	25004	24837	24938	24803
25062	24900	25049	24987	25057	25140	25106	24929	25042	24900
25188	25001	25131	25088	25143	25236	25207	25039	25134	25029
25293	25084	25236	25205	25246	25335	25308	25153	25246	25134
25389	25173	25333	25312	25352	25433	25417	25251	25340	25261
25490	25266	25435	25415	25458	25550	25525	25353	25436	25344
25591	25371	25511	25512	25551	25659	25618	25450	25523	25434
25702	25471	25620	25628	25654	25766	25707	25578	25630	25537
25791	25582	25707	25743	25744	25856	25805	25674	25726	25654
25904	25686	25791	25849	25835	25947	25902	25766	25832	25762
25979	25789	25879	25942	25930	26040	25993	25859	25945	25877
26075	25888	25972	26034	26028	26156	26097	25946	26030	25980
26180	25985	26085	26129	26125	26245	26196	26058	26119	26092
26262	26088	26193	26229	26222	26348	26293	26168	26225	26198
26342	26188	26286	26322	26331	26437	26380	26251	26331	26279
26429	26294	26401	26423	26436	26538	26481	26354	26439	26396
26514	26394	26494	26531	26538	26615	26583	26459	26531	26492
26612	26507	26592	26629	26636	26713	26670	26557	26638	26599
26712	26623	26697	26735	26738	26802	26758	26650	26756	26700
26792	26736	26811	26825	26840	26904	26877	26751	26847	26805
26894	26843	26926	26939	26960	27001	26967	26850	26939	26918
26995	26928	27036	27049	27048	27107	27056	26954	27040	27011
27088	27033	27133	27167	27156	27198	27168	27054	27140	27116
27207	27133	27227	27265	27266	27281	27263	27157	27243	27197
27305	27253	27322	27381	27336	27382	27377	27268	27340	27296
27414	27372	27439	27493	27440	27500	27480	27360	27451	27413
27511	27471	27533	27591	27548	27606	27581	27461	27541	27512
27610	27592	27636	27697	27656	27716	27670	27560	27650	27622
27711	27711	27739	27788	27756	27817	27763	27656	27762	27734
27818	27804	27833	27890	27856	27922	27836	27774	27860	27831
27913	27937	27926	27978	27980	28024	27930	27891	27961	27944
28026	28040	28032	28097	28084	28131	28016	27998	28057	28041
28126	28125	28130	28188	28184	28226	28125	28099	28174	28148
28233	28233	28216	28291	28282	28320	28257	28228	28279	28251
28333	28362	28329	28399	28395	28406	28356	28325	28385	28354
28427	28482	28412	28497	28499	28499	28456	28433	28474	28456
28533	28573	28517	28603	28600	28610	28544	28535	28571	28546
28640	28660	28613	28706	28696	28716	28635	28638	28682	28646
28731	28768	28717	28802	28812	28793	28752	28741	28764	28753
28838	28868	28825	28894	28907	28870	28857	28850	28852	28857
28951	28974	28918	29004	29012	28986	28963	28966	28965	28967
29062	29047	29029	29116	29104	29090	29066	29075	29062	29076
29140	29163	29137	29195	29191	29200	29178	29187	29152	29195
29240	29273	29257	29303	29305	29304	29283	29290	29254	29291
29360	29383	29352	29394	29397	29409	29393	29393	29370	29384
29468	29488	29458	29497	29489	29497	29502	29495	29465	29476
29570	29576	29569	29599	29574	29606	29598	29589	29558	29583
29676	29680	29682	29703	29678	29709	29710	29703	29668	29711
29773	29797	29791	29806	29793	29803	29799	29808	29787	29800
29891	29895	29903	29900	29887	29901	29898	29909	29895	29901
