0
45
167
359
603
863
1184
1503
1854
2202
2564
2965
3372
3742
4095
4395
4769
5087
5412
5711
6029
6333
6678
6978
7277
7530
7725
7922
8124
8316
8472
8631
8778
8992
9195
9406
9559
9687
9790
9892
9977
10070
10170
10244
10321
10457
10562
10668
10760
10854
10968
11089
11207
11322
11400
11476
11571
11689
11772
11864
11963
12059
12158
12258
12357
12483
12604
12734
12851
12957
13069
13204
13349
13492
13685
13894
14134
14373
14629
14864
15118
15332
15483
15658
15854
16051
16233
16427
16593
16707
16831
16959
17078
17259
17418
17594
17737
17863
17991
18099
18172
18240
18316
18376
18441
18502
18568
18626
18692
18755
18810
18863
18908
18969
19023
19080
19123
19172
19236
19302
19346
19395
19444
19482
19536
19577
19619
19665
19688
19709
19728
19752
19786
19882
19977
20075
20176
20272
20318
20375
20453
20517
20563
20601
20651
20716
20776
20821
20886
20944
21016
21067
21099
21117
21142
21169
21184
21210
21234
21264
21310
21350
21375
21403
21424
21441
21459
21480
21497
21525
21571
21607
21642
21665
21683
21699
21723
21741
21753
21771
21779
21793
21810
21832
21852
21872
21893
21918
21936
21955
21985
22007
22019
22035
22045
22062
22087
22115
22157
22192
22244
22291
22332
22358
22370
22382
22393
22402
22418
22427
22442
22453
22465
22481
22502
22530
22547
22572
22585
22607
22637
22661
22690
22713
22753
22792
22833
22853
22884
22898
22930
22951
22971
22992
23024
23050
23063
23090
23115
23142
23167
23203
23255
23311
23392
23453
23509
23563
23625
23701
23793
23908
24050
24182
24319
24430
24642
24802
24971
25169
25339
25541
25735
25925
26099
26222
26352
26475
26623
26738
26821
26911
27002
27080
27154
27211
27272
27295
27336
27374
27419
27461
27519
27569
27612
27645
27685
27721
27763
27809
27836
27868
27906
27938
27962
27990
28005
28016
28031
28050
28085
28122
28159
28190
28217
28236
28258
28283
28320
28363
28387
28398
28419
28444
28463
28479
28496
28511
28530
28542
28558
28579
28584
28602
28614
28630
28650
28678
28713
28733
28739
28749
28755
28761
28773
28783
28794
28812
28822
28828
28832
28844
28851
28856
28861
28875
28886
28899
28945
28972
28981
28989
28997
29000
29007
29009
29020
29034
29041
29049
29056
29072
29088
29097
29106
29124
29154
29166
29178
29192
29200
29212
29222
29232
29238
29245
29253
29255
29265
29268
29270
29276
29283
29288
29291
29296
29303
29308
29316
29322
29330
29336
29340
29345
29354
29369
29376
29380
29384
29389
29400
29414
29425
29433
29438
29445
29455
29458
29469
29473
29476
29483
29492
29497
29508
29530
29554
29576
29590
29605
29616
29616
29619
29623
29629
29638
29649
29652
29656
29659
29665
29677
29685
29688
29688
29694
29695
29698
29704
29709
29712
29720
29735
29744
29746
29750
29753
29754
29758
29768
29771
29773
29776
29791
29800
29808
29810
29813
29816
29822
29825
29826
29829
29831
29832
29843
29858
29874
29880
29892
29899
29909
29917
29921
29927
29931
29936
29939
29942
29945
29946
29948
29948
29952
29954
29957
29959
29962
29968
29968
29969
29972
29974
29975
29979
29981
29982
29985
29988
29995
