0	0	0	0	0	0	0	0	0	0
5	2	2	1	1	2	1	2	1	1
7	3	2	1	2	4	2	2	3	2
8	7	5	6	3	7	4	3	3	2
8	7	6	11	3	9	7	4	6	2
8	11	8	12	6	10	11	7	6	3
8	13	9	16	8	15	16	9	8	6
11	17	12	20	12	20	18	13	11	9
11	19	15	23	15	24	19	15	14	10
12	27	21	25	19	30	25	17	14	13
13	29	28	30	24	35	31	23	18	18
18	37	33	30	31	42	34	26	23	25
22	40	38	36	36	44	39	28	28	30
25	53	44	43	42	46	48	31	30	30
31	55	52	49	44	52	53	32	37	35
32	57	57	53	46	57	60	38	42	39
35	61	62	57	51	61	65	39	43	44
40	70	74	62	55	66	75	45	57	51
48	75	82	77	63	75	79	54	66	55
52	84	92	84	74	82	87	60	72	62
56	90	103	91	85	86	97	66	79	69
63	100	114	101	91	94	103	70	86	79
73	108	123	111	98	97	115	77	97	90
80	117	130	118	109	106	123	85	107	100
86	129	141	122	120	117	132	94	114	111
96	136	150	131	124	123	140	104	123	116
105	155	158	142	135	135	155	118	132	126
113	162	168	153	149	144	163	129	139	138
119	172	178	163	164	155	173	135	144	147
129	178	190	178	174	168	182	144	154	165
146	187	201	184	184	178	196	151	159	175
155	195	213	197	190	189	205	162	170	187
163	205	226	208	206	194	209	172	178	203
175	215	239	219	217	207	218	184	189	215
183	227	251	231	229	228	232	200	196	234
195	237	270	243	241	237	245	208	211	242
206	249	281	252	254	250	255	222	222	255
220	263	297	261	269	266	265	234	234	260
232	276	314	271	283	286	276	251	245	271
243	285	325	281	292	298	289	269	256	288
259	298	339	300	304	311	300	283	274	300
274	314	363	310	316	318	314	292	287	314
284	332	381	316	331	328	333	301	300	330
296	356	398	331	344	342	348	312	309	348
307	369	421	344	360	356	358	322	326	362
322	384	441	358	376	368	371	337	342	373
334	400	458	373	390	379	388	351	359	390
355	422	473	391	411	390	400	363	373	412
370	444	500	414	433	404	414	384	385	421
380	473	520	436	452	417	427	401	404	436
395	492	538	449	468	433	445	418	422	463
410	506	553	463	480	457	463	431	438	480
421	523	573	483	498	483	487	444	451	502
433	540	592	509	516	493	506	462	472	519
453	561	603	531	535	510	519	481	496	541
473	571	615	551	557	534	541	500	518	564
490	593	637	570	568	557	566	518	534	587
504	621	659	588	589	569	587	547	553	609
519	644	687	614	608	593	616	563	571	629
535	661	708	634	623	601	630	583	590	647
562	682	730	658	643	623	653	600	606	664
582	702	758	679	660	643	677	625	631	682
604	717	784	696	680	671	694	639	645	702
626	732	806	716	714	693	709	663	664	724
648	757	824	738	743	721	724	683	685	750
662	776	850	762	756	746	742	705	701	774
676	795	874	791	780	768	760	720	726	795
689	813	905	817	814	789	783	745	743	816
709	834	937	839	833	803	795	768	758	837
735	858	958	872	865	827	814	794	794	855
759	885	985	890	884	856	828	811	817	876
780	902	1017	921	907	874	858	837	842	901
800	928	1041	950	936	902	889	864	870	928
827	955	1065	980	960	935	907	892	890	945
844	984	1090	1009	988	961	932	919	914	979
862	1009	1125	1032	1008	979	949	941	935	1008
883	1031	1145	1062	1039	1010	974	968	953	1028
905	1059	1170	1088	1068	1035	1006	999	979	1055
932	1081	1198	1113	1093	1059	1032	1029	1000	1083
954	1114	1221	1139	1124	1085	1058	1061	1023	1109
982	1139	1249	1158	1145	1108	1087	1088	1051	1129
1006	1161	1279	1185	1172	1132	1120	1110	1086	1156
1029	1187	1307	1217	1199	1157	1146	1133	1107	1180
1057	1206	1336	1243	1226	1182	1173	1166	1138	1215
1082	1236	1365	1273	1256	1218	1198	1200	1164	1242
1107	1267	1391	1296	1278	1250	1234	1228	1183	1278
1129	1295	1420	1324	1305	1274	1263	1258	1208	1311
1163	1331	1456	1358	1321	1299	1284	1282	1233	1342
1195	1353	1494	1389	1350	1326	1313	1317	1252	1366
1223	1385	1528	1422	1375	1356	1342	1354	1279	1402
1254	1420	1559	1460	1410	1388	1366	1379	1309	1428
1281	1439	1590	1491	1438	1412	1402	1402	1336	1450
1314	1462	1623	1514	1463	1443	1442	1434	1368	1478
1348	1490	1653	1544	1499	1472	1466	1464	1394	1517
1378	1527	1682	1572	1524	1501	1506	1491	1419	1548
1403	1555	1712	1611	1555	1535	1531	1529	1456	1571
1431	1580	1745	1641	1581	1559	1560	1564	1487	1592
1466	1615	1779	1667	1616	1601	1585	1586	1519	1624
1486	1636	1816	1704	1642	1638	1613	1614	1545	1649
1515	1666	1844	1736	1674	1664	1647	1642	1565	1686
1547	1700	1885	1776	1700	1697	1692	1682	1601	1722
1580	1734	1915	1817	1734	1732	1728	1715	1636	1751
1619	1756	1950	1853	1769	1768	1764	1750	1667	1782
1652	1787	1997	1888	1810	1806	1793	1774	1698	1814
1689	1822	2037	1933	1848	1835	1827	1813	1727	1839
1727	1864	2074	1966	1880	1863	1856	1849	1759	1866
1770	1898	2114	2010	1911	1899	1898	1886	1790	1899
1797	1926	2145	2048	1932	1948	1943	1914	1827	1935
1822	1960	2173	2074	1966	1986	1974	1950	1864	1963
1850	1982	2219	2100	1993	2026	2002	1995	1895	1996
1875	2008	2245	2132	2031	2064	2031	2034	1928	2026
1910	2056	2295	2166	2062	2098	2074	2065	1957	2062
1940	2098	2330	2196	2098	2142	2116	2104	1993	2092
1960	2129	2371	2240	2133	2178	2154	2136	2030	2121
2004	2167	2415	2282	2161	2210	2190	2181	2064	2156
2051	2194	2460	2317	2201	2242	2228	2223	2104	2193
2089	2228	2505	2355	2237	2277	2271	2263	2140	2232
2130	2277	2549	2400	2279	2329	2307	2296	2170	2279
2158	2314	2588	2437	2316	2368	2344	2332	2203	2323
2201	2348	2635	2485	2347	2413	2381	2364	2221	2360
2242	2388	2667	2526	2379	2451	2418	2403	2257	2404
2276	2418	2700	2565	2408	2489	2465	2444	2308	2446
2322	2448	2739	2597	2442	2524	2513	2486	2341	2487
2362	2487	2777	2633	2476	2563	2557	2526	2377	2528
2396	2536	2816	2672	2520	2605	2595	2571	2411	2564
2426	2578	2861	2715	2552	2637	2639	2616	2450	2602
2459	2615	2899	2747	2584	2677	2668	2649	2489	2638
2509	2664	2936	2787	2623	2727	2702	2693	2519	2671
2548	2706	2973	2829	2658	2768	2749	2731	2558	2707
2580	2751	3015	2871	2714	2805	2794	2770	2592	2734
2622	2801	3060	2909	2754	2848	2832	2813	2639	2773
2667	2849	3107	2963	2799	2876	2874	2851	2681	2810
2711	2887	3149	2997	2849	2921	2914	2903	2735	2841
2762	2922	3193	3042	2894	2969	2951	2955	2774	2879
2802	2971	3219	3078	2931	3014	2995	3004	2815	2929
2833	3024	3261	3111	2986	3043	3044	3045	2860	2971
2886	3072	3310	3163	3036	3084	3086	3079	2892	3017
2923	3123	3345	3207	3078	3119	3141	3118	2932	3061
2965	3162	3389	3259	3120	3164	3187	3156	2955	3107
3003	3195	3428	3300	3173	3206	3226	3195	2988	3153
3045	3263	3467	3358	3221	3248	3271	3235	3026	3186
3084	3316	3518	3406	3264	3285	3315	3272	3068	3228
3131	3365	3562	3448	3306	3323	3365	3312	3117	3281
3173	3407	3600	3480	3358	3367	3412	3361	3155	3330
3222	3449	3644	3518	3415	3419	3458	3415	3205	3379
3270	3493	3695	3561	3458	3460	3518	3464	3259	3437
3314	3536	3732	3615	3510	3518	3568	3512	3309	3478
3361	3593	3779	3660	3553	3563	3625	3562	3355	3529
3414	3646	3824	3706	3605	3609	3669	3614	3415	3575
3473	3699	3867	3756	3659	3655	3716	3659	3467	3625
3517	3750	3915	3801	3703	3684	3762	3704	3503	3686
3573	3799	3961	3847	3753	3716	3806	3749	3536	3735
3619	3838	4014	3895	3800	3762	3857	3797	3578	3774
3674	3884	4069	3950	3849	3805	3912	3844	3621	3822
3729	3944	4132	3997	3892	3863	3965	3889	3662	3871
3782	3999	4179	4046	3942	3908	4003	3933	3717	3921
3833	4061	4231	4096	3996	3951	4049	3979	3757	3973
3878	4115	4284	4155	4044	3997	4101	4031	3801	4023
3924	4166	4341	4204	4089	4048	4146	4069	3839	4073
3977	4225	4384	4252	4128	4098	4192	4124	3880	4120
4035	4266	4428	4298	4169	4141	4246	4182	3935	4162
4108	4318	4474	4347	4219	4199	4300	4228	3991	4213
4160	4365	4527	4405	4270	4247	4343	4274	4049	4264
4219	4414	4574	4453	4311	4299	4388	4333	4078	4312
4263	4466	4621	4494	4360	4351	4433	4374	4124	4370
4331	4520	4672	4565	4411	4397	4485	4429	4175	4431
4380	4569	4732	4617	4467	4440	4547	4487	4223	4480
4436	4627	4796	4654	4521	4486	4595	4534	4284	4534
4490	4670	4849	4694	4579	4541	4651	4578	4335	4594
4535	4721	4889	4735	4628	4598	4694	4617	4386	4657
4577	4767	4946	4787	4681	4637	4741	4679	4434	4710
4635	4818	4982	4845	4742	4706	4802	4730	4481	4763
4694	4876	5035	4899	4794	4760	4853	4801	4539	4812
4742	4932	5074	4953	4838	4825	4904	4860	4599	4866
4795	4981	5121	5004	4907	4873	4970	4916	4662	4929
4846	5033	5175	5060	4960	4924	5021	4969	4718	4979
4886	5084	5230	5124	5013	4978	5080	5019	4769	5035
4940	5145	5293	5172	5062	5036	5125	5079	4820	5090
5004	5196	5348	5211	5132	5086	5182	5141	4878	5148
5066	5255	5400	5264	5198	5128	5237	5212	4933	5201
5127	5304	5453	5318	5249	5192	5294	5264	4992	5250
5187	5363	5509	5370	5304	5233	5359	5310	5053	5306
5232	5430	5572	5427	5360	5287	5419	5359	5122	5370
5285	5490	5633	5501	5408	5343	5460	5421	5168	5421
5337	5554	5689	5556	5466	5404	5513	5473	5230	5487
5402	5610	5749	5597	5521	5461	5567	5534	5280	5547
5465	5654	5797	5670	5583	5499	5621	5587	5328	5607
5523	5707	5849	5729	5634	5554	5671	5639	5368	5659
5564	5782	5900	5801	5693	5611	5719	5689	5431	5726
5626	5838	5945	5860	5751	5663	5769	5728	5501	5779
5680	5894	5995	5912	5812	5722	5829	5800	5554	5857
5743	5957	6041	5961	5855	5780	5876	5868	5608	5905
5802	6013	6103	6028	5909	5847	5955	5929	5672	5961
5853	6081	6163	6079	5970	5899	6022	5983	5730	6008
5913	6147	6214	6138	6023	5945	6070	6042	5786	6066
5984	6192	6261	6196	6074	5986	6124	6104	5830	6129
6033	6253	6312	6250	6120	6036	6177	6164	5887	6192
6098	6321	6363	6299	6168	6103	6228	6220	5948	6247
6147	6373	6413	6361	6231	6160	6288	6279	6005	6305
6205	6445	6476	6410	6289	6213	6350	6342	6064	6372
6271	6494	6532	6444	6346	6266	6402	6400	6115	6435
6348	6558	6597	6518	6421	6330	6460	6460	6198	6504
6410	6606	6669	6586	6471	6381	6514	6510	6251	6564
6467	6671	6723	6654	6531	6445	6568	6557	6303	6606
6539	6739	6775	6698	6597	6509	6643	6614	6356	6664
6601	6803	6840	6747	6637	6576	6688	6678	6424	6741
6675	6861	6902	6814	6693	6636	6764	6735	6495	6804
6732	6934	6955	6867	6750	6682	6816	6804	6548	6855
6785	6993	7012	6923	6826	6731	6882	6857	6621	6917
6839	7050	7068	6994	6891	6792	6933	6934	6690	6973
6901	7107	7115	7060	6951	6857	7000	6996	6745	7045
6970	7182	7173	7131	7008	6916	7069	7051	6802	7108
7032	7246	7236	7197	7063	6962	7125	7116	6866	7169
7095	7306	7304	7249	7121	7026	7182	7171	6931	7225
7158	7370	7368	7328	7179	7083	7241	7239	6997	7288
7218	7440	7439	7391	7236	7144	7300	7309	7050	7357
7274	7506	7493	7444	7292	7212	7352	7391	7114	7421
7351	7571	7552	7507	7346	7264	7436	7445	7175	7479
7402	7642	7610	7579	7407	7344	7503	7517	7250	7532
7459	7700	7679	7653	7467	7410	7552	7579	7313	7593
7519	7754	7745	7732	7541	7474	7625	7641	7376	7653
7586	7817	7809	7823	7598	7541	7675	7698	7453	7719
7651	7874	7875	7882	7660	7600	7737	7758	7516	7789
7717	7931	7924	7923	7726	7666	7812	7823	7559	7846
7773	7991	7976	7986	7777	7735	7872	7890	7622	7914
7844	8054	8032	8048	7839	7801	7941	7945	7702	7971
7914	8132	8097	8104	7893	7867	7990	8014	7766	8023
7979	8197	8157	8169	7945	7923	8052	8076	7832	8073
8050	8260	8220	8223	8026	7989	8114	8126	7903	8137
8133	8325	8282	8295	8094	8050	8186	8191	7967	8202
8221	8387	8336	8358	8145	8136	8253	8270	8026	8265
8285	8450	8388	8424	8211	8206	8318	8325	8092	8335
8349	8502	8454	8494	8266	8275	8382	8383	8151	8402
8414	8571	8523	8563	8331	8331	8453	8444	8211	8466
8480	8646	8580	8638	8401	8391	8508	8501	8279	8529
8550	8717	8646	8700	8448	8455	8568	8570	8333	8595
8608	8769	8699	8769	8512	8515	8634	8639	8387	8656
8679	8813	8752	8832	8582	8585	8697	8696	8458	8724
8760	8879	8803	8909	8652	8649	8759	8765	8512	8782
8830	8936	8857	8990	8721	8718	8819	8828	8582	8846
8890	9002	8930	9068	8786	8789	8879	8891	8650	8915
8954	9074	8992	9143	8855	8844	8947	8966	8724	8987
9018	9145	9057	9214	8921	8913	9017	9036	8793	9057
9077	9228	9118	9278	8982	8986	9082	9106	8870	9127
9135	9298	9177	9344	9049	9040	9143	9180	8945	9196
9205	9363	9231	9403	9125	9109	9215	9251	9004	9267
9283	9441	9295	9468	9180	9177	9280	9317	9071	9340
9361	9504	9358	9533	9252	9247	9348	9390	9138	9406
9429	9575	9440	9598	9307	9318	9418	9452	9227	9450
9500	9629	9531	9685	9365	9373	9484	9535	9300	9516
9571	9698	9601	9761	9426	9445	9554	9602	9362	9604
9641	9771	9658	9837	9490	9508	9616	9661	9430	9667
9707	9836	9732	9911	9551	9562	9686	9725	9507	9731
9777	9901	9792	9976	9619	9636	9761	9793	9592	9800
9857	9979	9852	10062	9670	9713	9829	9863	9669	9864
9917	10048	9922	10141	9749	9787	9900	9958	9742	9936
9982	10110	9999	10223	9830	9851	9985	10025	9811	9999
10046	10170	10068	10297	9891	9931	10062	10113	9880	10067
10115	10242	10130	10361	9969	10014	10134	10191	9938	10137
10180	10315	10211	10443	10044	10066	10196	10253	10001	10216
10257	10387	10265	10497	10114	10121	10265	10326	10075	10289
10343	10473	10337	10567	10189	10187	10334	10409	10156	10348
10414	10541	10402	10624	10260	10254	10392	10475	10221	10412
10486	10598	10463	10696	10321	10325	10461	10552	10285	10484
10556	10660	10545	10767	10375	10380	10549	10631	10359	10571
10633	10731	10609	10829	10448	10438	10632	10688	10431	10667
10713	10799	10680	10902	10527	10503	10728	10754	10501	10732
10795	10881	10751	10975	10610	10574	10800	10850	10579	10812
10872	10954	10829	11065	10677	10641	10868	10923	10665	10875
10952	11026	10900	11140	10763	10710	10948	10985	10732	10946
11018	11102	10975	11204	10837	10780	11028	11069	10799	11016
11101	11188	11039	11272	10909	10856	11107	11130	10878	11081
11171	11286	11118	11355	10979	10932	11173	11196	10937	11149
11237	11361	11175	11421	11044	11010	11237	11276	11013	11221
11299	11435	11243	11495	11127	11087	11306	11360	11093	11274
11376	11522	11321	11574	11198	11153	11380	11429	11168	11349
11457	11578	11379	11656	11273	11225	11463	11486	11248	11417
11530	11651	11456	11732	11344	11299	11528	11567	11329	11499
11610	11728	11524	11799	11426	11360	11586	11643	11418	11564
11673	11798	11607	11873	11510	11446	11654	11714	11498	11635
11730	11876	11695	11961	11581	11516	11744	11777	11578	11699
11812	11955	11766	12058	11652	11591	11808	11850	11665	11790
11891	12033	11823	12120	11732	11674	11873	11931	11737	11863
11981	12112	11911	12186	11808	11740	11958	12008	11817	11940
12054	12194	11993	12253	11877	11818	12034	12076	11906	12036
12136	12280	12064	12327	11946	11888	12122	12141	11973	12125
12229	12354	12131	12408	12013	11959	12193	12216	12056	12189
12300	12433	12206	12475	12095	12037	12289	12290	12125	12253
12386	12501	12290	12557	12161	12105	12359	12355	12193	12318
12469	12571	12373	12631	12245	12171	12437	12433	12274	12379
12550	12640	12461	12721	12324	12250	12525	12516	12337	12471
12628	12716	12557	12801	12407	12322	12605	12587	12414	12548
12713	12792	12641	12888	12486	12396	12672	12657	12489	12617
12797	12873	12713	12962	12559	12469	12735	12740	12591	12688
12877	12943	12784	13023	12634	12548	12806	12815	12669	12768
12957	13026	12870	13101	12723	12638	12897	12893	12752	12840
13044	13096	12947	13164	12801	12721	12972	12959	12827	12917
13129	13171	13010	13255	12878	12808	13041	13037	12913	12991
13209	13264	13088	13329	12935	12882	13133	13113	12983	13076
13278	13329	13158	13407	13022	12957	13187	13214	13044	13176
13368	13415	13235	13478	13104	13033	13268	13302	13136	13248
13442	13490	13326	13562	13172	13106	13343	13364	13208	13332
13544	13568	13406	13631	13253	13206	13421	13427	13282	13428
13617	13649	13507	13721	13343	13275	13495	13494	13368	13506
13697	13736	13584	13795	13420	13357	13575	13575	13434	13575
13769	13819	13664	13880	13487	13455	13635	13655	13532	13657
13855	13900	13742	13956	13577	13533	13703	13738	13619	13745
13931	13978	13836	14031	13656	13607	13775	13801	13704	13822
14001	14058	13925	14093	13721	13662	13848	13890	13799	13891
14081	14144	13981	14178	13793	13743	13915	13969	13865	13975
14150	14219	14055	14275	13879	13834	13986	14036	13941	14055
14234	14312	14129	14348	13967	13909	14066	14132	14015	14143
14322	14381	14216	14438	14051	13984	14138	14229	14091	14226
14413	14463	14289	14531	14129	14064	14220	14301	14168	14322
14490	14547	14374	14612	14223	14137	14302	14382	14241	14394
14563	14619	14442	14687	14301	14225	14377	14464	14340	14463
14644	14692	14517	14761	14405	14303	14456	14529	14428	14549
14725	14771	14600	14836	14487	14366	14512	14619	14496	14625
14819	14848	14684	14919	14580	14440	14579	14684	14570	14691
14892	14930	14766	15003	14660	14522	14645	14766	14655	14778
14968	15012	14845	15069	14736	14600	14731	14853	14749	14854
15044	15089	14919	15138	14817	14673	14801	14945	14832	14937
15126	15147	14987	15211	14895	14747	14880	15028	14911	15004
15207	15222	15071	15303	14976	14828	14963	15116	14988	15097
15280	15311	15146	15377	15055	14907	15069	15206	15066	15185
15361	15383	15240	15450	15135	14976	15136	15291	15156	15249
15453	15467	15327	15528	15217	15076	15215	15373	15231	15327
15538	15530	15414	15605	15312	15157	15285	15460	15317	15398
15628	15606	15501	15672	15387	15223	15364	15549	15387	15465
15713	15686	15582	15756	15473	15292	15432	15626	15459	15534
15781	15762	15663	15835	15558	15381	15499	15730	15553	15623
15854	15833	15742	15923	15639	15475	15579	15797	15637	15709
15932	15907	15831	16002	15710	15554	15656	15867	15719	15787
16004	15981	15900	16081	15797	15647	15734	15958	15802	15865
16093	16054	15973	16161	15882	15732	15811	16046	15874	15947
16172	16137	16062	16231	15960	15813	15882	16118	15948	16024
16251	16209	16150	16316	16027	15886	15975	16195	16041	16108
16336	16308	16222	16396	16102	15966	16043	16297	16124	16203
16411	16401	16297	16496	16189	16051	16116	16380	16211	16276
16491	16487	16379	16568	16264	16130	16220	16447	16285	16372
16564	16551	16484	16637	16358	16213	16308	16516	16364	16465
16642	16632	16554	16719	16438	16299	16406	16593	16437	16544
16720	16698	16638	16791	16528	16373	16488	16670	16516	16623
16796	16766	16714	16871	16603	16452	16579	16758	16595	16705
16881	16859	16791	16949	16687	16532	16658	16847	16671	16768
16981	16933	16879	17034	16776	16623	16761	16931	16761	16837
17074	17014	16975	17126	16857	16719	16839	17013	16856	16917
17155	17096	17046	17212	16937	16807	16916	17093	16932	17011
17235	17175	17125	17284	17016	16874	17001	17170	17022	17101
17317	17258	17217	17384	17105	16948	17097	17255	17111	17176
17412	17342	17306	17463	17196	17045	17188	17339	17190	17253
17499	17423	17376	17536	17286	17149	17280	17421	17262	17347
17571	17508	17441	17622	17373	17238	17364	17493	17341	17428
17663	17589	17520	17699	17459	17320	17435	17568	17435	17512
17723	17675	17593	17786	17548	17409	17534	17664	17542	17581
17802	17765	17667	17871	17629	17500	17624	17746	17622	17673
17884	17852	17761	17942	17710	17574	17707	17841	17704	17749
17961	17945	17854	18033	17803	17662	17786	17924	17787	17831
18054	18024	17935	18120	17896	17743	17864	18029	17880	17930
18129	18116	18013	18199	17974	17840	17943	18099	17955	17997
18189	18220	18103	18270	18049	17920	18029	18181	18035	18087
18270	18303	18184	18342	18136	18004	18130	18258	18115	18168
18333	18392	18282	18422	18217	18083	18209	18349	18181	18232
18431	18467	18362	18499	18296	18180	18282	18441	18273	18324
18506	18563	18444	18568	18386	18254	18371	18537	18377	18420
18578	18644	18531	18642	18468	18333	18448	18643	18478	18507
18666	18738	18608	18717	18570	18423	18519	18739	18549	18594
18748	18820	18710	18799	18646	18499	18597	18820	18641	18672
18827	18892	18789	18879	18720	18599	18682	18903	18738	18768
18902	18975	18876	18971	18791	18687	18761	18991	18824	18858
18983	19043	18946	19049	18865	18770	18835	19076	18908	18943
19070	19133	19017	19148	18949	18861	18941	19171	19000	19031
19149	19209	19099	19231	19040	18936	19014	19237	19087	19107
19255	19292	19191	19314	19123	19012	19102	19296	19160	19191
19346	19364	19282	19405	19192	19118	19187	19381	19264	19272
19438	19445	19363	19485	19284	19205	19269	19482	19351	19361
19518	19532	19455	19579	19376	19293	19344	19550	19447	19466
19598	19632	19541	19663	19473	19372	19430	19626	19530	19561
19666	19717	19624	19765	19548	19456	19501	19715	19636	19655
19733	19786	19706	19858	19638	19549	19571	19793	19725	19748
19818	19874	19804	19949	19733	19644	19644	19880	19811	19828
19896	19965	19891	20017	19817	19726	19748	19958	19884	19911
19973	20046	19971	20110	19909	19822	19833	20053	19960	19997
20048	20124	20064	20205	19993	19900	19924	20138	20068	20089
20136	20182	20132	20302	20104	19990	20006	20222	20156	20172
20206	20281	20208	20388	20193	20076	20103	20302	20247	20249
20304	20384	20282	20464	20291	20152	20175	20381	20307	20337
20384	20464	20361	20529	20381	20233	20256	20461	20401	20419
20461	20556	20438	20620	20463	20329	20332	20545	20480	20505
20550	20641	20521	20718	20552	20412	20408	20608	20581	20577
20621	20723	20589	20807	20617	20511	20497	20671	20673	20671
20702	20809	20676	20874	20711	20585	20590	20747	20758	20750
20787	20910	20754	20948	20789	20674	20682	20830	20842	20850
20892	20986	20814	21031	20858	20753	20766	20922	20930	20935
20982	21070	20888	21117	20946	20836	20856	21018	21024	21026
21066	21149	20975	21205	21022	20925	20931	21099	21101	21112
21151	21232	21093	21281	21111	21028	21012	21193	21188	21209
21245	21318	21169	21354	21204	21117	21100	21264	21269	21296
21311	21410	21262	21430	21293	21196	21189	21339	21354	21382
21400	21480	21345	21502	21381	21278	21286	21422	21449	21469
21479	21562	21431	21595	21464	21376	21386	21515	21517	21553
21560	21644	21520	21675	21554	21468	21463	21602	21599	21644
21642	21721	21603	21753	21646	21556	21564	21676	21682	21716
21725	21818	21677	21847	21732	21636	21648	21761	21768	21808
21811	21905	21779	21938	21819	21716	21732	21855	21863	21898
21914	21993	21862	22009	21905	21801	21825	21946	21957	21992
22006	22077	21934	22094	21986	21877	21903	22022	22044	22076
22104	22162	22006	22176	22071	21959	21987	22101	22126	22146
22199	22251	22102	22249	22148	22052	22072	22188	22223	22222
22290	22344	22179	22335	22220	22146	22161	22273	22312	22302
22377	22459	22268	22425	22303	22230	22246	22378	22387	22385
22469	22538	22348	22518	22394	22311	22339	22463	22476	22465
22562	22627	22436	22588	22474	22392	22411	22545	22552	22549
22665	22711	22527	22664	22566	22482	22484	22627	22630	22633
22770	22789	22615	22749	22658	22560	22585	22711	22712	22729
22858	22895	22707	22836	22745	22651	22679	22785	22792	22819
22930	22989	22793	22916	22834	22725	22774	22875	22880	22922
23019	23079	22874	22994	22927	22813	22861	22966	22969	23008
23105	23164	22952	23074	23021	22892	22961	23064	23062	23089
23188	23240	23032	23161	23110	22994	23051	23161	23137	23157
23269	23332	23129	23260	23187	23093	23147	23230	23239	23247
23348	23433	23207	23352	23265	23169	23261	23317	23310	23324
23432	23516	23309	23448	23361	23250	23339	23399	23407	23407
23525	23601	23396	23542	23456	23340	23417	23486	23478	23494
23602	23692	23485	23638	23536	23420	23514	23566	23569	23588
23669	23799	23577	23729	23615	23511	23600	23665	23658	23666
23749	23887	23649	23821	23722	23593	23672	23749	23743	23744
23837	23987	23731	23907	23805	23684	23763	23841	23844	23825
23924	24051	23812	23991	23900	23796	23852	23928	23930	23911
24021	24125	23882	24080	24009	23893	23944	24016	24028	23993
24099	24224	23958	24163	24099	23978	24029	24106	24109	24073
24187	24317	24050	24233	24182	24063	24103	24173	24204	24150
24278	24394	24143	24322	24272	24160	24183	24274	24292	24247
24380	24475	24234	24411	24355	24235	24275	24362	24372	24340
24458	24553	24319	24494	24443	24317	24368	24435	24466	24428
24540	24641	24390	24578	24532	24389	24449	24520	24562	24514
24632	24710	24468	24674	24604	24479	24542	24583	24660	24596
24722	24796	24540	24781	24690	24568	24628	24677	24735	24669
24811	24900	24637	24858	24788	24650	24709	24753	24821	24755
24888	24988	24717	24935	24884	24745	24805	24843	24921	24847
24985	25066	24799	25023	24968	24845	24896	24926	25002	24945
25065	25143	24885	25100	25047	24928	24968	25013	25078	25043
25151	25219	24969	25163	25136	25030	25070	25106	25169	25122
25234	25297	25068	25255	25219	25117	25147	25182	25247	25208
25318	25386	25187	25344	25303	25231	25232	25270	25343	25289
25397	25459	25276	25419	25385	25346	25326	25344	25438	25374
25480	25550	25358	25499	25467	25436	25414	25422	25536	25462
25562	25637	25452	25579	25550	25526	25506	25499	25622	25554
25640	25728	25534	25656	25632	25615	25586	25597	25713	25637
25722	25816	25621	25749	25711	25701	25665	25684	25788	25717
25803	25906	25703	25822	25787	25791	25746	25768	25891	25802
25878	25975	25786	25914	25898	25883	25837	25854	25959	25894
25966	26064	25876	26007	25981	25972	25921	25951	26040	25986
26071	26157	25984	26089	26060	26050	26012	26049	26111	26080
26162	26244	26060	26176	26146	26136	26100	26143	26225	26163
26240	26345	26133	26261	26237	26232	26179	26233	26299	26256
26323	26435	26204	26330	26321	26319	26260	26317	26384	26340
26409	26506	26300	26392	26406	26409	26329	26404	26464	26425
26482	26595	26385	26479	26487	26489	26431	26481	26536	26499
26579	26677	26465	26562	26571	26580	26503	26571	26622	26585
26665	26764	26542	26650	26638	26667	26577	26645	26704	26664
26767	26833	26617	26730	26722	26740	26666	26730	26785	26750
26864	26921	26712	26826	26795	26819	26751	26823	26881	26829
26925	26999	26794	26908	26869	26898	26851	26919	26970	26919
27007	27089	26888	26977	26957	26986	26924	26991	27060	27001
27094	27188	26973	27056	27055	27066	27007	27078	27130	27084
27175	27262	27060	27138	27142	27144	27107	27154	27217	27166
27257	27344	27152	27221	27231	27223	27202	27230	27295	27268
27360	27426	27234	27319	27307	27302	27276	27292	27375	27340
27450	27529	27323	27401	27382	27387	27360	27387	27462	27429
27534	27619	27398	27495	27454	27458	27433	27477	27556	27515
27624	27696	27483	27589	27533	27546	27533	27563	27619	27600
27715	27774	27576	27666	27615	27625	27615	27652	27701	27684
27791	27870	27655	27747	27711	27717	27691	27743	27778	27768
27884	27949	27748	27849	27785	27806	27777	27839	27876	27849
27973	28016	27838	27946	27874	27876	27856	27924	27959	27941
28054	28107	27921	28021	27958	27951	27944	28003	28046	28031
28135	28182	27993	28117	28064	28035	28039	28081	28122	28108
28222	28253	28081	28197	28142	28106	28131	28185	28211	28183
28307	28334	28168	28285	28225	28188	28220	28277	28269	28272
28381	28417	28264	28369	28317	28279	28303	28380	28344	28368
28467	28479	28367	28465	28415	28369	28407	28472	28437	28435
28544	28549	28457	28537	28497	28456	28504	28541	28531	28520
28603	28628	28535	28619	28563	28539	28591	28632	28610	28616
28694	28711	28628	28709	28642	28615	28668	28713	28700	28709
28772	28797	28718	28787	28737	28698	28752	28805	28782	28799
28858	28879	28815	28877	28815	28796	28826	28886	28863	28877
28947	28954	28912	28963	28904	28888	28910	28966	28934	28964
29035	29028	28997	29045	28975	28967	29017	29052	29017	29057
29128	29115	29083	29131	29058	29064	29089	29117	29107	29134
29203	29199	29160	29215	29156	29151	29171	29203	29210	29203
29291	29281	29242	29304	29235	29223	29252	29272	29293	29287
29374	29369	29336	29390	29317	29308	29332	29355	29364	29357
29455	29458	29424	29448	29391	29394	29415	29435	29434	29432
29541	29526	29513	29521	29480	29494	29483	29516	29525	29514
29625	29620	29605	29601	29570	29583	29577	29610	29622	29604
29707	29703	29686	29685	29649	29649	29659	29687	29698	29679
29778	29783	29757	29752	29738	29724	29759	29768	29766	29762
29855	29852	29850	29848	29834	29820	29849	29842	29842	29841
29931	29929	29921	29924	29909	29913	29928	29924	29919	29916
