0
10
12
14
15
23
25
30
36
41
48
55
59
60
67
73
84
94
100
117
127
134
141
155
163
170
182
190
197
207
217
226
234
248
258
278
291
300
312
330
346
359
375
389
403
414
432
449
465
477
494
507
527
542
557
571
592
611
633
653
681
703
712
734
755
774
795
821
843
862
889
908
929
946
975
1000
1025
1057
1077
1101
1131
1155
1185
1205
1231
1261
1282
1311
1346
1384
1409
1452
1482
1514
1543
1567
1606
1633
1666
1696
1722
1766
1801
1841
1880
1920
1951
1988
2021
2055
2095
2130
2152
2187
2216
2260
2296
2330
2370
2409
2453
2497
2537
2575
2613
2648
2690
2725
2756
2813
2866
2898
2934
2973
3009
3054
3095
3146
3181
3237
3289
3331
3370
3395
3449
3504
3536
3576
3630
3677
3725
3776
3830
3880
3927
3975
4033
4090
4149
4205
4270
4333
4402
4460
4537
4600
4676
4727
4788
4836
4895
4951
4995
5056
5117
5166
5230
5292
5347
5404
5481
5555
5613
5679
5754
5830
5884
5957
6014
6099
6164
6232
6300
6370
6440
6520
6583
6651
6722
6801
6869
6932
6996
7058
7122
7184
7242
7303
7361
7424
7498
7564
7633
7706
7773
7867
7925
8006
8075
8159
8222
8299
8375
8453
8516
8586
8661
8744
8815
8876
8937
9013
9069
9142
9229
9298
9357
9427
9494
9565
9618
9699
9777
9847
9930
9998
10075
10164
10243
10321
10409
10469
10541
10627
10706
10780
10849
10924
10992
11065
11136
11212
11293
11371
11461
11543
11619
11695
11769
11837
11903
11964
12032
12091
12170
12253
12341
12436
12509
12580
12662
12737
12807
12885
12961
13039
13132
13208
13280
13362
13426
13504
13586
13670
13742
13843
13911
13982
14056
14114
14178
14250
14336
14418
14512
14577
14648
14726
14804
14875
14948
15020
15087
15154
15208
15276
15365
15456
15537
15621
15701
15793
15869
15954
16034
16122
16191
16260
16327
16413
16487
16579
16655
16734
16806
16891
16974
17074
17145
17243
17322
17399
17474
17551
17624
17710
17781
17853
17928
18035
18119
18203
18281
18362
18446
18522
18614
18695
18785
18863
18946
19042
19130
19220
19327
19421
19518
19585
19669
19748
19830
19904
19986
20079
20152
20251
20332
20412
20517
20596
20681
20780
20869
20949
21029
21113
21203
21291
21365
21447
21550
21622
21698
21786
21878
21965
22045
22134
22212
22278
22363
22453
22531
22615
22695
22782
22844
22914
23000
23089
23177
23245
23329
23412
23490
23571
23659
23772
23841
23921
23998
24070
24154
24229
24312
24374
24464
24536
24616
24702
24768
24850
24939
25022
25103
25177
25245
25322
25390
25461
25528
25606
25684
25757
25848
25926
26001
26081
26163
26265
26361
26426
26492
26580
26660
26757
26857
26929
26990
27075
27156
27232
27323
27399
27473
27549
27650
27745
27814
27898
27957
28031
28101
28168
28228
28291
28356
28429
28515
28583
28656
28734
28822
28894
28955
29031
29110
29190
29271
29333
29403
29462
29541
29587
29651
29716
29770
29825
29885
29933
