0
1
2
4
7
11
16
18
19
25
31
34
39
48
53
60
65
75
79
87
97
103
115
123
132
140
155
163
173
182
196
205
209
218
232
245
255
265
276
289
300
314
333
348
358
371
388
400
414
427
445
463
487
506
519
541
566
587
616
630
653
677
694
709
724
742
760
783
795
814
828
858
889
907
932
949
974
1006
1032
1058
1087
1120
1146
1173
1198
1234
1263
1284
1313
1342
1366
1402
1442
1466
1506
1531
1560
1585
1613
1647
1692
1728
1764
1793
1827
1856
1898
1943
1974
2002
2031
2074
2116
2154
2190
2228
2271
2307
2344
2381
2418
2465
2513
2557
2595
2639
2668
2702
2749
2794
2832
2874
2914
2951
2995
3044
3086
3141
3187
3226
3271
3315
3365
3412
3458
3518
3568
3625
3669
3716
3762
3806
3857
3912
3965
4003
4049
4101
4146
4192
4246
4300
4343
4388
4433
4485
4547
4595
4651
4694
4741
4802
4853
4904
4970
5021
5080
5125
5182
5237
5294
5359
5419
5460
5513
5567
5621
5671
5719
5769
5829
5876
5955
6022
6070
6124
6177
6228
6288
6350
6402
6460
6514
6568
6643
6688
6764
6816
6882
6933
7000
7069
7125
7182
7241
7300
7352
7436
7503
7552
7625
7675
7737
7812
7872
7941
7990
8052
8114
8186
8253
8318
8382
8453
8508
8568
8634
8697
8759
8819
8879
8947
9017
9082
9143
9215
9280
9348
9418
9484
9554
9616
9686
9761
9829
9900
9985
10062
10134
10196
10265
10334
10392
10461
10549
10632
10728
10800
10868
10948
11028
11107
11173
11237
11306
11380
11463
11528
11586
11654
11744
11808
11873
11958
12034
12122
12193
12289
12359
12437
12525
12605
12672
12735
12806
12897
12972
13041
13133
13187
13268
13343
13421
13495
13575
13635
13703
13775
13848
13915
13986
14066
14138
14220
14302
14377
14456
14512
14579
14645
14731
14801
14880
14963
15069
15136
15215
15285
15364
15432
15499
15579
15656
15734
15811
15882
15975
16043
16116
16220
16308
16406
16488
16579
16658
16761
16839
16916
17001
17097
17188
17280
17364
17435
17534
17624
17707
17786
17864
17943
18029
18130
18209
18282
18371
18448
18519
18597
18682
18761
18835
18941
19014
19102
19187
19269
19344
19430
19501
19571
19644
19748
19833
19924
20006
20103
20175
20256
20332
20408
20497
20590
20682
20766
20856
20931
21012
21100
21189
21286
21386
21463
21564
21648
21732
21825
21903
21987
22072
22161
22246
22339
22411
22484
22585
22679
22774
22861
22961
23051
23147
23261
23339
23417
23514
23600
23672
23763
23852
23944
24029
24103
24183
24275
24368
24449
24542
24628
24709
24805
24896
24968
25070
25147
25232
25326
25414
25506
25586
25665
25746
25837
25921
26012
26100
26179
26260
26329
26431
26503
26577
26666
26751
26851
26924
27007
27107
27202
27276
27360
27433
27533
27615
27691
27777
27856
27944
28039
28131
28220
28303
28407
28504
28591
28668
28752
28826
28910
29017
29089
29171
29252
29332
29415
29483
29577
29659
29759
29849
29928
