0
10
14
19
30
38
44
55
67
86
94
105
113
121
132
144
152
165
179
200
211
228
246
262
284
298
315
334
347
371
387
412
421
438
459
485
502
514
533
556
578
606
630
650
688
710
737
761
787
821
847
879
910
937
961
986
1030
1054
1083
1113
1148
1176
1203
1241
1287
1314
1333
1362
1393
1436
1468
1498
1530
1562
1592
1624
1660
1703
1766
1806
1845
1875
1930
1968
2005
2048
2090
2131
2180
2216
2257
2295
2342
2385
2423
2464
2508
2535
2590
2636
2684
2727
2767
2820
2863
2905
2961
3012
3049
3102
3140
3175
3222
3266
3317
3366
3418
3460
3515
3585
3639
3681
3742
3798
3849
3893
3941
3989
4033
4084
4152
4188
4243
4309
4367
4429
4487
4552
4609
4661
4717
4765
4823
4887
4935
4991
5048
5123
5175
5231
5289
5345
5386
5459
5521
5579
5631
5702
5756
5811
5861
5923
5983
6038
6095
6147
6205
6261
6324
6388
6445
6521
6589
6652
6719
6789
6847
6914
6979
7030
7092
7157
7222
7268
7319
7375
7458
7515
7589
7655
7740
7794
7869
7926
7985
8044
8117
8179
8237
8301
8358
8422
8480
8548
8597
8661
8726
8795
8855
8924
8988
9052
9131
9193
9275
9337
9406
9473
9547
9616
9662
9726
9801
9871
9949
10013
10079
10146
10218
10295
10363
10432
10495
10562
10616
10676
10745
10807
10876
10945
11016
11098
11158
11211
11283
11353
11421
11502
11574
11650
11718
11783
11852
11913
11970
12039
12110
12173
12240
12309
12384
12455
12532
12600
12662
12731
12805
12867
12929
13002
13068
13135
13205
13288
13366
13427
13510
13571
13641
13740
13823
13897
13974
14048
14128
14212
14280
14357
14430
14497
14596
14686
14770
14857
14923
15007
15074
15145
15231
15322
15403
15479
15559
15624
15699
15776
15858
15935
16015
16085
16173
16247
16320
16399
16476
16555
16635
16700
16778
16859
16939
17011
17094
17185
17260
17349
17436
17535
17624
17703
17805
17873
17947
18032
18116
18193
18274
18356
18430
18509
18590
18685
18762
18844
18920
18993
19098
19173
19260
19338
19415
19510
19597
19664
19751
19833
19910
19986
20064
20157
20242
20332
20408
20495
20561
20637
20736
20836
20935
21020
21108
21196
21278
21368
21462
21542
21604
21683
21771
21850
21920
21998
22074
22148
22218
22297
22382
22461
22539
22612
22690
22758
22850
22926
23002
23083
23160
23231
23300
23377
23452
23524
23616
23699
23773
23844
23917
23996
24054
24133
24201
24284
24348
24414
24478
24561
24632
24720
24803
24858
24927
25018
25095
25161
25228
25291
25353
25428
25490
25547
25611
25669
25737
25793
25869
25924
25991
26058
26150
26216
26278
26346
26421
26491
26578
26647
26718
26783
26852
26912
26981
27049
27114
27175
27262
27334
27411
27476
27533
27588
27649
27704
27763
27846
27913
27986
28045
28108
28166
28223
28296
28353
28408
28469
28521
28567
28619
28686
28757
28828
28893
28946
28992
29045
29091
29164
29227
29287
29350
29414
29455
29503
29562
29617
29680
29737
29797
29834
29898
29944
