0
19
30
39
47
61
72
85
95
103
123
135
148
167
190
206
226
239
256
270
285
304
324
344
371
393
410
441
467
492
512
537
554
569
593
613
633
652
679
703
723
746
770
794
817
845
867
892
921
950
985
1021
1047
1079
1113
1142
1186
1224
1258
1294
1326
1351
1386
1426
1470
1508
1546
1586
1630
1666
1696
1732
1769
1804
1837
1864
1904
1946
1973
2014
2057
2102
2148
2194
2240
2276
2314
2359
2408
2457
2503
2540
2599
2638
2680
2727
2768
2827
2887
2937
2988
3038
3075
3115
3160
3205
3235
3283
3340
3388
3441
3482
3536
3587
3644
3693
3730
3786
3829
3873
3921
3962
4016
4065
4117
4179
4234
4283
4340
4394
4455
4502
4550
4594
4649
4707
4765
4816
4859
4917
4973
5024
5085
5142
5214
5286
5338
5387
5443
5507
5572
5637
5697
5761
5812
5868
5921
5980
6049
6116
6170
6240
6295
6361
6428
6495
6564
6622
6672
6724
6791
6844
6901
6962
7026
7080
7141
7201
7266
7311
7365
7420
7495
7566
7625
7699
7777
7847
7909
7967
8026
8087
8146
8203
8264
8325
8389
8445
8516
8595
8653
8735
8796
8852
8911
8981
9050
9128
9188
9274
9344
9406
9485
9554
9618
9693
9759
9832
9896
9953
10023
10089
10158
10227
10306
10375
10455
10510
10588
10670
10748
10817
10890
10969
11038
11117
11190
11261
11350
11418
11495
11562
11641
11716
11803
11880
11970
12048
12126
12205
12276
12343
12412
12471
12554
12611
12677
12752
12820
12893
12969
13045
13117
13190
13262
13333
13404
13473
13555
13636
13727
13784
13853
13920
13994
14067
14142
14210
14278
14348
14416
14492
14564
14658
14719
14801
14877
14938
15019
15102
15181
15256
15326
15406
15474
15548
15621
15704
15772
15841
15906
15969
16036
16112
16176
16250
16319
16400
16492
16574
16649
16737
16795
16884
16954
17028
17088
17168
17237
17304
17386
17471
17540
17607
17685
17772
17859
17934
17998
18060
18141
18215
18270
18345
18415
18478
18554
18646
18726
18801
18884
18965
19031
19107
19195
19283
19358
19429
19515
19594
19689
19759
19834
19917
19996
20062
20134
20220
20301
20382
20453
20536
20625
20703
20788
20881
20964
21051
21120
21191
21269
21368
21460
21540
21607
21680
21754
21809
21891
21963
22036
22124
22195
22262
22332
22393
22466
22532
22580
22648
22719
22799
22875
22957
23038
23118
23202
23284
23348
23410
23497
23568
23634
23702
23757
23815
23879
23956
24028
24101
24162
24230
24302
24371
24443
24516
24590
24661
24736
24809
24887
24959
25037
25124
25197
25254
25306
25371
25427
25495
25583
25651
25718
25774
25839
25890
25955
26017
26084
26153
26231
26292
26362
26415
26496
26554
26605
26678
26741
26811
26887
26940
26997
27061
27123
27186
27252
27328
27393
27463
27521
27593
27661
27726
27814
27890
27963
28023
28090
28168
28237
28302
28368
28447
28505
28561
28611
28671
28735
28799
28856
28917
28997
29046
29092
29153
29198
29261
29329
29399
29450
29510
29565
29619
29681
29735
29801
29852
29908
29951
