0
1
1
2
2
2
4
4
5
6
7
11
13
14
16
21
25
29
32
38
38
40
46
53
60
64
73
81
90
96
102
113
117
127
134
147
156
164
171
180
196
208
220
234
251
268
283
298
314
324
341
356
369
379
390
401
422
435
457
476
492
504
517
536
548
560
579
597
616
633
649
669
685
696
719
738
758
769
787
806
824
846
864
891
912
937
956
984
1003
1032
1059
1085
1105
1125
1148
1177
1208
1236
1256
1289
1312
1332
1354
1384
1400
1421
1447
1465
1491
1511
1535
1561
1588
1617
1643
1689
1713
1738
1766
1798
1820
1850
1881
1909
1934
1964
1999
2019
2052
2089
2118
2144
2167
2194
2220
2253
2283
2315
2346
2375
2406
2440
2470
2516
2559
2589
2622
2651
2676
2707
2746
2773
2814
2854
2894
2928
2965
2998
3033
3062
3103
3133
3189
3226
3269
3317
3342
3375
3418
3450
3493
3531
3574
3604
3656
3695
3734
3786
3826
3865
3912
3957
3998
4035
4083
4118
4165
4208
4249
4283
4327
4367
4419
4464
4505
4556
4597
4639
4692
4741
4783
4831
4881
4932
4983
5047
5086
5136
5189
5239
5305
5366
5412
5461
5512
5556
5609
5657
5709
5755
5806
5856
5902
5952
5998
6051
6101
6156
6196
6242
6292
6331
6382
6443
6497
6540
6611
6672
6730
6789
6841
6897
6944
7009
7064
7120
7180
7245
7312
7378
7433
7484
7548
7607
7665
7736
7804
7869
7941
7993
8053
8102
8176
8234
8296
8349
8421
8486
8559
8622
8695
8770
8840
8919
8987
9050
9126
9187
9257
9318
9384
9470
9536
9598
9663
9731
9808
9873
9941
10007
10079
10140
10214
10271
10354
10423
10505
10562
10646
10723
10790
10858
10922
10994
11062
11126
11197
11277
11352
11432
11498
11563
11646
11731
11803
11885
11953
12032
12108
12183
12251
12329
12412
12488
12557
12634
12722
12816
12890
12984
13059
13135
13201
13281
13354
13427
13510
13608
13699
13768
13853
13945
14037
14124
14218
14293
14374
14450
14529
14610
14703
14808
14885
14961
15041
15121
15219
15312
15388
15469
15547
15654
15738
15817
15914
15998
16093
16185
16263
16361
16454
16543
16633
16724
16808
16902
17000
17103
17184
17283
17373
17464
17561
17664
17742
17825
17916
18015
18104
18203
18293
18378
18480
18569
18666
18782
18885
18974
19065
19166
19252
19347
19439
19537
19625
19710
19820
19918
20023
20109
20198
20306
20408
20517
20619
20733
20828
20938
21038
21140
21235
21320
21404
21514
21642
21742
21846
21948
22053
22170
22291
22388
22494
22588
22686
22772
22864
22990
23094
23216
23316
23415
23520
23634
23728
23848
23951
24060
24155
24278
24373
24495
24614
24712
24848
24951
25059
25180
25319
25419
25514
25623
25751
25870
25980
26093
26198
26307
26429
26547
26657
26771
26883
26991
27092
27191
27309
27416
27512
27622
27722
27834
27960
28052
28150
28274
28378
28490
28608
28718
28838
28963
29079
29187
29314
29425
29524
29638
29755
29883
