0
9
16
29
37
45
60
88
115
144
167
202
232
258
278
303
324
347
361
376
383
395
406
415
426
439
455
469
485
498
509
521
530
544
555
570
584
594
599
619
631
643
656
682
703
727
764
794
814
831
854
877
895
920
943
955
981
1002
1028
1054
1085
1107
1128
1159
1194
1228
1259
1291
1311
1346
1372
1398
1420
1437
1461
1486
1506
1545
1585
1608
1634
1653
1679
1717
1756
1790
1822
1852
1896
1928
1960
1989
2020
2046
2071
2110
2147
2170
2202
2236
2258
2293
2318
2347
2373
2412
2443
2481
2522
2558
2595
2627
2664
2686
2728
2770
2804
2828
2862
2895
2918
2947
2976
2999
3036
3081
3114
3149
3177
3222
3263
3308
3337
3382
3445
3500
3559
3605
3646
3706
3755
3811
3875
3928
3992
4040
4097
4184
4225
4274
4349
4420
4505
4604
4697
4784
4889
4968
5041
5097
5173
5227
5291
5369
5433
5509
5581
5642
5728
5831
5911
6015
6113
6206
6312
6404
6521
6627
6732
6817
6908
7019
7146
7260
7381
7511
7626
7725
7857
7992
8145
8259
8378
8492
8631
8759
8887
9041
9178
9299
9420
9551
9707
9840
9964
10115
10269
10420
10570
10689
10801
10930
11073
11199
11321
11459
11594
11761
11912
12089
12256
12458
12700
12904
13126
13328
13491
13649
13820
13974
14127
14249
14361
14498
14613
14731
14842
14962
15086
15203
15299
15387
15500
15597
15698
15815
15923
16050
16154
16255
16342
16442
16527
16606
16685
16763
16846
16939
17032
17127
17213
17296
17375
17479
17564
17634
17721
17801
17877
17952
18040
18149
18259
18382
18490
18581
18660
18774
18885
18975
19058
19140
19228
19323
19435
19533
19616
19696
19795
19870
19949
20003
20062
20149
20228
20290
20379
20461
20544
20609
20653
20712
20786
20865
20949
20995
21049
21114
21165
21212
21268
21331
21396
21455
21511
21561
21610
21653
21710
21763
21813
21878
21934
21991
22062
22134
22192
22247
22301
22364
22419
22464
22531
22576
22614
22664
22700
22742
22800
22856
22903
22956
23000
23062
23124
23179
23250
23300
23349
23395
23449
23493
23550
23595
23651
23720
23771
23829
23884
23928
23973
24023
24084
24133
24200
24270
24329
24375
24431
24492
24541
24579
24638
24686
24742
24800
24845
24900
24971
25040
25122
25183
25235
25275
25324
25380
25445
25498
25562
25613
25650
25697
25751
25801
25857
25905
25974
26041
26103
26195
26260
26322
26383
26449
26497
26554
26602
26664
26730
26772
26820
26875
26929
26978
27062
27139
27204
27280
27350
27428
27499
27565
27603
27650
27693
27742
27790
27842
27885
27931
27975
28007
28047
28080
28122
28150
28182
28218
28258
28294
28336
28362
28395
28428
28475
28504
28534
28570
28599
28629
28668
28700
28722
28758
28798
28835
28875
28899
28929
28959
28998
29028
29051
29086
29119
29154
29170
29190
29210
29232
29262
29289
29315
29334
29355
29381
29413
29433
29462
29484
29515
29537
29574
29612
29648
29676
29699
29721
29738
29762
29787
29806
29831
29852
29879
29902
29926
29951
29966
29985
