0
1
4
4
4
4
7
13
14
16
18
25
29
34
37
40
45
48
52
55
67
75
80
89
98
104
109
115
126
135
144
148
159
162
176
183
191
196
206
219
227
235
241
247
258
274
287
299
308
316
326
343
355
370
382
396
411
425
442
462
480
491
508
528
540
564
581
601
621
643
659
679
700
721
741
754
775
787
807
824
845
867
889
911
927
957
978
999
1016
1038
1062
1085
1110
1136
1165
1186
1220
1247
1277
1295
1315
1342
1371
1407
1433
1462
1492
1525
1558
1594
1620
1648
1674
1701
1730
1767
1797
1834
1864
1890
1920
1953
1978
2014
2040
2067
2099
2129
2159
2191
2227
2279
2311
2350
2378
2404
2445
2492
2530
2572
2619
2664
2709
2746
2783
2826
2869
2908
2943
2978
3034
3069
3111
3153
3186
3234
3280
3320
3360
3398
3447
3499
3539
3587
3622
3666
3706
3757
3812
3870
3912
3956
4003
4042
4088
4121
4172
4226
4274
4318
4354
4406
4447
4487
4527
4571
4610
4664
4715
4746
4799
4835
4886
4934
4989
5043
5100
5151
5204
5257
5307
5375
5436
5485
5540
5586
5644
5696
5758
5807
5865
5925
5968
6040
6105
6144
6195
6247
6295
6345
6396
6439
6504
6555
6620
6660
6709
6754
6818
6889
6960
7026
7075
7132
7167
7220
7279
7343
7401
7457
7520
7571
7611
7669
7729
7787
7841
7904
7978
8048
8110
8176
8250
8319
8386
8450
8512
8572
8637
8700
8744
8806
8883
8960
9015
9080
9138
9223
9304
9380
9454
9526
9604
9683
9755
9820
9884
9947
10015
10088
10158
10232
10303
10363
10431
10510
10582
10646
10720
10795
10856
10925
11000
11061
11137
11216
11281
11353
11414
11492
11581
11667
11734
11792
11884
11954
12035
12111
12184
12252
12334
12422
12497
12582
12654
12729
12819
12897
12979
13049
13143
13226
13319
13404
13476
13562
13638
13718
13805
13888
13959
14034
14108
14188
14279
14372
14441
14523
14605
14685
14760
14844
14930
15012
15098
15180
15257
15346
15438
15536
15618
15700
15777
15866
15954
16038
16106
16192
16272
16362
16453
16541
16620
16705
16782
16878
16949
17030
17102
17194
17281
17397
17489
17585
17651
17746
17811
17891
17981
18077
18154
18237
18321
18417
18505
18602
18694
18782
18874
18950
19038
19130
19221
19318
19423
19528
19631
19732
19826
19916
20019
20106
20189
20300
20371
20456
20552
20654
20746
20859
20950
21050
21143
21241
21331
21421
21511
21606
21688
21782
21889
21989
22074
22156
22248
22359
22452
22545
22641
22740
22834
22936
23039
23138
23235
23345
23448
23549
23658
23731
23810
23897
24006
24105
24210
24313
24424
24513
24622
24713
24805
24900
25001
25084
25173
25266
25371
25471
25582
25686
25789
25888
25985
26088
26188
26294
26394
26507
26623
26736
26843
26928
27033
27133
27253
27372
27471
27592
27711
27804
27937
28040
28125
28233
28362
28482
28573
28660
28768
28868
28974
29047
29163
29273
29383
29488
29576
29680
29797
29895
