0
1
1
1
2
4
4
6
8
11
11
12
17
20
26
33
39
46
53
60
72
79
84
88
95
102
112
120
131
146
155
159
172
177
187
190
198
208
216
227
243
261
274
285
297
307
319
327
339
353
366
379
393
407
421
436
452
472
488
507
520
533
551
564
588
608
632
652
669
681
701
724
742
765
787
803
828
847
873
892
910
926
946
964
989
1003
1025
1045
1065
1087
1105
1131
1150
1169
1189
1217
1243
1269
1307
1339
1360
1383
1405
1433
1459
1496
1532
1561
1595
1625
1656
1685
1713
1739
1770
1803
1835
1866
1901
1929
1962
2001
2032
2063
2093
2133
2160
2194
2234
2280
2311
2341
2381
2426
2459
2499
2528
2564
2602
2651
2676
2722
2765
2814
2850
2895
2944
2983
3010
3053
3088
3133
3169
3207
3247
3279
3319
3375
3412
3457
3501
3545
3600
3641
3683
3723
3779
3815
3853
3894
3942
3981
4030
4071
4107
4146
4183
4222
4266
4312
4354
4399
4448
4505
4569
4621
4673
4724
4768
4808
4849
4893
4951
5002
5053
5112
5168
5211
5268
5312
5351
5411
5464
5512
5554
5600
5645
5709
5771
5822
5886
5952
6004
6059
6125
6183
6248
6314
6370
6430
6497
6550
6608
6676
6732
6802
6861
6919
6972
7042
7116
7184
7225
7290
7355
7421
7482
7537
7600
7669
7753
7811
7896
7964
8011
8075
8129
8196
8253
8317
8374
8437
8503
8561
8621
8691
8752
8809
8869
8922
8991
9058
9121
9179
9248
9327
9395
9444
9513
9593
9657
9706
9779
9864
9931
10003
10071
10138
10210
10280
10340
10400
10466
10545
10627
10695
10762
10813
10893
10956
11013
11078
11158
11234
11294
11359
11421
11490
11569
11622
11701
11767
11848
11915
12001
12086
12164
12221
12296
12370
12458
12536
12607
12670
12755
12822
12911
12985
13054
13141
13214
13300
13386
13452
13517
13584
13667
13764
13842
13918
14017
14103
14197
14288
14369
14444
14517
14610
14689
14770
14859
14952
15036
15117
15197
15275
15348
15425
15516
15604
15681
15772
15862
15938
16040
16127
16211
16307
16383
16473
16543
16629
16723
16802
16889
16964
17052
17136
17229
17317
17397
17492
17576
17659
17756
17844
17923
18010
18099
18184
18253
18362
18440
18537
18629
18737
18825
18906
19003
19100
19190
19283
19362
19465
19558
19640
19730
19816
19931
20015
20103
20181
20278
20367
20457
20567
20666
20765
20848
20917
21016
21098
21182
21285
21384
21492
21587
21683
21782
21884
21975
22072
22161
22256
22350
22453
22554
22644
22749
22850
22940
23040
23127
23212
23316
23419
23512
23607
23690
23773
23886
23973
24055
24160
24260
24335
24425
24532
24632
24712
24803
24900
25029
25134
25261
25344
25434
25537
25654
25762
25877
25980
26092
26198
26279
26396
26492
26599
26700
26805
26918
27011
27116
27197
27296
27413
27512
27622
27734
27831
27944
28041
28148
28251
28354
28456
28546
28646
28753
28857
28967
29076
29195
29291
29384
29476
29583
29711
29800
29901
