0
1
2
2
2
3
6
9
10
13
18
25
30
30
35
39
44
51
55
62
69
79
90
100
111
116
126
138
147
165
175
187
203
215
234
242
255
260
271
288
300
314
330
348
362
373
390
412
421
436
463
480
502
519
541
564
587
609
629
647
664
682
702
724
750
774
795
816
837
855
876
901
928
945
979
1008
1028
1055
1083
1109
1129
1156
1180
1215
1242
1278
1311
1342
1366
1402
1428
1450
1478
1517
1548
1571
1592
1624
1649
1686
1722
1751
1782
1814
1839
1866
1899
1935
1963
1996
2026
2062
2092
2121
2156
2193
2232
2279
2323
2360
2404
2446
2487
2528
2564
2602
2638
2671
2707
2734
2773
2810
2841
2879
2929
2971
3017
3061
3107
3153
3186
3228
3281
3330
3379
3437
3478
3529
3575
3625
3686
3735
3774
3822
3871
3921
3973
4023
4073
4120
4162
4213
4264
4312
4370
4431
4480
4534
4594
4657
4710
4763
4812
4866
4929
4979
5035
5090
5148
5201
5250
5306
5370
5421
5487
5547
5607
5659
5726
5779
5857
5905
5961
6008
6066
6129
6192
6247
6305
6372
6435
6504
6564
6606
6664
6741
6804
6855
6917
6973
7045
7108
7169
7225
7288
7357
7421
7479
7532
7593
7653
7719
7789
7846
7914
7971
8023
8073
8137
8202
8265
8335
8402
8466
8529
8595
8656
8724
8782
8846
8915
8987
9057
9127
9196
9267
9340
9406
9450
9516
9604
9667
9731
9800
9864
9936
9999
10067
10137
10216
10289
10348
10412
10484
10571
10667
10732
10812
10875
10946
11016
11081
11149
11221
11274
11349
11417
11499
11564
11635
11699
11790
11863
11940
12036
12125
12189
12253
12318
12379
12471
12548
12617
12688
12768
12840
12917
12991
13076
13176
13248
13332
13428
13506
13575
13657
13745
13822
13891
13975
14055
14143
14226
14322
14394
14463
14549
14625
14691
14778
14854
14937
15004
15097
15185
15249
15327
15398
15465
15534
15623
15709
15787
15865
15947
16024
16108
16203
16276
16372
16465
16544
16623
16705
16768
16837
16917
17011
17101
17176
17253
17347
17428
17512
17581
17673
17749
17831
17930
17997
18087
18168
18232
18324
18420
18507
18594
18672
18768
18858
18943
19031
19107
19191
19272
19361
19466
19561
19655
19748
19828
19911
19997
20089
20172
20249
20337
20419
20505
20577
20671
20750
20850
20935
21026
21112
21209
21296
21382
21469
21553
21644
21716
21808
21898
21992
22076
22146
22222
22302
22385
22465
22549
22633
22729
22819
22922
23008
23089
23157
23247
23324
23407
23494
23588
23666
23744
23825
23911
23993
24073
24150
24247
24340
24428
24514
24596
24669
24755
24847
24945
25043
25122
25208
25289
25374
25462
25554
25637
25717
25802
25894
25986
26080
26163
26256
26340
26425
26499
26585
26664
26750
26829
26919
27001
27084
27166
27268
27340
27429
27515
27600
27684
27768
27849
27941
28031
28108
28183
28272
28368
28435
28520
28616
28709
28799
28877
28964
29057
29134
29203
29287
29357
29432
29514
29604
29679
29762
29841
29916
