0
2
2
5
6
8
9
12
15
21
28
33
38
44
52
57
62
74
82
92
103
114
123
130
141
150
158
168
178
190
201
213
226
239
251
270
281
297
314
325
339
363
381
398
421
441
458
473
500
520
538
553
573
592
603
615
637
659
687
708
730
758
784
806
824
850
874
905
937
958
985
1017
1041
1065
1090
1125
1145
1170
1198
1221
1249
1279
1307
1336
1365
1391
1420
1456
1494
1528
1559
1590
1623
1653
1682
1712
1745
1779
1816
1844
1885
1915
1950
1997
2037
2074
2114
2145
2173
2219
2245
2295
2330
2371
2415
2460
2505
2549
2588
2635
2667
2700
2739
2777
2816
2861
2899
2936
2973
3015
3060
3107
3149
3193
3219
3261
3310
3345
3389
3428
3467
3518
3562
3600
3644
3695
3732
3779
3824
3867
3915
3961
4014
4069
4132
4179
4231
4284
4341
4384
4428
4474
4527
4574
4621
4672
4732
4796
4849
4889
4946
4982
5035
5074
5121
5175
5230
5293
5348
5400
5453
5509
5572
5633
5689
5749
5797
5849
5900
5945
5995
6041
6103
6163
6214
6261
6312
6363
6413
6476
6532
6597
6669
6723
6775
6840
6902
6955
7012
7068
7115
7173
7236
7304
7368
7439
7493
7552
7610
7679
7745
7809
7875
7924
7976
8032
8097
8157
8220
8282
8336
8388
8454
8523
8580
8646
8699
8752
8803
8857
8930
8992
9057
9118
9177
9231
9295
9358
9440
9531
9601
9658
9732
9792
9852
9922
9999
10068
10130
10211
10265
10337
10402
10463
10545
10609
10680
10751
10829
10900
10975
11039
11118
11175
11243
11321
11379
11456
11524
11607
11695
11766
11823
11911
11993
12064
12131
12206
12290
12373
12461
12557
12641
12713
12784
12870
12947
13010
13088
13158
13235
13326
13406
13507
13584
13664
13742
13836
13925
13981
14055
14129
14216
14289
14374
14442
14517
14600
14684
14766
14845
14919
14987
15071
15146
15240
15327
15414
15501
15582
15663
15742
15831
15900
15973
16062
16150
16222
16297
16379
16484
16554
16638
16714
16791
16879
16975
17046
17125
17217
17306
17376
17441
17520
17593
17667
17761
17854
17935
18013
18103
18184
18282
18362
18444
18531
18608
18710
18789
18876
18946
19017
19099
19191
19282
19363
19455
19541
19624
19706
19804
19891
19971
20064
20132
20208
20282
20361
20438
20521
20589
20676
20754
20814
20888
20975
21093
21169
21262
21345
21431
21520
21603
21677
21779
21862
21934
22006
22102
22179
22268
22348
22436
22527
22615
22707
22793
22874
22952
23032
23129
23207
23309
23396
23485
23577
23649
23731
23812
23882
23958
24050
24143
24234
24319
24390
24468
24540
24637
24717
24799
24885
24969
25068
25187
25276
25358
25452
25534
25621
25703
25786
25876
25984
26060
26133
26204
26300
26385
26465
26542
26617
26712
26794
26888
26973
27060
27152
27234
27323
27398
27483
27576
27655
27748
27838
27921
27993
28081
28168
28264
28367
28457
28535
28628
28718
28815
28912
28997
29083
29160
29242
29336
29424
29513
29605
29686
29757
29850
29921
