0
47
187
416
726
1119
1585
2113
2701
3329
4002
4745
5543
6348
7194
8054
8855
9628
10340
11075
11726
12400
13072
13633
14192
14652
15163
15604
15980
16390
16787
17242
17709
18144
18594
19030
19471
19869
20292
20674
21016
21362
21677
21981
22231
22423
22579
22736
22917
23087
23214
23312
23373
23444
23506
23546
23588
23634
23658
23703
23750
23791
23852
23971
24089
24212
24343
24494
24602
24748
24883
25022
25161
25288
25419
25559
25677
25783
25853
25912
26027
26174
26240
26273
26319
26361
26412
26463
26499
26517
26538
26578
26604
26622
26654
26693
26743
26828
26919
27016
27117
27239
27344
27413
27456
27493
27527
27569
27616
27666
27700
27732
27763
27783
27801
27806
27812
27823
27829
27833
27837
27841
27852
27868
27884
27887
27893
27898
27899
27901
27913
27916
27916
27917
27918
27923
27938
27954
28007
28060
28131
28205
28276
28310
28362
28407
28450
28510
28597
28679
28727
28746
28763
28767
28781
28804
28813
28841
28853
28856
28862
28870
28872
28872
28880
28906
28925
28933
28937
28940
28947
28972
29019
29068
29085
29093
29099
29101
29110
29127
29133
29133
29135
29135
29135
29135
29135
29135
29137
29139
29139
29139
29139
29141
29141
29144
29145
29145
29147
29161
29196
29268
29333
29351
29357
29362
29365
29365
29366
29366
29366
29366
29366
29366
29366
29369
29370
29373
29376
29386
29390
29392
29408
29432
29452
29464
29469
29469
29470
29470
29470
29471
29472
29472
29472
29474
29475
29475
29475
29475
29475
29476
29480
29484
29484
29484
29484
29488
29489
29494
29494
29495
29496
29501
29511
29514
29514
29516
29517
29518
29519
29521
29521
29527
29530
29530
29530
29530
29530
29530
29530
29539
29546
29546
29546
29546
29546
29546
29546
29546
29546
29546
29546
29547
29547
29547
29550
29555
29571
29594
29624
29646
29678
29689
29695
29699
29701
29701
29701
29704
29708
29709
29709
29709
29709
29710
29710
29710
29712
29713
29715
29716
29716
29718
29721
29726
29729
29729
29731
29733
29743
29765
29793
29807
29824
29825
29825
29828
29828
29828
29829
29834
29835
29835
29835
29835
29835
29839
29839
29839
29841
29846
29852
29871
29884
29890
29891
29894
29894
29894
29895
29896
29896
29896
29896
29898
29898
29901
29914
29921
29922
29922
29922
29922
29922
29923
29923
29923
29923
29923
29923
29923
29923
29923
29923
29923
29923
29923
29923
29923
29923
29923
29923
29923
29923
29923
29923
29923
29923
29923
29923
29923
29923
29923
29923
29923
29923
29923
29923
29923
29923
29923
29923
29923
29923
29923
29923
29923
29923
29923
29923
29923
29923
29923
29923
29923
29923
29924
29924
29924
29924
29925
29925
29925
29926
29928
29939
29942
29943
29944
29944
29944
29945
29945
29955
29964
29964
29964
29964
29964
29964
29965
29968
29974
29975
29976
29976
29976
29976
29976
29976
29976
29976
29976
29978
29978
29978
29978
29978
29978
29978
29978
29978
29978
29978
29978
29978
29978
29978
29978
29978
29978
29978
29978
29978
29978
29978
29978
29979
29979
29983
29985
29985
29985
29989
29989
29989
29989
29990
29994
29999
29999
29999
29999
30000
30000
30000
30000
30000
30000
