0
21
45
81
102
117
130
148
177
206
226
243
289
330
389
435
476
519
571
637
708
785
869
951
1048
1139
1264
1361
1463
1569
1651
1747
1822
1914
2033
2148
2265
2430
2558
2722
2879
3054
3193
3367
3507
3658
3796
3928
4055
4191
4324
4449
4599
4743
4855
4972
5064
5185
5321
5437
5538
5645
5763
5840
5950
6055
6145
6266
6369
6484
6577
6679
6785
6877
6969
7056
7151
7254
7331
7411
7491
7592
7683
7773
7851
7940
8029
8114
8193
8269
8347
8449
8545
8628
8723
8816
8917
9017
9158
9292
9406
9513
9605
9707
9806
9920
10000
10114
10218
10317
10427
10541
10665
10755
10870
10985
11096
11208
11351
11473
11584
11715
11832
11939
12050
12164
12272
12391
12489
12578
12662
12758
12852
12943
13035
13119
13195
13286
13367
13439
13528
13611
13695
13775
13841
13924
13987
14056
14128
14189
14256
14349
14406
14462
14560
14655
14737
14820
14941
15056
15143
15214
15294
15385
15464
15576
15671
15753
15827
15923
16008
16092
16180
16237
16310
16369
16441
16537
16611
16678
16753
16828
16910
16970
17019
17089
17181
17265
17347
17432
17527
17588
17643
17697
17759
17825
17896
17967
18051
18136
18198
18274
18341
18427
18516
18590
18666
18746
18831
18892
18970
19040
19120
19197
19246
19300
19367
19415
19475
19540
19593
19648
19695
19752
19812
19870
19906
19954
19995
20038
20094
20143
20181
20210
20245
20299
20335
20385
20433
20473
20528
20574
20628
20666
20715
20753
20789
20824
20868
20924
20977
21015
21056
21118
21170
21216
21264
21308
21349
21390
21444
21491
21522
21567
21612
21654
21708
21745
21774
21818
21875
21926
21961
22009
22060
22110
22155
22210
22256
22291
22345
22388
22431
22486
22544
22597
22647
22680
22730
22776
22819
22856
22888
22931
22973
23030
23073
23113
23161
23207
23269
23323
23381
23431
23468
23517
23556
23599
23646
23698
23761
23803
23842
23883
23915
23954
23985
24029
24067
24099
24135
24172
24209
24246
24288
24336
24380
24421
24470
24507
24532
24581
24619
24655
24689
24734
24762
24797
24826
24867
24908
24955
25002
25047
25079
25114
25157
25197
25232
25261
25297
25334
25376
25427
25475
25529
25579
25619
25669
25727
25776
25815
25858
25900
25935
25985
26023
26061
26092
26119
26151
26184
26224
26267
26295
26335
26376
26422
26467
26523
26555
26583
26627
26664
26700
26733
26769
26810
26853
26899
26932
26973
27023
27052
27089
27141
27181
27211
27238
27262
27282
27312
27336
27366
27401
27425
27456
27495
27528
27556
27584
27620
27647
27678
27708
27746
27772
27792
27820
27856
27886
27922
27950
27982
28017
28060
28109
28134
28168
28196
28224
28250
28280
28302
28333
28357
28383
28405
28430
28456
28491
28518
28544
28568
28609
28638
28674
28707
28735
28754
28782
28802
28825
28855
28885
28907
28922
28951
28981
28997
29016
29039
29065
29085
29103
29126
29144
29170
29200
29220
29233
29251
29274
29312
29354
29383
29404
29430
29459
29501
29540
29565
29586
29619
29645
29663
29696
29719
29748
29781
29798
29823
29842
29861
29890
29913
29935
29957
29970
29985
