0
1
1
3
4
5
6
6
8
13
15
16
19
23
30
33
39
42
44
52
55
60
69
76
81
82
89
96
100
111
119
125
132
136
141
148
162
178
186
199
204
212
223
231
248
255
272
287
303
313
327
346
362
372
381
401
416
433
444
458
470
483
496
509
523
537
548
562
586
603
623
641
664
679
690
708
722
752
775
796
817
838
855
877
893
915
939
961
987
1010
1036
1060
1074
1096
1125
1153
1170
1186
1215
1238
1257
1286
1305
1325
1356
1389
1414
1442
1473
1506
1534
1570
1597
1626
1659
1680
1709
1734
1768
1798
1828
1854
1884
1918
1943
1968
1996
2014
2044
2070
2092
2132
2167
2202
2228
2261
2295
2332
2364
2405
2439
2477
2509
2544
2577
2620
2648
2681
2715
2744
2778
2805
2839
2873
2918
2954
2997
3020
3062
3098
3126
3165
3205
3239
3270
3303
3349
3384
3424
3465
3506
3551
3593
3636
3681
3724
3763
3807
3835
3887
3939
3986
4037
4076
4122
4168
4205
4248
4285
4321
4366
4408
4447
4492
4544
4586
4630
4675
4726
4773
4824
4864
4910
4954
4996
5046
5084
5126
5173
5224
5277
5340
5381
5430
5482
5526
5585
5641
5694
5746
5796
5854
5892
5953
6004
6052
6115
6176
6221
6267
6317
6366
6413
6458
6505
6566
6612
6669
6709
6769
6814
6869
6938
7003
7062
7125
7183
7234
7292
7355
7410
7467
7536
7582
7644
7708
7775
7823
7880
7943
8004
8073
8140
8197
8257
8306
8380
8452
8518
8581
8648
8718
8783
8861
8931
8990
9058
9135
9209
9271
9336
9408
9478
9562
9632
9706
9773
9830
9897
9973
10034
10095
10161
10233
10294
10371
10471
10545
10609
10671
10742
10813
10893
10958
11024
11096
11172
11250
11309
11386
11482
11558
11633
11708
11779
11853
11935
12012
12079
12162
12238
12322
12404
12474
12551
12643
12708
12808
12892
12967
13032
13119
13197
13274
13341
13433
13519
13603
13701
13804
13897
13989
14071
14164
14248
14345
14426
14511
14598
14680
14776
14855
14962
15061
15144
15227
15323
15410
15490
15580
15668
15747
15832
15913
16005
16080
16180
16286
16376
16451
16542
16639
16711
16804
16899
17003
17084
17175
17267
17361
17455
17547
17640
17727
17823
17908
18006
18108
18181
18273
18371
18443
18546
18627
18714
18819
18910
19000
19093
19198
19308
19392
19470
19587
19679
19770
19861
19956
20059
20145
20242
20327
20426
20532
20635
20739
20832
20929
21016
21111
21219
21307
21393
21501
21613
21709
21824
21934
22059
22158
22255
22348
22445
22523
22630
22726
22822
22915
23027
23141
23234
23336
23440
23550
23663
23775
23871
23984
24107
24220
24313
24410
24525
24653
24759
24883
24968
25093
25193
25308
25425
25558
25657
25762
25866
25984
26088
26199
26307
26418
26530
26634
26759
26866
26973
27080
27187
27302
27439
27560
27645
27757
27885
28029
28119
28224
28344
28473
28588
28692
28788
28905
29053
29180
29299
29409
29527
29652
29765
29873
