0
1
1
1
2
2
3
4
5
8
9
9
12
14
20
28
33
37
39
44
48
55
63
66
68
73
79
81
87
92
95
98
105
113
123
129
134
140
154
159
164
173
180
187
203
210
223
237
246
258
272
286
302
314
322
333
344
354
365
379
390
409
420
441
454
472
487
499
513
530
545
552
573
596
610
632
649
659
672
690
715
729
754
776
797
822
839
865
890
912
935
957
975
1003
1027
1044
1065
1090
1116
1140
1155
1184
1210
1227
1246
1272
1294
1327
1355
1389
1415
1437
1456
1483
1510
1539
1561
1581
1600
1631
1663
1686
1709
1745
1771
1808
1844
1870
1898
1931
1954
1990
2027
2067
2106
2139
2176
2203
2239
2267
2291
2328
2365
2392
2425
2453
2487
2523
2548
2582
2613
2653
2682
2721
2762
2794
2837
2875
2922
2954
2996
3037
3082
3111
3140
3180
3225
3271
3308
3364
3408
3448
3492
3541
3588
3632
3669
3711
3758
3808
3854
3889
3918
3966
4020
4058
4111
4150
4191
4247
4300
4340
4380
4423
4467
4513
4563
4611
4650
4689
4732
4791
4820
4875
4932
4973
5029
5079
5139
5188
5245
5300
5361
5416
5474
5510
5557
5613
5667
5713
5759
5816
5852
5908
5951
5995
6047
6107
6158
6218
6285
6345
6393
6442
6497
6550
6617
6678
6735
6801
6854
6913
6960
7012
7065
7118
7186
7269
7331
7396
7448
7506
7565
7625
7686
7763
7830
7892
7942
8012
8075
8144
8197
8243
8308
8373
8441
8499
8560
8654
8718
8776
8838
8902
8982
9053
9122
9193
9255
9319
9382
9444
9504
9590
9662
9742
9808
9886
9961
10028
10091
10162
10235
10320
10394
10466
10548
10613
10685
10754
10838
10899
10974
11052
11130
11190
11252
11324
11416
11488
11551
11623
11690
11770
11846
11926
11998
12073
12151
12220
12317
12398
12474
12550
12618
12697
12777
12843
12921
12994
13077
13154
13243
13320
13405
13487
13575
13656
13749
13833
13904
13990
14078
14144
14241
14322
14416
14497
14589
14684
14783
14868
14949
15044
15125
15214
15314
15416
15493
15586
15672
15775
15858
15952
16031
16111
16194
16295
16380
16456
16547
16628
16715
16804
16910
16998
17074
17164
17264
17340
17430
17514
17603
17695
17788
17882
17969
18057
18137
18228
18335
18427
18528
18642
18746
18840
18926
19019
19119
19217
19295
19383
19472
19576
19664
19754
19861
19975
20065
20151
20235
20321
20435
20536
20623
20716
20812
20914
21015
21117
21221
21328
21419
21515
21617
21717
21807
21914
22009
22092
22181
22277
22382
22495
22598
22702
22815
22940
23051
23153
23251
23350
23448
23566
23684
23793
23899
23993
24096
24198
24316
24432
24547
24665
24759
24876
24986
25101
25220
25334
25447
25550
25665
25770
25895
26014
26130
26239
26355
26475
26575
26681
26797
26893
27006
27128
27226
27343
27450
27573
27688
27819
27942
28038
28142
28255
28357
28464
28582
28701
28829
28950
29048
29163
29278
29422
29547
29674
29779
29893
