0 0
10 31
20 82
30 155
40 244
50 323
60 413
70 486
80 555
90 645
100 727
110 809
120 885
130 968
140 1045
150 1130
160 1230
170 1355
180 1473
190 1586
200 1675
210 1788
220 1887
230 1969
240 2060
250 2137
260 2241
270 2343
280 2471
290 2584
300 2700
310 2836
320 2960
330 3090
340 3223
350 3342
360 3439
370 3550
380 3648
390 3751
400 3845
410 3936
420 4055
430 4176
440 4279
450 4376
460 4485
470 4576
480 4675
490 4773
500 4861
510 4944
520 5065
530 5154
540 5228
550 5319
560 5416
570 5499
580 5596
590 5684
600 5778
610 5900
620 6005
630 6126
640 6239
650 6359
660 6494
670 6643
680 6795
690 6935
700 7061
710 7153
720 7270
730 7355
740 7435
750 7518
760 7620
770 7738
780 7843
790 7969
800 8095
810 8213
820 8302
830 8392
840 8478
850 8560
860 8660
870 8761
880 8859
890 8956
900 9046
910 9130
920 9221
930 9307
940 9389
950 9510
960 9618
970 9707
980 9798
990 9899
1000 10004
1010 10118
1020 10237
1030 10351
1040 10463
1050 10529
1060 10613
1070 10715
1080 10808
1090 10894
1100 10978
1110 11060
1120 11139
1130 11224
1140 11295
1150 11363
1160 11449
1170 11538
1180 11605
1190 11668
1200 11749
1210 11815
1220 11890
1230 11974
1240 12073
1250 12138
1260 12217
1270 12298
1280 12390
1290 12499
1300 12593
1310 12677
1320 12745
1330 12815
1340 12917
1350 12988
1360 13043
1370 13120
1380 13188
1390 13261
1400 13342
1410 13428
1420 13506
1430 13572
1440 13642
1450 13708
1460 13784
1470 13848
1480 13904
1490 13962
1500 14014
1510 14073
1520 14132
1530 14195
1540 14243
1550 14293
1560 14348
1570 14403
1580 14457
1590 14527
1600 14590
1610 14638
1620 14700
1630 14770
1640 14838
1650 14910
1660 14966
1670 15013
1680 15066
1690 15133
1700 15180
1710 15235
1720 15302
1730 15340
1740 15385
1750 15457
1760 15511
1770 15566
1780 15606
1790 15658
1800 15709
1810 15769
1820 15828
1830 15894
1840 15943
1850 16012
1860 16068
1870 16133
1880 16203
1890 16264
1900 16314
1910 16366
1920 16435
1930 16501
1940 16559
1950 16611
1960 16653
1970 16700
1980 16751
1990 16790
2000 16832
2010 16883
2020 16934
2030 16991
2040 17041
2050 17093
2060 17161
2070 17224
2080 17308
2090 17368
2100 17418
2110 17466
2120 17512
2130 17556
2140 17617
2150 17672
2160 17720
2170 17769
2180 17812
2190 17868
2200 17912
2210 17953
2220 18001
2230 18056
2240 18110
2250 18164
2260 18216
2270 18284
2280 18343
2290 18388
2300 18435
2310 18478
2320 18529
2330 18571
2340 18614
2350 18655
2360 18702
2370 18739
2380 18792
2390 18821
2400 18869
2410 18907
2420 18949
2430 18986
2440 19015
2450 19063
2460 19099
2470 19144
2480 19195
2490 19249
2500 19297
2510 19331
2520 19377
2530 19432
2540 19460
2550 19514
2560 19550
2570 19596
2580 19642
2590 19706
2600 19754
2610 19794
2620 19843
2630 19880
2640 19925
2650 19964
2660 20004
2670 20064
2680 20116
2690 20182
2700 20228
2710 20273
2720 20324
2730 20371
2740 20435
2750 20483
2760 20563
2770 20618
2780 20676
2790 20748
2800 20810
2810 20891
2820 20963
2830 21024
2840 21090
2850 21155
2860 21214
2870 21269
2880 21316
2890 21358
2900 21392
2910 21447
2920 21497
2930 21566
2940 21614
2950 21655
2960 21712
2970 21770
2980 21837
2990 21897
3000 21965
3010 22027
3020 22073
3030 22132
3040 22184
3050 22234
3060 22306
3070 22370
3080 22435
3090 22495
3100 22566
3110 22631
3120 22707
3130 22769
3140 22831
3150 22909
3160 22997
3170 23084
3180 23159
3190 23235
3200 23301
3210 23368
3220 23429
3230 23480
3240 23521
3250 23589
3260 23649
3270 23704
3280 23760
3290 23819
3300 23871
3310 23935
3320 24000
3330 24096
3340 24170
3350 24233
3360 24296
3370 24352
3380 24411
3390 24468
3400 24515
3410 24580
3420 24626
3430 24673
3440 24734
3450 24797
3460 24844
3470 24887
3480 24926
3490 24978
3500 25037
3510 25080
3520 25115
3530 25187
3540 25230
3550 25259
3560 25312
3570 25360
3580 25404
3590 25447
3600 25479
3610 25527
3620 25565
3630 25609
3640 25655
3650 25689
3660 25723
3670 25764
3680 25801
3690 25855
3700 25887
3710 25919
3720 25945
3730 25978
3740 26024
3750 26070
3760 26104
3770 26141
3780 26171
3790 26202
3800 26234
3810 26283
3820 26328
3830 26360
3840 26384
3850 26420
3860 26455
3870 26479
3880 26505
3890 26538
3900 26559
3910 26583
3920 26618
3930 26648
3940 26673
3950 26715
3960 26766
3970 26804
3980 26859
3990 26893
4000 26935
4010 26974
4020 27005
4030 27038
4040 27073
4050 27114
4060 27142
4070 27167
4080 27222
4090 27262
4100 27331
4110 27379
4120 27419
4130 27459
4140 27497
4150 27543
4160 27580
4170 27609
4180 27642
4190 27680
4200 27708
4210 27750
4220 27775
4230 27808
4240 27839
4250 27877
4260 27913
4270 27958
4280 27996
4290 28031
4300 28068
4310 28104
4320 28127
4330 28163
4340 28199
4350 28224
4360 28254
4370 28282
4380 28324
4390 28364
4400 28404
4410 28445
4420 28484
4430 28512
4440 28542
4450 28579
4460 28608
4470 28645
4480 28685
4490 28723
4500 28758
4510 28792
4520 28825
4530 28859
4540 28894
4550 28914
4560 28940
4570 28972
4580 28994
4590 29023
4600 29049
4610 29083
4620 29113
4630 29139
4640 29160
4650 29191
4660 29214
4670 29241
4680 29273
4690 29299
4700 29315
4710 29355
4720 29382
4730 29409
4740 29431
4750 29463
4760 29513
4770 29541
4780 29568
4790 29597
4800 29623
4810 29638
4820 29659
4830 29690
4840 29714
4850 29743
4860 29764
4870 29781
4880 29803
4890 29820
4900 29835
4910 29851
4920 29873
4930 29888
4940 29900
4950 29917
4960 29932
4970 29951
4980 29969
4990 29981
