0
1
2
5
5
6
7
8
8
10
12
18
21
24
27
31
36
45
48
51
56
63
72
75
85
94
97
102
107
114
123
137
141
149
157
167
174
180
191
202
214
222
233
244
260
268
282
293
306
321
336
348
360
370
388
408
420
436
450
463
480
492
512
528
547
566
585
601
622
640
666
685
699
719
738
754
775
799
826
851
875
895
924
942
968
987
1009
1031
1065
1100
1128
1142
1166
1195
1210
1233
1262
1294
1321
1355
1382
1408
1430
1451
1468
1501
1522
1547
1584
1607
1638
1663
1706
1734
1760
1790
1816
1851
1883
1912
1944
1982
2008
2035
2063
2094
2136
2173
2209
2248
2284
2325
2360
2393
2423
2455
2491
2524
2558
2599
2638
2664
2699
2739
2783
2814
2858
2895
2938
2986
3017
3053
3097
3140
3179
3206
3248
3287
3329
3361
3398
3452
3493
3558
3594
3634
3689
3728
3770
3830
3865
3901
3941
3990
4031
4071
4115
4158
4196
4246
4300
4337
4376
4430
4482
4524
4570
4613
4661
4709
4762
4814
4881
4938
4995
5050
5099
5133
5187
5253
5307
5358
5432
5485
5536
5596
5642
5704
5755
5801
5846
5897
5965
6017
6078
6131
6186
6242
6302
6366
6431
6483
6544
6616
6671
6740
6814
6863
6923
6980
7043
7113
7178
7238
7289
7342
7403
7468
7549
7600
7662
7721
7769
7832
7891
7956
8011
8081
8132
8195
8249
8303
8357
8403
8472
8539
8603
8663
8740
8788
8862
8933
8997
9067
9145
9211
9267
9335
9420
9500
9569
9647
9707
9777
9860
9919
9982
10040
10108
10168
10235
10311
10370
10443
10502
10569
10641
10711
10781
10861
10932
11005
11059
11135
11197
11272
11339
11421
11490
11560
11621
11696
11774
11848
11924
12006
12088
12163
12239
12317
12388
12480
12572
12639
12722
12799
12877
12973
13052
13135
13229
13316
13389
13472
13562
13637
13722
13797
13866
13930
13995
14080
14158
14240
14313
14396
14480
14557
14640
14726
14806
14868
14949
15022
15105
15181
15257
15337
15422
15512
15593
15674
15749
15836
15931
16003
16090
16190
16274
16362
16443
16525
16616
16707
16798
16876
16953
17044
17129
17219
17317
17406
17497
17591
17673
17772
17860
17949
18029
18114
18209
18293
18386
18481
18572
18643
18734
18819
18906
18995
19082
19168
19264
19370
19470
19544
19630
19714
19813
19917
19990
20092
20193
20292
20401
20497
20594
20686
20784
20874
20983
21082
21166
21255
21346
21430
21542
21646
21729
21812
21907
22010
22112
22195
22293
22393
22489
22596
22688
22801
22918
23028
23120
23221
23313
23404
23498
23589
23677
23768
23867
23963
24046
24149
24239
24321
24420
24527
24636
24738
24837
24929
25039
25153
25251
25353
25450
25578
25674
25766
25859
25946
26058
26168
26251
26354
26459
26557
26650
26751
26850
26954
27054
27157
27268
27360
27461
27560
27656
27774
27891
27998
28099
28228
28325
28433
28535
28638
28741
28850
28966
29075
29187
29290
29393
29495
29589
29703
29808
29909
