0
1
1
1
1
2
2
5
5
5
8
8
9
17
23
26
27
32
33
38
48
52
62
70
75
80
87
96
108
111
116
126
139
151
157
165
172
187
203
212
218
232
243
247
257
266
276
294
312
319
326
338
352
366
386
398
415
430
440
460
478
502
521
540
561
578
592
609
625
651
674
695
708
725
748
761
783
811
828
843
870
888
902
919
948
969
995
1019
1044
1064
1089
1101
1129
1152
1185
1209
1237
1261
1285
1312
1343
1383
1407
1440
1465
1493
1527
1559
1587
1618
1649
1677
1706
1741
1769
1802
1841
1876
1896
1943
1978
2012
2060
2096
2138
2183
2217
2245
2272
2312
2347
2378
2411
2432
2462
2500
2525
2554
2594
2633
2675
2703
2739
2781
2819
2864
2915
2946
2984
3022
3063
3109
3151
3193
3235
3266
3310
3348
3385
3429
3473
3524
3575
3610
3642
3692
3743
3792
3830
3872
3921
3973
4011
4052
4102
4151
4195
4237
4280
4336
4391
4439
4478
4524
4564
4612
4662
4715
4757
4820
4871
4924
4974
5020
5082
5148
5192
5255
5308
5351
5405
5450
5505
5556
5616
5664
5714
5775
5848
5897
5955
6007
6058
6117
6168
6218
6274
6325
6368
6425
6470
6529
6582
6645
6709
6772
6831
6905
6969
7028
7086
7141
7202
7258
7296
7357
7427
7493
7546
7598
7649
7716
7774
7847
7906
7963
8017
8072
8127
8195
8250
8309
8383
8457
8516
8583
8652
8719
8787
8856
8925
8998
9074
9133
9208
9287
9346
9405
9476
9537
9599
9662
9738
9813
9896
9970
10041
10107
10172
10249
10321
10386
10455
10527
10616
10694
10757
10832
10900
10976
11041
11107
11195
11257
11332
11409
11495
11564
11642
11724
11799
11865
11930
11997
12075
12153
12221
12307
12382
12461
12546
12620
12688
12774
12850
12929
13010
13106
13198
13260
13329
13412
13495
13553
13646
13716
13791
13884
13960
14045
14145
14216
14293
14364
14444
14536
14598
14663
14752
14842
14928
14989
15070
15149
15218
15323
15421
15502
15576
15663
15743
15827
15908
15983
16062
16142
16248
16340
16436
16515
16587
16681
16773
16840
16918
17005
17114
17212
17315
17391
17481
17572
17654
17742
17825
17916
18001
18092
18189
18275
18380
18461
18547
18650
18736
18828
18905
18995
19103
19199
19293
19380
19475
19576
19674
19759
19844
19941
20032
20111
20204
20285
20363
20463
20570
20670
20750
20828
20922
21006
21116
21208
21313
21409
21505
21596
21682
21780
21884
21971
22046
22136
22237
22328
22421
22506
22605
22683
22788
22874
22945
23048
23138
23226
23330
23430
23525
23645
23732
23849
23955
24041
24133
24222
24328
24421
24532
24653
24758
24860
24938
25042
25134
25246
25340
25436
25523
25630
25726
25832
25945
26030
26119
26225
26331
26439
26531
26638
26756
26847
26939
27040
27140
27243
27340
27451
27541
27650
27762
27860
27961
28057
28174
28279
28385
28474
28571
28682
28764
28852
28965
29062
29152
29254
29370
29465
29558
29668
29787
29895
