0
30
96
194
278
368
456
546
611
687
787
859
930
1003
1084
1178
1267
1345
1419
1517
1610
1694
1765
1841
1914
1988
2050
2120
2196
2253
2327
2419
2516
2605
2679
2736
2809
2877
2933
3019
3100
3161
3210
3268
3331
3381
3433
3503
3574
3644
3716
3778
3837
3904
3976
4046
4120
4207
4278
4343
4412
4475
4553
4646
4745
4824
4894
4977
5087
5178
5254
5356
5447
5556
5677
5799
5934
6084
6245
6379
6526
6655
6798
6988
7160
7331
7476
7591
7691
7792
7880
7971
8065
8185
8283
8398
8515
8615
8730
8828
8921
9015
9126
9224
9327
9423
9500
9581
9666
9767
9880
9968
10047
10122
10225
10331
10433
10520
10600
10683
10754
10834
10905
10999
11100
11197
11295
11380
11453
11527
11632
11727
11819
11913
12008
12100
12194
12272
12365
12463
12578
12687
12790
12884
13005
13115
13202
13284
13369
13454
13537
13625
13708
13790
13867
13946
14023
14103
14176
14243
14314
14389
14459
14537
14630
14699
14770
14856
14947
15028
15123
15205
15271
15373
15465
15540
15604
15676
15762
15847
15932
16039
16131
16212
16293
16372
16456
16522
16588
16655
16722
16802
16871
16956
17056
17115
17197
17285
17356
17442
17529
17611
17698
17779
17846
17914
18001
18096
18197
18313
18442
18570
18666
18744
18814
18884
18955
19030
19093
19168
19232
19283
19350
19413
19491
19570
19650
19703
19757
19802
19850
19920
19978
20033
20090
20148
20192
20256
20312
20377
20452
20526
20588
20647
20711
20760
20801
20849
20889
20938
20990
21038
21082
21136
21188
21265
21328
21390
21470
21543
21590
21637
21688
21744
21818
21878
21932
21995
22048
22099
22143
22195
22228
22273
22320
22359
22401
22447
22485
22535
22580
22619
22653
22704
22758
22799
22847
22902
22960
23000
23034
23056
23102
23138
23190
23224
23253
23288
23325
23374
23407
23448
23480
23507
23542
23579
23613
23651
23687
23714
23764
23810
23855
23892
23921
23955
23986
24020
24063
24110
24144
24189
24258
24303
24347
24383
24426
24481
24523
24574
24617
24659
24700
24738
24799
24829
24878
24936
24993
25049
25093
25149
25190
25232
25287
25348
25401
25444
25481
25542
25589
25640
25688
25732
25756
25789
25834
25871
25909
25950
25991
26020
26059
26101
26144
26181
26201
26234
26270
26297
26330
26358
26392
26425
26462
26503
26539
26571
26613
26639
26666
26696
26717
26750
26793
26834
26873
26911
26952
26993
27037
27081
27131
27170
27200
27242
27293
27331
27374
27407
27439
27470
27516
27544
27585
27630
27682
27714
27750
27784
27817
27847
27890
27908
27935
27951
27970
27999
28024
28047
28075
28100
28121
28158
28190
28222
28253
28268
28292
28319
28343
28369
28386
28401
28428
28455
28473
28494
28523
28543
28568
28598
28621
28653
28681
28707
28725
28748
28766
28796
28820
28842
28873
28899
28918
28941
28965
28985
29017
29050
29079
29103
29130
29167
29216
29257
29284
29310
29337
29359
29380
29415
29454
29475
29498
29516
29536
29555
29580
29610
29633
29658
29687
29703
29715
29736
29753
29772
29797
29816
29834
29857
29870
29882
29902
29921
29947
29958
29972
29988
