0
51
190
400
693
1050
1467
1942
2462
2990
3522
4060
4622
5133
5630
6121
6613
7101
7451
7777
8093
8362
8674
8965
9318
9716
10094
10522
10984
11381
11841
12311
12817
13381
14008
14638
15273
15869
16383
16907
17373
17766
18125
18500
18843
19164
19427
19682
19929
20172
20342
20542
20770
20942
21093
21277
21457
21572
21712
21878
22074
22329
22573
22818
22984
23115
23279
23405
23549
23758
23998
24246
24493
24765
25018
25230
25375
25480
25549
25618
25679
25711
25755
25789
25852
25916
26008
26167
26273
26366
26447
26508
26550
26584
26610
26643
26667
26691
26726
26761
26810
26859
26906
26960
27010
27033
27046
27056
27066
27072
27083
27090
27104
27122
27130
27145
27163
27193
27262
27322
27377
27440
27485
27514
27536
27544
27556
27560
27580
27608
27663
27725
27804
27883
27961
28038
28130
28209
28281
28343
28418
28455
28473
28495
28510
28521
28558
28601
28631
28644
28653
28657
28660
28660
28664
28667
28670
28670
28671
28671
28672
28678
28690
28719
28725
28727
28727
28731
28742
28765
28770
28775
28776
28776
28779
28781
28783
28786
28792
28798
28817
28842
28846
28850
28855
28860
28863
28864
28867
28879
28894
28920
28945
28954
28958
28961
28965
28972
29019
29080
29133
29181
29243
29322
29373
29403
29408
29420
29424
29426
29427
29428
29433
29436
29438
29444
29453
29465
29472
29474
29487
29499
29506
29529
29537
29540
29549
29556
29557
29558
29562
29565
29574
29584
29588
29591
29599
29629
29676
29727
29747
29766
29774
29779
29791
29799
29833
29861
29874
29879
29895
29899
29900
29900
29900
29905
29906
29908
29909
29909
29909
29909
29909
29909
29909
29909
29911
29911
29911
29911
29911
29911
29912
29913
29918
29918
29918
29918
29920
29920
29921
29922
29926
29926
29926
29926
29926
29929
29935
29937
29937
29938
29938
29941
29943
29943
29943
29943
29943
29943
29943
29943
29946
29946
29946
29948
29949
29949
29949
29949
29949
29949
29949
29949
29949
29949
29949
29949
29950
29950
29950
29950
29950
29950
29953
29953
29953
29953
29953
29953
29953
29953
29953
29953
29953
29953
29953
29953
29953
29953
29953
29953
29953
29953
29953
29953
29953
29953
29956
29957
29957
29957
29958
29958
29958
29958
29958
29958
29958
29958
29959
29959
29959
29959
29959
29959
29960
29960
29960
29960
29960
29960
29960
29960
29964
29968
29968
29968
29969
29969
29969
29969
29969
29970
29973
29976
29976
29981
29982
29986
29986
29986
29986
29986
29986
29986
29986
29986
29986
29986
29986
29986
29986
29986
29986
29986
29986
29986
29986
29986
29987
29987
29987
29987
29987
29987
29987
29987
29987
29987
29987
29987
29987
29987
29987
29987
29987
29987
29987
29987
29987
29987
29987
29987
29987
29987
29988
29988
29988
29988
29988
29988
29988
29988
29988
29988
29988
29988
29988
29988
29989
29994
29995
29995
29995
29995
29995
29995
29995
29995
29995
29995
29995
29995
29996
29997
29997
29998
29998
29998
29998
29998
29998
29998
29998
29999
29999
29999
29999
29999
29999
29999
29999
29999
29999
29999
29999
29999
29999
29999
29999
30000
30000
30000
30000
30000
30000
30000
30000
30000
