0	0	0	0	0	0	0	0	0	0
1	1	2	1	1	1	1	1	1	1
1	3	2	1	2	1	1	1	1	1
1	5	3	1	2	2	2	3	1	1
2	5	4	3	3	3	2	4	1	3
2	5	5	4	3	5	2	5	3	3
3	6	5	5	6	7	4	6	4	3
4	8	6	7	8	8	4	6	5	6
5	8	7	11	9	9	5	8	7	6
8	9	8	15	12	12	6	13	8	10
9	13	11	18	14	15	7	15	12	14
9	17	11	19	20	18	11	16	12	18
12	22	14	21	22	22	13	19	16	21
14	25	16	26	24	26	14	23	19	22
20	29	19	31	28	27	16	30	25	25
28	33	26	36	30	29	21	33	30	25
33	35	29	39	36	37	25	39	31	27
37	39	31	41	39	39	29	42	33	30
39	45	34	45	40	43	32	44	36	35
44	49	37	50	40	48	38	52	41	40
48	53	41	55	44	51	38	55	49	45
55	57	44	63	50	57	40	60	57	50
63	62	49	70	55	63	46	69	62	52
66	65	58	72	59	69	53	76	70	58
68	77	59	75	64	76	60	81	72	68
73	83	66	81	70	83	64	82	79	70
79	90	72	86	77	85	73	89	80	74
81	98	81	90	83	88	81	96	91	84
87	100	89	95	90	97	90	100	99	96
92	108	97	100	95	101	96	111	111	102
95	114	101	107	108	109	102	119	123	111
98	121	109	115	119	119	113	125	127	117
105	130	115	127	128	128	117	132	133	129
113	138	124	135	133	135	127	136	141	134
123	146	132	143	138	145	134	141	152	141
129	151	139	154	151	158	147	148	164	148
134	157	146	164	163	166	156	162	172	159
140	167	152	178	173	176	164	178	184	167
154	173	159	187	179	184	171	186	196	173
159	177	169	198	189	199	180	199	205	177
164	185	183	204	193	207	196	204	221	183
173	194	194	213	203	215	208	212	227	195
180	202	199	228	211	230	220	223	239	201
187	209	212	236	219	237	234	231	254	207
203	215	227	253	226	255	251	248	271	217
210	219	236	266	238	261	268	255	285	224
223	229	242	277	245	270	283	272	298	234
237	239	251	284	256	282	298	287	310	245
246	251	263	295	267	288	314	303	321	253
258	260	272	312	273	298	324	313	331	264
272	268	288	329	285	309	341	327	337	278
286	276	302	342	304	319	356	346	350	285
302	283	315	355	313	328	369	362	365	297
314	301	328	365	327	345	379	372	371	312
322	314	340	380	338	364	390	381	379	325
333	327	355	391	345	370	401	401	393	334
344	340	369	398	358	392	422	416	399	346
354	357	382	411	372	404	435	433	410	358
365	376	392	421	384	420	457	444	421	366
379	393	409	435	401	428	476	458	437	381
390	411	427	450	411	446	492	470	452	397
409	422	442	460	435	470	504	483	466	412
420	435	460	476	449	483	517	496	473	426
441	447	479	490	465	500	536	509	487	444
454	463	491	505	476	521	548	523	502	457
472	479	505	520	492	533	560	537	524	478
487	494	522	540	510	543	579	548	536	498
499	505	542	552	528	558	597	562	556	520
513	519	555	573	545	575	616	586	572	537
530	530	574	587	560	600	633	603	587	556
545	553	585	597	580	619	649	623	605	562
552	570	601	616	594	637	669	641	619	578
573	581	615	632	611	658	685	664	632	598
596	597	630	652	628	678	696	679	654	613
610	617	644	664	648	692	719	690	671	635
632	638	665	684	667	713	738	708	680	649
649	663	690	702	680	729	758	722	689	664
659	677	707	723	700	747	769	752	712	682
672	698	723	736	709	761	787	775	732	705
690	713	741	753	720	779	806	796	762	730
715	740	763	771	738	800	824	817	777	740
729	761	779	795	762	825	846	838	800	758
754	779	801	815	782	843	864	855	828	771
776	799	824	835	796	859	891	877	850	791
797	826	847	860	816	891	912	893	866	819
822	853	867	879	831	908	937	915	891	838
839	873	887	906	854	928	956	939	908	855
865	891	906	922	865	948	984	961	929	874
890	908	927	943	888	973	1003	987	945	887
912	927	948	957	915	999	1032	1010	968	908
935	947	974	977	939	1022	1059	1036	991	927
957	973	996	1007	954	1048	1085	1060	1018	943
975	998	1018	1033	972	1067	1105	1074	1037	958
1003	1015	1038	1061	995	1088	1125	1096	1059	978
1027	1033	1051	1077	1017	1107	1148	1125	1077	999
1044	1056	1073	1093	1037	1120	1177	1153	1099	1028
1065	1080	1092	1120	1059	1147	1208	1170	1124	1050
1090	1103	1116	1147	1084	1170	1236	1186	1154	1063
1116	1124	1134	1172	1105	1200	1256	1215	1167	1090
1140	1150	1154	1194	1129	1218	1289	1238	1195	1113
1155	1171	1177	1216	1153	1239	1312	1257	1224	1131
1184	1193	1203	1235	1179	1260	1332	1286	1257	1157
1210	1214	1227	1257	1193	1278	1354	1305	1278	1180
1227	1239	1250	1273	1224	1305	1384	1325	1307	1204
1246	1258	1280	1291	1246	1328	1400	1356	1334	1226
1272	1291	1308	1308	1271	1353	1421	1389	1357	1251
1294	1315	1330	1338	1305	1387	1447	1414	1384	1277
1327	1334	1354	1358	1329	1417	1465	1442	1401	1298
1355	1359	1377	1387	1355	1441	1491	1473	1427	1327
1389	1382	1397	1417	1384	1469	1511	1506	1445	1347
1415	1404	1425	1445	1416	1496	1535	1534	1468	1370
1437	1439	1448	1476	1441	1515	1561	1570	1489	1399
1456	1473	1475	1501	1465	1541	1588	1597	1511	1423
1483	1500	1516	1526	1488	1571	1617	1626	1541	1450
1510	1537	1535	1554	1505	1590	1643	1659	1567	1478
1539	1552	1566	1580	1526	1618	1689	1680	1600	1501
1561	1575	1596	1604	1548	1638	1713	1709	1621	1524
1581	1600	1614	1632	1578	1663	1738	1734	1658	1560
1600	1626	1647	1660	1600	1691	1766	1768	1675	1596
1631	1656	1669	1683	1635	1720	1798	1798	1698	1624
1663	1693	1700	1717	1661	1750	1820	1828	1732	1656
1686	1715	1732	1747	1695	1783	1850	1854	1765	1693
1709	1752	1760	1778	1722	1823	1881	1884	1793	1730
1745	1779	1789	1806	1749	1850	1909	1918	1826	1760
1771	1811	1810	1852	1776	1887	1934	1943	1848	1794
1808	1844	1835	1879	1809	1916	1964	1968	1879	1825
1844	1889	1880	1917	1845	1952	1999	1996	1913	1848
1870	1920	1910	1951	1872	1985	2019	2014	1944	1870
1898	1951	1949	1985	1903	2019	2052	2044	1974	1901
1931	1974	1976	2012	1934	2062	2089	2070	2010	1943
1954	2005	2004	2037	1965	2101	2118	2092	2045	1975
1990	2035	2038	2063	1986	2134	2144	2132	2084	2005
2027	2070	2066	2101	2009	2170	2167	2167	2123	2039
2067	2105	2105	2138	2028	2196	2194	2202	2151	2068
2106	2138	2137	2171	2059	2227	2220	2228	2190	2099
2139	2174	2165	2200	2097	2262	2253	2261	2222	2134
2176	2206	2196	2226	2126	2294	2283	2295	2252	2163
2203	2245	2227	2267	2160	2318	2315	2332	2288	2202
2239	2272	2250	2295	2199	2357	2346	2364	2323	2232
2267	2302	2275	2327	2229	2389	2375	2405	2355	2261
2291	2343	2314	2365	2265	2425	2406	2439	2386	2299
2328	2380	2334	2402	2292	2460	2440	2477	2422	2337
2365	2420	2369	2430	2333	2491	2470	2509	2461	2375
2392	2459	2399	2458	2374	2529	2516	2544	2491	2416
2425	2491	2446	2490	2395	2557	2559	2577	2534	2448
2453	2526	2478	2532	2434	2595	2589	2620	2571	2479
2487	2551	2508	2565	2465	2623	2622	2648	2604	2516
2523	2592	2544	2598	2505	2645	2651	2681	2642	2559
2548	2626	2568	2633	2536	2691	2676	2715	2677	2598
2582	2669	2601	2676	2576	2728	2707	2744	2710	2645
2613	2715	2640	2704	2609	2752	2746	2778	2766	2689
2653	2749	2679	2745	2638	2794	2773	2805	2799	2719
2682	2790	2711	2785	2679	2824	2814	2839	2835	2753
2721	2830	2744	2834	2722	2870	2854	2873	2877	2787
2762	2857	2777	2875	2764	2894	2894	2918	2924	2817
2794	2897	2818	2918	2802	2942	2928	2954	2954	2857
2837	2935	2863	2964	2834	2984	2965	2997	3001	2898
2875	2974	2896	3003	2875	3020	2998	3020	3036	2940
2922	3015	2936	3040	2900	3062	3033	3062	3078	2981
2954	3054	2972	3081	2937	3099	3062	3098	3112	3033
2996	3090	3007	3124	2973	3134	3103	3126	3142	3071
3037	3125	3047	3154	3025	3177	3133	3165	3178	3110
3082	3162	3086	3195	3063	3211	3189	3205	3209	3138
3111	3207	3123	3244	3109	3252	3226	3239	3237	3179
3140	3250	3161	3280	3155	3282	3269	3270	3271	3230
3180	3286	3216	3328	3195	3334	3317	3303	3307	3271
3225	3338	3262	3379	3231	3385	3342	3349	3351	3303
3271	3374	3308	3421	3276	3418	3375	3384	3381	3335
3308	3403	3345	3455	3313	3454	3418	3424	3419	3388
3364	3446	3387	3497	3345	3489	3450	3465	3468	3435
3408	3496	3429	3546	3395	3537	3493	3506	3509	3473
3448	3546	3472	3589	3447	3576	3531	3551	3549	3518
3492	3585	3503	3624	3494	3623	3574	3593	3591	3556
3541	3638	3556	3660	3538	3661	3604	3636	3631	3598
3588	3689	3603	3705	3575	3707	3656	3681	3659	3635
3632	3734	3652	3740	3608	3743	3695	3724	3703	3676
3669	3773	3700	3787	3658	3782	3734	3763	3751	3705
3711	3824	3755	3836	3707	3823	3786	3807	3784	3733
3758	3856	3798	3862	3754	3863	3826	3835	3841	3777
3808	3909	3833	3899	3800	3910	3865	3887	3884	3820
3854	3947	3869	3949	3836	3945	3912	3939	3930	3858
3889	3986	3906	3985	3874	3999	3957	3986	3964	3898
3918	4031	3947	4035	3923	4047	3998	4037	4005	3943
3966	4087	3990	4086	3969	4095	4035	4076	4049	3985
4020	4128	4033	4132	4013	4137	4083	4122	4092	4022
4058	4171	4077	4166	4046	4203	4118	4168	4137	4072
4111	4213	4123	4223	4079	4247	4165	4205	4195	4122
4150	4257	4170	4269	4133	4283	4208	4248	4234	4166
4191	4291	4211	4323	4187	4325	4249	4285	4280	4215
4247	4335	4253	4373	4223	4369	4283	4321	4336	4245
4300	4368	4298	4428	4266	4412	4327	4366	4374	4292
4340	4417	4347	4471	4319	4448	4367	4408	4418	4330
4380	4475	4390	4498	4359	4493	4419	4447	4458	4374
4423	4517	4433	4553	4417	4556	4464	4492	4516	4421
4467	4569	4475	4592	4464	4598	4505	4544	4561	4460
4513	4612	4529	4628	4513	4646	4556	4586	4606	4506
4563	4652	4578	4674	4549	4700	4597	4630	4647	4557
4611	4708	4630	4720	4582	4742	4639	4675	4690	4612
4650	4749	4679	4779	4628	4781	4692	4726	4738	4656
4689	4807	4712	4836	4675	4821	4741	4773	4781	4695
4732	4882	4765	4873	4721	4867	4783	4824	4825	4744
4791	4921	4822	4928	4766	4913	4831	4864	4882	4785
4820	4973	4866	4968	4812	4957	4881	4910	4923	4838
4875	5015	4917	5011	4861	5000	4932	4954	4966	4879
4932	5062	4961	5070	4912	5056	4983	4996	5016	4934
4973	5109	5012	5111	4971	5104	5047	5046	5071	4979
5029	5169	5069	5159	5012	5155	5086	5084	5126	5034
5079	5223	5119	5219	5063	5205	5136	5126	5173	5087
5139	5264	5165	5278	5124	5262	5189	5173	5224	5134
5188	5321	5205	5328	5173	5322	5239	5224	5279	5190
5245	5371	5250	5385	5206	5375	5305	5277	5337	5251
5300	5418	5311	5430	5262	5417	5366	5340	5384	5300
5361	5471	5365	5497	5318	5470	5412	5381	5423	5353
5416	5516	5412	5543	5371	5531	5461	5430	5472	5395
5474	5566	5460	5594	5423	5579	5512	5482	5521	5457
5510	5619	5502	5625	5469	5625	5556	5526	5581	5504
5557	5674	5548	5676	5512	5679	5609	5585	5634	5553
5613	5727	5596	5738	5577	5735	5657	5641	5688	5600
5667	5777	5637	5788	5629	5781	5709	5694	5738	5657
5713	5808	5688	5830	5680	5835	5755	5746	5786	5716
5759	5854	5731	5880	5742	5874	5806	5796	5840	5770
5816	5906	5786	5935	5780	5920	5856	5854	5898	5821
5852	5956	5831	5977	5836	5969	5902	5892	5950	5874
5908	6019	5881	6030	5887	6015	5952	5953	5997	5929
5951	6080	5941	6082	5942	6072	5998	6004	6031	5993
5995	6124	5980	6151	5997	6137	6051	6052	6079	6039
6047	6192	6040	6205	6053	6183	6101	6115	6142	6085
6107	6243	6098	6274	6104	6245	6156	6176	6186	6147
6158	6316	6155	6321	6151	6299	6196	6221	6252	6215
6218	6379	6212	6385	6207	6343	6242	6267	6306	6265
6285	6437	6270	6437	6267	6387	6292	6317	6367	6317
6345	6486	6320	6486	6308	6452	6331	6366	6429	6376
6393	6529	6378	6546	6375	6516	6382	6413	6471	6436
6442	6583	6417	6606	6436	6581	6443	6458	6522	6495
6497	6641	6470	6653	6495	6629	6497	6505	6574	6557
6550	6703	6520	6712	6549	6693	6540	6566	6643	6605
6617	6774	6584	6765	6600	6744	6611	6612	6689	6656
6678	6845	6639	6812	6660	6797	6672	6669	6753	6700
6735	6917	6699	6875	6707	6866	6730	6709	6789	6757
6801	6967	6753	6937	6749	6913	6789	6769	6852	6827
6854	7038	6812	6989	6799	6968	6841	6814	6920	6878
6913	7106	6875	7052	6858	7017	6897	6869	6983	6937
6960	7158	6926	7110	6916	7077	6944	6938	7036	6995
7012	7219	6983	7166	6969	7143	7009	7003	7093	7064
7065	7273	7031	7230	7027	7200	7064	7062	7135	7116
7118	7341	7089	7282	7100	7277	7120	7125	7194	7178
7186	7404	7148	7339	7150	7338	7180	7183	7256	7241
7269	7463	7206	7394	7218	7384	7245	7234	7320	7302
7331	7524	7267	7449	7272	7443	7312	7292	7383	7366
7396	7586	7330	7514	7342	7494	7378	7355	7431	7428
7448	7653	7403	7566	7390	7550	7433	7410	7493	7486
7506	7698	7465	7623	7435	7606	7484	7467	7548	7535
7565	7761	7521	7678	7498	7661	7548	7536	7603	7608
7625	7816	7579	7741	7560	7726	7607	7582	7659	7678
7686	7869	7643	7801	7614	7784	7665	7644	7720	7738
7763	7928	7714	7874	7665	7838	7736	7708	7786	7797
7830	7988	7784	7936	7724	7900	7804	7775	7852	7857
7892	8039	7852	7995	7784	7953	7869	7823	7914	7917
7942	8109	7918	8052	7841	8015	7941	7880	7974	7980
8012	8159	7979	8131	7892	8103	7993	7943	8027	8043
8075	8222	8034	8197	7961	8163	8053	8004	8102	8112
8144	8265	8099	8267	8039	8213	8102	8073	8159	8174
8197	8330	8161	8332	8085	8277	8176	8140	8216	8230
8243	8397	8223	8415	8143	8343	8234	8197	8280	8283
8308	8455	8287	8476	8191	8404	8296	8257	8339	8348
8373	8510	8353	8541	8255	8456	8349	8306	8411	8411
8441	8577	8422	8596	8314	8520	8421	8380	8486	8475
8499	8619	8491	8674	8367	8579	8486	8452	8543	8541
8560	8682	8552	8740	8434	8641	8559	8518	8590	8622
8654	8740	8614	8819	8491	8701	8622	8581	8646	8696
8718	8803	8691	8879	8559	8755	8695	8648	8714	8762
8776	8855	8761	8955	8627	8820	8770	8718	8769	8816
8838	8920	8824	9017	8695	8885	8840	8783	8838	8885
8902	8987	8876	9078	8759	8957	8919	8861	8906	8956
8982	9065	8941	9157	8827	9013	8987	8931	8976	9031
9053	9130	9002	9229	8889	9098	9050	8990	9032	9094
9122	9190	9073	9287	8958	9169	9126	9058	9097	9172
9193	9267	9140	9346	9030	9233	9187	9135	9168	9245
9255	9329	9212	9395	9081	9304	9257	9209	9247	9326
9319	9391	9272	9469	9132	9370	9318	9271	9320	9387
9382	9465	9337	9533	9203	9447	9384	9336	9374	9454
9444	9524	9404	9598	9289	9524	9470	9408	9433	9505
9504	9585	9483	9671	9370	9600	9536	9478	9501	9578
9590	9648	9541	9744	9441	9659	9598	9562	9558	9656
9662	9723	9607	9813	9537	9743	9663	9632	9629	9723
9742	9807	9665	9889	9611	9813	9731	9706	9693	9796
9808	9872	9714	9952	9681	9898	9808	9773	9759	9862
9886	9929	9783	10026	9768	9967	9873	9830	9854	9930
9961	10000	9861	10083	9833	10037	9941	9897	9933	9997
10028	10069	9939	10139	9907	10097	10007	9973	10011	10069
10091	10138	10013	10218	9974	10161	10079	10034	10076	10123
10162	10227	10081	10267	10034	10223	10140	10095	10152	10200
10235	10286	10139	10349	10106	10302	10214	10161	10215	10265
10320	10352	10202	10410	10185	10379	10271	10233	10297	10340
10394	10413	10278	10488	10258	10437	10354	10294	10381	10418
10466	10469	10353	10559	10337	10500	10423	10371	10454	10485
10548	10544	10419	10612	10416	10567	10505	10471	10527	10561
10613	10609	10484	10682	10491	10651	10562	10545	10605	10654
10685	10688	10550	10751	10563	10727	10646	10609	10677	10715
10754	10765	10631	10816	10644	10806	10723	10671	10758	10780
10838	10819	10695	10889	10708	10880	10790	10742	10841	10841
10899	10897	10760	10964	10793	10960	10858	10813	10931	10913
10974	10979	10827	11039	10863	11026	10922	10893	11008	10999
11052	11048	10898	11114	10949	11105	10994	10958	11081	11065
11130	11122	10972	11179	11018	11188	11062	11024	11154	11163
11190	11194	11036	11259	11116	11268	11126	11096	11217	11226
11252	11276	11100	11335	11192	11347	11197	11172	11299	11288
11324	11353	11181	11397	11261	11421	11277	11250	11370	11360
11416	11443	11252	11471	11338	11494	11352	11309	11445	11428
11488	11518	11329	11558	11402	11576	11432	11386	11519	11510
11551	11589	11389	11646	11477	11643	11498	11482	11586	11577
11623	11664	11458	11716	11561	11719	11563	11558	11660	11645
11690	11739	11535	11784	11631	11785	11646	11633	11725	11715
11770	11813	11602	11860	11695	11860	11731	11708	11790	11793
11846	11889	11677	11925	11768	11938	11803	11779	11860	11862
11926	11966	11761	11991	11850	12014	11885	11853	11923	11924
11998	12046	11849	12075	11924	12088	11953	11935	11999	11997
12073	12122	11919	12159	12005	12163	12032	12012	12078	12081
12151	12191	11975	12245	12092	12236	12108	12079	12165	12172
12220	12259	12054	12324	12165	12316	12183	12162	12254	12275
12317	12349	12131	12385	12241	12400	12251	12238	12330	12350
12398	12419	12207	12464	12303	12486	12329	12322	12395	12439
12474	12494	12282	12534	12393	12566	12412	12404	12459	12513
12550	12572	12361	12608	12486	12659	12488	12474	12537	12582
12618	12662	12452	12698	12564	12736	12557	12551	12612	12665
12697	12753	12516	12780	12650	12814	12634	12643	12688	12743
12777	12815	12587	12867	12727	12898	12722	12708	12775	12839
12843	12904	12667	12945	12829	12983	12816	12808	12858	12902
12921	12971	12743	13030	12892	13054	12890	12892	12949	12981
12994	13069	12819	13099	12952	13149	12984	12967	13032	13065
13077	13138	12899	13175	13029	13233	13059	13032	13110	13140
13154	13225	12967	13251	13096	13305	13135	13119	13193	13218
13243	13300	13059	13327	13181	13377	13201	13197	13265	13297
13320	13362	13147	13402	13261	13457	13281	13274	13358	13382
13405	13450	13222	13488	13327	13534	13354	13341	13454	13470
13487	13534	13290	13578	13417	13602	13427	13433	13539	13554
13575	13608	13380	13656	13506	13681	13510	13519	13603	13641
13656	13679	13463	13727	13579	13768	13608	13603	13686	13725
13749	13748	13550	13785	13663	13852	13699	13701	13778	13789
13833	13843	13629	13863	13728	13929	13768	13804	13845	13867
13904	13928	13703	13935	13803	14015	13853	13897	13924	13943
13990	13997	13774	14011	13887	14072	13945	13989	14001	14037
14078	14088	13842	14098	13967	14138	14037	14071	14087	14119
14144	14162	13915	14185	14066	14234	14124	14164	14167	14195
14241	14234	13996	14273	14155	14323	14218	14248	14244	14277
14322	14306	14083	14344	14235	14395	14293	14345	14332	14342
14416	14390	14177	14434	14324	14486	14374	14426	14407	14401
14497	14472	14249	14525	14420	14562	14450	14511	14499	14497
14589	14559	14341	14602	14516	14658	14529	14598	14572	14581
14684	14651	14427	14676	14596	14754	14610	14680	14654	14678
14783	14764	14514	14764	14675	14844	14703	14776	14728	14774
14868	14852	14597	14861	14759	14919	14808	14855	14796	14851
14949	14926	14686	14955	14858	14981	14885	14962	14880	14922
15044	15006	14777	15043	14950	15052	14961	15061	14976	15015
15125	15082	14869	15150	15022	15147	15041	15144	15069	15092
15214	15174	14954	15257	15105	15237	15121	15227	15159	15172
15314	15254	15045	15328	15185	15325	15219	15323	15245	15240
15416	15339	15147	15422	15279	15409	15312	15410	15321	15326
15493	15441	15227	15512	15362	15481	15388	15490	15423	15434
15586	15511	15340	15595	15437	15563	15469	15580	15507	15508
15672	15596	15422	15679	15507	15648	15547	15668	15569	15592
15775	15694	15511	15759	15586	15749	15654	15747	15646	15680
15858	15778	15598	15838	15677	15837	15738	15832	15727	15782
15952	15865	15678	15933	15767	15927	15817	15913	15794	15875
16031	15947	15768	16029	15852	16021	15914	16005	15883	15962
16111	16041	15862	16114	15923	16087	15998	16080	15982	16050
16194	16123	15951	16196	15995	16179	16093	16180	16068	16130
16295	16185	16043	16279	16082	16256	16185	16286	16157	16201
16380	16262	16128	16364	16175	16354	16263	16376	16235	16270
16456	16341	16227	16429	16276	16437	16361	16451	16323	16347
16547	16432	16316	16510	16361	16531	16454	16542	16414	16438
16628	16534	16383	16599	16451	16627	16543	16639	16528	16539
16715	16629	16483	16688	16547	16708	16633	16711	16611	16630
16804	16718	16579	16784	16619	16799	16724	16804	16702	16726
16910	16795	16671	16873	16694	16904	16808	16899	16801	16813
16998	16868	16758	16957	16776	17000	16902	17003	16927	16904
17074	16974	16850	17046	16865	17094	17000	17084	17019	17000
17164	17063	16927	17135	16951	17190	17103	17175	17104	17084
17264	17146	17020	17213	17038	17262	17184	17267	17183	17187
17340	17234	17107	17296	17128	17336	17283	17361	17276	17282
17430	17329	17200	17394	17222	17429	17373	17455	17388	17368
17514	17412	17299	17475	17317	17528	17464	17547	17476	17456
17603	17490	17399	17569	17406	17632	17561	17640	17569	17543
17695	17581	17485	17655	17514	17724	17664	17727	17656	17621
17788	17648	17583	17738	17618	17817	17742	17823	17736	17711
17882	17746	17681	17817	17712	17908	17825	17908	17817	17797
17969	17844	17774	17915	17791	17996	17916	18006	17921	17904
18057	17941	17867	18014	17885	18086	18015	18108	18009	17987
18137	18029	17969	18101	17973	18176	18104	18181	18120	18096
18228	18121	18056	18191	18058	18254	18203	18273	18218	18201
18335	18223	18164	18277	18160	18341	18293	18371	18319	18300
18427	18328	18279	18373	18264	18431	18378	18443	18417	18386
18528	18418	18368	18470	18379	18525	18480	18546	18527	18492
18642	18504	18471	18569	18490	18633	18569	18627	18612	18581
18746	18609	18574	18670	18579	18750	18666	18714	18697	18700
18840	18678	18677	18767	18665	18827	18782	18819	18794	18804
18926	18762	18784	18875	18764	18918	18885	18910	18889	18918
19019	18874	18881	18971	18841	19027	18974	19000	18972	19013
19119	18966	18977	19062	18934	19112	19065	19093	19081	19103
19217	19062	19081	19155	19034	19206	19166	19198	19184	19199
19295	19151	19166	19235	19122	19301	19252	19308	19267	19305
19383	19240	19263	19325	19227	19400	19347	19392	19344	19388
19472	19329	19384	19432	19322	19485	19439	19470	19434	19492
19576	19433	19475	19531	19439	19583	19537	19587	19541	19600
19664	19535	19575	19631	19536	19666	19625	19679	19624	19692
19754	19636	19666	19714	19646	19765	19710	19770	19714	19787
19861	19726	19761	19816	19729	19867	19820	19861	19814	19878
19975	19835	19857	19903	19827	19970	19918	19956	19924	19985
20065	19937	19971	20003	19929	20059	20023	20059	20011	20091
20151	20029	20071	20096	20019	20149	20109	20145	20112	20184
20235	20136	20190	20198	20122	20223	20198	20242	20219	20285
20321	20259	20301	20304	20210	20322	20306	20327	20324	20390
20435	20351	20402	20378	20310	20419	20408	20426	20413	20488
20536	20435	20506	20487	20409	20516	20517	20532	20510	20584
20623	20543	20603	20588	20522	20621	20619	20635	20616	20666
20716	20642	20714	20688	20613	20706	20733	20739	20714	20752
20812	20729	20811	20793	20713	20778	20828	20832	20809	20856
20914	20819	20901	20910	20827	20887	20938	20929	20897	20959
21015	20934	20995	21015	20934	20988	21038	21016	20981	21054
21117	21035	21099	21106	21022	21074	21140	21111	21081	21145
21221	21127	21210	21215	21124	21178	21235	21219	21174	21244
21328	21225	21292	21318	21214	21275	21320	21307	21266	21358
21419	21325	21396	21410	21315	21386	21404	21393	21370	21447
21515	21409	21506	21507	21416	21462	21514	21501	21481	21536
21617	21515	21606	21607	21525	21573	21642	21613	21586	21629
21717	21616	21706	21715	21633	21672	21742	21709	21676	21726
21807	21716	21806	21825	21725	21785	21846	21824	21772	21834
21914	21824	21907	21920	21825	21881	21948	21934	21868	21947
22009	21926	22019	22013	21957	21980	22053	22059	21952	22063
22092	22025	22114	22146	22050	22085	22170	22158	22065	22166
22181	22107	22226	22248	22148	22191	22291	22255	22172	22260
22277	22208	22332	22327	22239	22296	22388	22348	22288	22363
22382	22302	22433	22421	22324	22394	22494	22445	22381	22464
22495	22402	22540	22521	22417	22487	22588	22523	22509	22571
22598	22511	22640	22627	22532	22591	22686	22630	22629	22672
22702	22622	22743	22732	22640	22717	22772	22726	22732	22766
22815	22734	22841	22842	22750	22834	22864	22822	22840	22867
22940	22836	22940	22924	22864	22927	22990	22915	22945	22970
23051	22938	23031	23017	22960	23014	23094	23027	23044	23082
23153	23029	23148	23133	23079	23122	23216	23141	23144	23174
23251	23132	23255	23231	23192	23222	23316	23234	23251	23273
23350	23237	23356	23333	23307	23326	23415	23336	23353	23375
23448	23337	23469	23423	23420	23426	23520	23440	23455	23485
23566	23444	23573	23544	23533	23519	23634	23550	23552	23603
23684	23549	23666	23658	23648	23616	23728	23663	23654	23708
23793	23631	23779	23776	23764	23760	23848	23775	23738	23811
23899	23742	23898	23869	23867	23890	23951	23871	23840	23923
23993	23849	24033	23985	23977	23990	24060	23984	23964	24027
24096	23965	24138	24096	24076	24093	24155	24107	24071	24129
24198	24080	24244	24205	24196	24195	24278	24220	24170	24231
24316	24205	24347	24321	24299	24304	24373	24313	24283	24352
24432	24326	24464	24434	24385	24409	24495	24410	24399	24446
24547	24440	24562	24551	24492	24507	24614	24525	24502	24558
24665	24559	24691	24657	24593	24626	24712	24653	24609	24671
24759	24676	24800	24739	24714	24731	24848	24759	24737	24770
24876	24774	24905	24848	24811	24826	24951	24883	24859	24874
24986	24894	25011	24972	24931	24942	25059	24968	24965	24995
25101	25013	25127	25075	25048	25051	25180	25093	25051	25105
25220	25126	25250	25195	25163	25165	25319	25193	25140	25209
25334	25242	25343	25300	25266	25273	25419	25308	25260	25308
25447	25354	25456	25412	25391	25395	25514	25425	25377	25423
25550	25490	25567	25514	25498	25504	25623	25558	25476	25546
25665	25598	25666	25652	25618	25620	25751	25657	25577	25639
25770	25710	25753	25758	25731	25730	25870	25762	25690	25764
25895	25813	25861	25857	25831	25851	25980	25866	25797	25891
26014	25930	25968	25979	25952	25955	26093	25984	25903	25992
26130	26058	26076	26101	26067	26060	26198	26088	26021	26094
26239	26151	26194	26210	26189	26198	26307	26199	26150	26204
26355	26280	26282	26324	26288	26301	26429	26307	26260	26322
26475	26382	26407	26454	26384	26404	26547	26418	26360	26438
26575	26502	26515	26553	26506	26531	26657	26530	26472	26541
26681	26601	26618	26656	26629	26655	26771	26634	26572	26634
26797	26707	26730	26782	26739	26771	26883	26759	26681	26750
26893	26827	26844	26893	26872	26886	26991	26866	26789	26861
27006	26946	26961	27009	26996	27001	27092	26973	26922	26962
27128	27079	27063	27119	27124	27110	27191	27080	27041	27065
27226	27195	27172	27222	27238	27233	27309	27187	27154	27170
27343	27312	27279	27344	27366	27356	27416	27302	27273	27295
27450	27415	27391	27465	27479	27469	27512	27439	27382	27410
27573	27534	27496	27573	27602	27584	27622	27560	27520	27515
27688	27664	27616	27694	27727	27701	27722	27645	27626	27617
27819	27802	27740	27800	27840	27818	27834	27757	27739	27739
27942	27911	27846	27912	27953	27924	27960	27885	27850	27852
28038	28014	27986	28023	28067	28033	28052	28029	27982	27972
28142	28140	28114	28121	28191	28167	28150	28119	28103	28098
28255	28255	28214	28232	28302	28288	28274	28224	28215	28225
28357	28368	28344	28372	28410	28386	28378	28344	28335	28342
28464	28481	28475	28495	28520	28507	28490	28473	28445	28460
28582	28590	28576	28608	28640	28630	28608	28588	28563	28604
28701	28697	28683	28737	28764	28750	28718	28692	28687	28712
28829	28808	28807	28849	28875	28883	28838	28788	28809	28816
28950	28938	28934	28956	28971	29005	28963	28905	28914	28933
29048	29063	29046	29084	29085	29118	29079	29053	29032	29047
29163	29187	29159	29189	29200	29222	29187	29180	29163	29165
29278	29310	29290	29307	29321	29331	29314	29299	29293	29295
29422	29425	29415	29419	29431	29452	29425	29409	29409	29403
29547	29543	29529	29526	29540	29555	29524	29527	29519	29514
29674	29651	29640	29642	29647	29660	29638	29652	29640	29647
29779	29774	29742	29760	29754	29768	29755	29765	29767	29771
29893	29891	29863	29894	29873	29864	29883	29873	29885	29889
