0
11
21
28
37
53
65
77
91
108
120
137
151
166
178
197
222
237
258
279
302
323
348
379
401
432
461
490
520
539
560
582
604
640
663
687
716
751
775
810
841
867
900
938
964
995
1023
1061
1094
1116
1143
1165
1196
1235
1262
1292
1324
1365
1397
1432
1468
1518
1545
1573
1613
1660
1699
1743
1769
1809
1862
1904
1956
1991
2026
2065
2100
2139
2177
2215
2255
2296
2334
2384
2426
2468
2502
2541
2590
2635
2672
2727
2775
2819
2881
2932
2984
3043
3100
3148
3184
3232
3281
3328
3355
3394
3439
3477
3518
3571
3621
3670
3715
3768
3821
3870
3926
3999
4059
4122
4182
4246
4296
4360
4407
4442
4487
4538
4593
4646
4696
4753
4801
4847
4903
4956
4995
5055
5107
5154
5211
5261
5322
5385
5435
5498
5552
5617
5679
5736
5795
5848
5913
5960
6005
6062
6094
6172
6233
6283
6336
6394
6447
6500
6557
6607
6669
6738
6794
6860
6931
6991
7045
7118
7187
7255
7324
7397
7478
7542
7609
7673
7725
7797
7864
7922
7990
8059
8121
8181
8244
8307
8385
8456
8516
8595
8654
8727
8793
8871
8934
8995
9057
9121
9179
9239
9320
9387
9440
9512
9585
9657
9732
9806
9894
9966
10037
10109
10176
10252
10318
10401
10474
10548
10621
10682
10775
10839
10908
10976
11050
11126
11187
11260
11341
11429
11503
11571
11635
11688
11751
11817
11892
11967
12030
12103
12184
12268
12336
12393
12479
12546
12625
12704
12774
12838
12930
13022
13100
13167
13243
13327
13406
13489
13568
13633
13710
13774
13841
13902
13974
14056
14115
14176
14248
14311
14389
14458
14538
14605
14694
14755
14822
14910
14979
15054
15132
15204
15282
15364
15443
15519
15587
15654
15725
15795
15870
15935
16013
16097
16165
16229
16299
16371
16454
16516
16591
16677
16745
16815
16894
16969
17036
17097
17170
17255
17349
17423
17496
17573
17649
17717
17793
17867
17941
18036
18112
18186
18266
18329
18396
18479
18562
18616
18686
18766
18831
18900
18985
19047
19131
19221
19317
19399
19470
19547
19604
19680
19761
19843
19912
19989
20055
20140
20222
20313
20421
20506
20582
20643
20731
20798
20871
20949
21021
21092
21152
21238
21295
21382
21454
21528
21604
21690
21764
21834
21907
21959
22028
22103
22174
22270
22351
22441
22512
22576
22658
22728
22794
22861
22935
22987
23050
23115
23177
23255
23332
23418
23504
23566
23631
23708
23765
23850
23936
24022
24110
24197
24247
24306
24380
24458
24521
24583
24642
24720
24775
24857
24922
24980
25051
25119
25188
25265
25333
25415
25478
25545
25609
25685
25747
25828
25896
25956
26028
26107
26162
26218
26278
26358
26420
26487
26541
26614
26676
26740
26800
26863
26925
26992
27051
27124
27180
27248
27323
27392
27450
27510
27575
27625
27681
27741
27798
27870
27945
28009
28065
28125
28183
28256
28319
28377
28424
28478
28537
28601
28651
28713
28764
28823
28885
28936
28994
29051
29092
29148
29215
29279
29343
29415
29468
29520
29571
29607
29667
29713
29770
29830
29884
29952
