0
1
2
4
6
6
10
10
14
17
18
22
24
27
30
34
35
42
45
51
57
67
73
79
84
86
92
101
113
121
130
139
148
158
172
180
190
197
205
215
223
235
245
254
266
277
288
305
324
335
350
370
384
393
416
427
445
457
473
484
496
515
538
560
578
598
618
635
647
674
695
713
746
767
783
801
824
840
861
887
903
921
954
978
1000
1022
1045
1066
1089
1107
1133
1171
1190
1214
1233
1253
1280
1312
1331
1355
1379
1417
1443
1476
1505
1525
1556
1578
1599
1629
1658
1688
1718
1746
1777
1805
1841
1873
1910
1933
1957
1986
2026
2071
2108
2139
2169
2222
2249
2276
2317
2353
2384
2429
2453
2493
2536
2576
2601
2646
2684
2713
2749
2778
2816
2847
2883
2914
2960
2996
3050
3086
3114
3152
3185
3236
3275
3320
3349
3384
3421
3469
3507
3552
3607
3633
3696
3731
3766
3808
3860
3920
3971
4030
4070
4108
4153
4195
4217
4267
4318
4366
4430
4474
4515
4553
4599
4634
4681
4733
4779
4837
4867
4912
4959
5016
5075
5136
5182
5247
5287
5341
5386
5450
5512
5569
5609
5667
5727
5779
5840
5892
5950
6021
6080
6136
6198
6258
6316
6361
6410
6454
6509
6572
6621
6669
6726
6787
6838
6901
6961
7017
7085
7153
7210
7276
7334
7396
7466
7534
7592
7651
7716
7775
7833
7889
7958
8024
8090
8160
8227
8295
8349
8403
8477
8546
8626
8691
8757
8819
8893
8966
9034
9113
9172
9245
9316
9372
9452
9523
9595
9661
9740
9814
9882
9938
10002
10082
10158
10222
10295
10371
10439
10505
10584
10648
10734
10797
10870
10944
11012
11068
11126
11189
11255
11328
11395
11464
11538
11612
11686
11761
11834
11916
11988
12059
12145
12223
12302
12388
12474
12531
12607
12685
12769
12852
12946
13011
13074
13147
13227
13303
13380
13455
13536
13620
13703
13790
13866
13952
14036
14113
14202
14273
14350
14413
14481
14565
14647
14728
14802
14898
14985
15074
15161
15244
15314
15401
15493
15576
15656
15740
15818
15916
15999
16072
16157
16240
16331
16415
16515
16608
16684
16778
16859
16940
17032
17114
17198
17275
17368
17457
17548
17627
17708
17797
17895
17997
18088
18182
18270
18349
18435
18535
18628
18730
18809
18919
19015
19109
19202
19281
19364
19449
19531
19628
19727
19829
19930
20004
20102
20188
20286
20380
20472
20577
20668
20747
20828
20911
21021
21119
21210
21286
21380
21499
21595
21692
21784
21876
21980
22096
22182
22267
22373
22466
22559
22654
22755
22856
22944
23051
23145
23244
23334
23421
23536
23627
23720
23815
23903
24020
24120
24210
24311
24417
24500
24595
24684
24791
24878
24987
25088
25205
25312
25415
25512
25628
25743
25849
25942
26034
26129
26229
26322
26423
26531
26629
26735
26825
26939
27049
27167
27265
27381
27493
27591
27697
27788
27890
27978
28097
28188
28291
28399
28497
28603
28706
28802
28894
29004
29116
29195
29303
29394
29497
29599
29703
29806
29900
