0
2
4
7
9
10
15
20
24
30
35
42
44
46
52
57
61
66
75
82
86
94
97
106
117
123
135
144
155
168
178
189
194
207
228
237
250
266
286
298
311
318
328
342
356
368
379
390
404
417
433
457
483
493
510
534
557
569
593
601
623
643
671
693
721
746
768
789
803
827
856
874
902
935
961
979
1010
1035
1059
1085
1108
1132
1157
1182
1218
1250
1274
1299
1326
1356
1388
1412
1443
1472
1501
1535
1559
1601
1638
1664
1697
1732
1768
1806
1835
1863
1899
1948
1986
2026
2064
2098
2142
2178
2210
2242
2277
2329
2368
2413
2451
2489
2524
2563
2605
2637
2677
2727
2768
2805
2848
2876
2921
2969
3014
3043
3084
3119
3164
3206
3248
3285
3323
3367
3419
3460
3518
3563
3609
3655
3684
3716
3762
3805
3863
3908
3951
3997
4048
4098
4141
4199
4247
4299
4351
4397
4440
4486
4541
4598
4637
4706
4760
4825
4873
4924
4978
5036
5086
5128
5192
5233
5287
5343
5404
5461
5499
5554
5611
5663
5722
5780
5847
5899
5945
5986
6036
6103
6160
6213
6266
6330
6381
6445
6509
6576
6636
6682
6731
6792
6857
6916
6962
7026
7083
7144
7212
7264
7344
7410
7474
7541
7600
7666
7735
7801
7867
7923
7989
8050
8136
8206
8275
8331
8391
8455
8515
8585
8649
8718
8789
8844
8913
8986
9040
9109
9177
9247
9318
9373
9445
9508
9562
9636
9713
9787
9851
9931
10014
10066
10121
10187
10254
10325
10380
10438
10503
10574
10641
10710
10780
10856
10932
11010
11087
11153
11225
11299
11360
11446
11516
11591
11674
11740
11818
11888
11959
12037
12105
12171
12250
12322
12396
12469
12548
12638
12721
12808
12882
12957
13033
13106
13206
13275
13357
13455
13533
13607
13662
13743
13834
13909
13984
14064
14137
14225
14303
14366
14440
14522
14600
14673
14747
14828
14907
14976
15076
15157
15223
15292
15381
15475
15554
15647
15732
15813
15886
15966
16051
16130
16213
16299
16373
16452
16532
16623
16719
16807
16874
16948
17045
17149
17238
17320
17409
17500
17574
17662
17743
17840
17920
18004
18083
18180
18254
18333
18423
18499
18599
18687
18770
18861
18936
19012
19118
19205
19293
19372
19456
19549
19644
19726
19822
19900
19990
20076
20152
20233
20329
20412
20511
20585
20674
20753
20836
20925
21028
21117
21196
21278
21376
21468
21556
21636
21716
21801
21877
21959
22052
22146
22230
22311
22392
22482
22560
22651
22725
22813
22892
22994
23093
23169
23250
23340
23420
23511
23593
23684
23796
23893
23978
24063
24160
24235
24317
24389
24479
24568
24650
24745
24845
24928
25030
25117
25231
25346
25436
25526
25615
25701
25791
25883
25972
26050
26136
26232
26319
26409
26489
26580
26667
26740
26819
26898
26986
27066
27144
27223
27302
27387
27458
27546
27625
27717
27806
27876
27951
28035
28106
28188
28279
28369
28456
28539
28615
28698
28796
28888
28967
29064
29151
29223
29308
29394
29494
29583
29649
29724
29820
29913
