0
42
182
404
693
1071
1512
1985
2536
3159
3770
4358
5025
5682
6298
6797
7327
7895
8447
8954
9408
9899
10320
10686
11023
11275
11543
11745
11910
12019
12112
12228
12329
12470
12626
12770
12901
13020
13173
13312
13459
13623
13793
13964
14153
14307
14475
14637
14830
15053
15369
15713
16060
16407
16733
17062
17422
17799
18137
18517
18903
19293
19724
20167
20665
21215
21754
22270
22774
23210
23640
23937
24187
24371
24519
24694
24860
25005
25116
25191
25247
25342
25430
25566
25735
25847
25925
25977
26041
26073
26108
26200
26327
26450
26556
26695
26803
26904
27024
27124
27226
27351
27482
27589
27691
27800
27900
27976
28071
28152
28221
28303
28352
28387
28426
28455
28512
28576
28636
28719
28784
28833
28865
28888
28914
28921
28939
28949
28958
28960
28965
28968
28976
28982
28994
29004
29032
29069
29092
29131
29167
29192
29215
29222
29229
29235
29235
29241
29242
29244
29250
29255
29256
29257
29261
29263
29270
29276
29277
29293
29298
29300
29302
29303
29304
29304
29306
29306
29307
29311
29317
29322
29322
29331
29341
29354
29359
29364
29367
29368
29373
29395
29425
29449
29459
29468
29472
29477
29487
29491
29493
29495
29495
29497
29497
29498
29502
29507
29509
29510
29512
29517
29517
29517
29517
29518
29520
29520
29521
29521
29522
29524
29527
29539
29540
29542
29545
29547
29547
29547
29547
29547
29547
29547
29547
29548
29549
29550
29550
29551
29551
29551
29551
29551
29551
29556
29557
29557
29557
29558
29558
29559
29559
29565
29582
29586
29586
29588
29592
29592
29592
29593
29593
29593
29594
29596
29596
29597
29597
29597
29597
29599
29599
29601
29601
29601
29606
29612
29621
29623
29623
29623
29623
29623
29623
29623
29623
29623
29624
29624
29624
29624
29624
29624
29624
29624
29624
29624
29624
29624
29624
29626
29627
29627
29627
29627
29627
29627
29632
29636
29642
29642
29642
29642
29644
29646
29646
29648
29648
29648
29649
29649
29649
29649
29649
29650
29650
29650
29650
29651
29657
29660
29660
29660
29660
29664
29669
29675
29678
29680
29680
29680
29680
29680
29680
29680
29680
29680
29680
29680
29682
29682
29682
29682
29682
29682
29682
29683
29683
29683
29683
29683
29683
29683
29684
29689
29689
29689
29691
29694
29695
29695
29695
29695
29695
29695
29695
29695
29697
29699
29699
29699
29699
29699
29699
29699
29699
29699
29699
29700
29700
29702
29702
29702
29704
29704
29704
29704
29704
29704
29704
29704
29704
29704
29704
29704
29704
29704
29704
29706
29706
29706
29706
29706
29706
29709
29711
29721
29741
29782
29824
29865
29888
29895
29895
29897
29900
29900
29900
29901
29901
29901
29902
29907
29908
29908
29908
29909
29909
29909
29911
29919
29938
29972
29978
29980
29980
29980
29980
29980
29980
29982
29982
29982
29984
29984
29984
29984
29985
29985
29988
29988
29988
29988
29988
29988
29988
29988
29988
29988
29988
29990
29993
29993
29993
29993
29993
29993
29995
29995
29995
29995
29995
29995
29995
29997
29997
29998
30000
30000
30000
30000
30000
30000
30000
30000
30000
30000
30000
30000
30000
30000
30000
30000
30000
30000
30000
30000
30000
30000
