0
1
1
1
3
4
5
7
11
15
18
19
21
26
31
36
39
41
45
50
55
63
70
72
75
81
86
90
95
100
107
115
127
135
143
154
164
178
187
198
204
213
228
236
253
266
277
284
295
312
329
342
355
365
380
391
398
411
421
435
450
460
476
490
505
520
540
552
573
587
597
616
632
652
664
684
702
723
736
753
771
795
815
835
860
879
906
922
943
957
977
1007
1033
1061
1077
1093
1120
1147
1172
1194
1216
1235
1257
1273
1291
1308
1338
1358
1387
1417
1445
1476
1501
1526
1554
1580
1604
1632
1660
1683
1717
1747
1778
1806
1852
1879
1917
1951
1985
2012
2037
2063
2101
2138
2171
2200
2226
2267
2295
2327
2365
2402
2430
2458
2490
2532
2565
2598
2633
2676
2704
2745
2785
2834
2875
2918
2964
3003
3040
3081
3124
3154
3195
3244
3280
3328
3379
3421
3455
3497
3546
3589
3624
3660
3705
3740
3787
3836
3862
3899
3949
3985
4035
4086
4132
4166
4223
4269
4323
4373
4428
4471
4498
4553
4592
4628
4674
4720
4779
4836
4873
4928
4968
5011
5070
5111
5159
5219
5278
5328
5385
5430
5497
5543
5594
5625
5676
5738
5788
5830
5880
5935
5977
6030
6082
6151
6205
6274
6321
6385
6437
6486
6546
6606
6653
6712
6765
6812
6875
6937
6989
7052
7110
7166
7230
7282
7339
7394
7449
7514
7566
7623
7678
7741
7801
7874
7936
7995
8052
8131
8197
8267
8332
8415
8476
8541
8596
8674
8740
8819
8879
8955
9017
9078
9157
9229
9287
9346
9395
9469
9533
9598
9671
9744
9813
9889
9952
10026
10083
10139
10218
10267
10349
10410
10488
10559
10612
10682
10751
10816
10889
10964
11039
11114
11179
11259
11335
11397
11471
11558
11646
11716
11784
11860
11925
11991
12075
12159
12245
12324
12385
12464
12534
12608
12698
12780
12867
12945
13030
13099
13175
13251
13327
13402
13488
13578
13656
13727
13785
13863
13935
14011
14098
14185
14273
14344
14434
14525
14602
14676
14764
14861
14955
15043
15150
15257
15328
15422
15512
15595
15679
15759
15838
15933
16029
16114
16196
16279
16364
16429
16510
16599
16688
16784
16873
16957
17046
17135
17213
17296
17394
17475
17569
17655
17738
17817
17915
18014
18101
18191
18277
18373
18470
18569
18670
18767
18875
18971
19062
19155
19235
19325
19432
19531
19631
19714
19816
19903
20003
20096
20198
20304
20378
20487
20588
20688
20793
20910
21015
21106
21215
21318
21410
21507
21607
21715
21825
21920
22013
22146
22248
22327
22421
22521
22627
22732
22842
22924
23017
23133
23231
23333
23423
23544
23658
23776
23869
23985
24096
24205
24321
24434
24551
24657
24739
24848
24972
25075
25195
25300
25412
25514
25652
25758
25857
25979
26101
26210
26324
26454
26553
26656
26782
26893
27009
27119
27222
27344
27465
27573
27694
27800
27912
28023
28121
28232
28372
28495
28608
28737
28849
28956
29084
29189
29307
29419
29526
29642
29760
29894
