0
5
7
8
8
8
8
11
11
12
13
18
22
25
31
32
35
40
48
52
56
63
73
80
86
96
105
113
119
129
146
155
163
175
183
195
206
220
232
243
259
274
284
296
307
322
334
355
370
380
395
410
421
433
453
473
490
504
519
535
562
582
604
626
648
662
676
689
709
735
759
780
800
827
844
862
883
905
932
954
982
1006
1029
1057
1082
1107
1129
1163
1195
1223
1254
1281
1314
1348
1378
1403
1431
1466
1486
1515
1547
1580
1619
1652
1689
1727
1770
1797
1822
1850
1875
1910
1940
1960
2004
2051
2089
2130
2158
2201
2242
2276
2322
2362
2396
2426
2459
2509
2548
2580
2622
2667
2711
2762
2802
2833
2886
2923
2965
3003
3045
3084
3131
3173
3222
3270
3314
3361
3414
3473
3517
3573
3619
3674
3729
3782
3833
3878
3924
3977
4035
4108
4160
4219
4263
4331
4380
4436
4490
4535
4577
4635
4694
4742
4795
4846
4886
4940
5004
5066
5127
5187
5232
5285
5337
5402
5465
5523
5564
5626
5680
5743
5802
5853
5913
5984
6033
6098
6147
6205
6271
6348
6410
6467
6539
6601
6675
6732
6785
6839
6901
6970
7032
7095
7158
7218
7274
7351
7402
7459
7519
7586
7651
7717
7773
7844
7914
7979
8050
8133
8221
8285
8349
8414
8480
8550
8608
8679
8760
8830
8890
8954
9018
9077
9135
9205
9283
9361
9429
9500
9571
9641
9707
9777
9857
9917
9982
10046
10115
10180
10257
10343
10414
10486
10556
10633
10713
10795
10872
10952
11018
11101
11171
11237
11299
11376
11457
11530
11610
11673
11730
11812
11891
11981
12054
12136
12229
12300
12386
12469
12550
12628
12713
12797
12877
12957
13044
13129
13209
13278
13368
13442
13544
13617
13697
13769
13855
13931
14001
14081
14150
14234
14322
14413
14490
14563
14644
14725
14819
14892
14968
15044
15126
15207
15280
15361
15453
15538
15628
15713
15781
15854
15932
16004
16093
16172
16251
16336
16411
16491
16564
16642
16720
16796
16881
16981
17074
17155
17235
17317
17412
17499
17571
17663
17723
17802
17884
17961
18054
18129
18189
18270
18333
18431
18506
18578
18666
18748
18827
18902
18983
19070
19149
19255
19346
19438
19518
19598
19666
19733
19818
19896
19973
20048
20136
20206
20304
20384
20461
20550
20621
20702
20787
20892
20982
21066
21151
21245
21311
21400
21479
21560
21642
21725
21811
21914
22006
22104
22199
22290
22377
22469
22562
22665
22770
22858
22930
23019
23105
23188
23269
23348
23432
23525
23602
23669
23749
23837
23924
24021
24099
24187
24278
24380
24458
24540
24632
24722
24811
24888
24985
25065
25151
25234
25318
25397
25480
25562
25640
25722
25803
25878
25966
26071
26162
26240
26323
26409
26482
26579
26665
26767
26864
26925
27007
27094
27175
27257
27360
27450
27534
27624
27715
27791
27884
27973
28054
28135
28222
28307
28381
28467
28544
28603
28694
28772
28858
28947
29035
29128
29203
29291
29374
29455
29541
29625
29707
29778
29855
29931
