0
5
11
16
23
29
37
48
69
80
94
109
125
139
152
161
172
183
195
216
229
246
269
280
296
315
335
352
374
406
417
440
466
487
510
540
565
587
613
642
662
685
707
733
753
768
793
817
844
871
901
921
954
981
1003
1040
1070
1103
1128
1149
1176
1207
1242
1276
1296
1326
1353
1386
1421
1455
1498
1533
1569
1603
1640
1673
1700
1736
1772
1798
1832
1878
1915
1950
1994
2025
2050
2087
2129
2164
2191
2227
2261
2293
2338
2375
2419
2459
2505
2548
2588
2626
2684
2709
2748
2790
2834
2881
2925
2969
3004
3051
3098
3137
3185
3236
3269
3325
3375
3410
3452
3501
3544
3584
3620
3660
3706
3763
3809
3867
3917
3967
4012
4063
4120
4186
4247
4296
4352
4404
4449
4481
4527
4571
4619
4668
4728
4779
4838
4893
4951
5007
5069
5119
5158
5208
5252
5305
5367
5434
5492
5543
5594
5658
5711
5778
5849
5911
5964
6022
6075
6136
6196
6261
6308
6368
6431
6486
6547
6595
6645
6722
6792
6857
6918
6978
7042
7106
7168
7227
7288
7354
7417
7482
7550
7608
7678
7749
7818
7877
7951
8022
8065
8131
8198
8248
8308
8376
8450
8521
8591
8659
8732
8804
8861
8909
8966
9031
9104
9171
9245
9309
9388
9453
9531
9608
9681
9748
9826
9892
9979
10063
10139
10206
10280
10356
10425
10516
10595
10674
10755
10831
10922
10999
11078
11143
11204
11277
11347
11426
11503
11566
11636
11721
11810
11900
11977
12072
12149
12224
12309
12382
12442
12513
12587
12674
12742
12825
12900
12963
13030
13089
13157
13227
13313
13400
13459
13540
13625
13710
13778
13854
13931
14008
14098
14177
14257
14343
14425
14519
14590
14692
14772
14838
14911
14989
15067
15154
15241
15305
15395
15481
15563
15637
15707
15782
15874
15970
16053
16143
16245
16339
16436
16512
16593
16667
16746
16823
16909
17005
17090
17155
17235
17301
17375
17453
17543
17639
17703
17788
17855
17938
18012
18085
18164
18244
18324
18421
18512
18591
18672
18746
18833
18918
18993
19077
19158
19232
19318
19386
19463
19542
19617
19695
19783
19857
19931
20008
20081
20168
20264
20343
20422
20491
20561
20634
20711
20792
20873
20942
21004
21080
21165
21230
21332
21394
21462
21541
21617
21694
21771
21845
21906
21987
22075
22143
22230
22316
22393
22457
22550
22636
22709
22786
22884
22962
23047
23118
23198
23267
23340
23444
23530
23602
23690
23760
23843
23927
23999
24089
24173
24232
24315
24388
24462
24531
24598
24662
24729
24806
24880
24940
25001
25066
25157
25218
25301
25377
25434
25512
25571
25648
25715
25784
25849
25902
25953
26026
26093
26157
26239
26311
26377
26456
26520
26575
26651
26726
26800
26878
26932
26999
27068
27132
27194
27260
27314
27378
27443
27507
27575
27639
27693
27757
27810
27871
27948
28026
28082
28152
28205
28264
28314
28379
28430
28486
28557
28609
28674
28744
28810
28883
28952
29011
29073
29135
29201
29253
29311
29379
29432
29485
29535
29599
29662
29726
29771
29834
29891
29937
