0
1
2
3
3
6
8
12
15
19
24
31
36
42
44
46
51
55
63
74
85
91
98
109
120
124
135
149
164
174
184
190
206
217
229
241
254
269
283
292
304
316
331
344
360
376
390
411
433
452
468
480
498
516
535
557
568
589
608
623
643
660
680
714
743
756
780
814
833
865
884
907
936
960
988
1008
1039
1068
1093
1124
1145
1172
1199
1226
1256
1278
1305
1321
1350
1375
1410
1438
1463
1499
1524
1555
1581
1616
1642
1674
1700
1734
1769
1810
1848
1880
1911
1932
1966
1993
2031
2062
2098
2133
2161
2201
2237
2279
2316
2347
2379
2408
2442
2476
2520
2552
2584
2623
2658
2714
2754
2799
2849
2894
2931
2986
3036
3078
3120
3173
3221
3264
3306
3358
3415
3458
3510
3553
3605
3659
3703
3753
3800
3849
3892
3942
3996
4044
4089
4128
4169
4219
4270
4311
4360
4411
4467
4521
4579
4628
4681
4742
4794
4838
4907
4960
5013
5062
5132
5198
5249
5304
5360
5408
5466
5521
5583
5634
5693
5751
5812
5855
5909
5970
6023
6074
6120
6168
6231
6289
6346
6421
6471
6531
6597
6637
6693
6750
6826
6891
6951
7008
7063
7121
7179
7236
7292
7346
7407
7467
7541
7598
7660
7726
7777
7839
7893
7945
8026
8094
8145
8211
8266
8331
8401
8448
8512
8582
8652
8721
8786
8855
8921
8982
9049
9125
9180
9252
9307
9365
9426
9490
9551
9619
9670
9749
9830
9891
9969
10044
10114
10189
10260
10321
10375
10448
10527
10610
10677
10763
10837
10909
10979
11044
11127
11198
11273
11344
11426
11510
11581
11652
11732
11808
11877
11946
12013
12095
12161
12245
12324
12407
12486
12559
12634
12723
12801
12878
12935
13022
13104
13172
13253
13343
13420
13487
13577
13656
13721
13793
13879
13967
14051
14129
14223
14301
14405
14487
14580
14660
14736
14817
14895
14976
15055
15135
15217
15312
15387
15473
15558
15639
15710
15797
15882
15960
16027
16102
16189
16264
16358
16438
16528
16603
16687
16776
16857
16937
17016
17105
17196
17286
17373
17459
17548
17629
17710
17803
17896
17974
18049
18136
18217
18296
18386
18468
18570
18646
18720
18791
18865
18949
19040
19123
19192
19284
19376
19473
19548
19638
19733
19817
19909
19993
20104
20193
20291
20381
20463
20552
20617
20711
20789
20858
20946
21022
21111
21204
21293
21381
21464
21554
21646
21732
21819
21905
21986
22071
22148
22220
22303
22394
22474
22566
22658
22745
22834
22927
23021
23110
23187
23265
23361
23456
23536
23615
23722
23805
23900
24009
24099
24182
24272
24355
24443
24532
24604
24690
24788
24884
24968
25047
25136
25219
25303
25385
25467
25550
25632
25711
25787
25898
25981
26060
26146
26237
26321
26406
26487
26571
26638
26722
26795
26869
26957
27055
27142
27231
27307
27382
27454
27533
27615
27711
27785
27874
27958
28064
28142
28225
28317
28415
28497
28563
28642
28737
28815
28904
28975
29058
29156
29235
29317
29391
29480
29570
29649
29738
29834
29909
