0
50
182
398
687
1063
1508
2000
2540
3145
3826
4504
5170
5846
6503
7146
7758
8321
8790
9276
9761
10235
10650
10999
11420
11850
12204
12548
12882
13167
13470
13768
14085
14304
14512
14757
14996
15211
15397
15553
15718
15901
16129
16337
16618
16946
17248
17535
17828
18127
18396
18624
18898
19170
19439
19629
19851
20065
20199
20325
20476
20578
20666
20795
20967
21081
21216
21367
21499
21640
21808
21969
22144
22258
22363
22452
22549
22660
22781
22913
23070
23207
23331
23438
23527
23581
23616
23675
23739
23796
23838
23887
23925
23961
23995
24063
24182
24276
24363
24445
24503
24562
24622
24695
24742
24809
24949
25086
25199
25286
25367
25440
25486
25530
25596
25667
25721
25753
25799
25816
25825
25843
25864
25885
25900
25913
25916
25925
25936
25942
25944
25944
25951
25954
25963
25978
25990
26006
26022
26026
26029
26034
26035
26035
26039
26054
26057
26068
26073
26075
26080
26083
26088
26098
26105
26109
26111
26127
26170
26201
26218
26240
26276
26326
26371
26386
26394
26400
26402
26413
26420
26420
26422
26425
26425
26425
26429
26434
26434
26434
26434
26442
26452
26457
26460
26462
26463
26485
26489
26495
26501
26529
26550
26556
26562
26564
26564
26566
26568
26576
26578
26578
26578
26580
26582
26582
26582
26582
26582
26586
26587
26589
26590
26590
26592
26593
26595
26597
26603
26629
26667
26702
26729
26737
26739
26739
26745
26767
26806
26847
26870
26891
26919
26923
26932
26934
26957
26983
26984
26988
26991
26996
27001
27007
27030
27055
27073
27083
27084
27085
27088
27089
27101
27109
27123
27128
27136
27152
27165
27171
27178
27183
27185
27187
27190
27201
27206
27206
27206
27211
27212
27212
27214
27221
27229
27229
27230
27230
27230
27230
27230
27230
27231
27232
27232
27237
27237
27237
27239
27269
27277
27280
27282
27282
27282
27282
27282
27282
27282
27282
27284
27287
27287
27288
27288
27288
27288
27288
27289
27289
27289
27289
27289
27289
27289
27289
27289
27290
27290
27290
27290
27290
27293
27297
27297
27297
27298
27298
27298
27298
27298
27298
27298
27298
27298
27298
27298
27302
27305
27319
27340
27347
27348
27348
27348
27348
27348
27348
27348
27348
27348
27348
27348
27348
27348
27348
27348
27348
27349
27361
27370
27371
27377
27384
27384
27386
27386
27386
27386
27388
27388
27388
27388
27388
27389
27390
27391
27391
27392
27393
27393
27394
27394
27394
27394
27394
27394
27394
27394
27394
27394
27394
27394
27394
27394
27395
27395
27395
27395
27395
27396
27396
27396
27396
27396
27396
27396
27396
27396
27396
27396
27396
27396
27396
27396
27396
27396
27397
27397
27397
27397
27397
27398
27398
27399
27405
27417
27428
27434
27439
27440
27443
27443
27446
27453
27454
27454
27454
27454
27454
27454
27455
27456
27456
27456
27456
27456
27456
27457
27457
27463
27466
27469
27481
27502
27515
27540
27573
27608
27635
27645
27650
27654
27665
27673
27677
27680
27680
27681
27682
27688
27698
27702
27720
27762
27821
27886
27974
28067
28164
28263
28390
28565
28778
28999
29161
29289
29406
29511
29593
29665
29713
29755
29790
29835
29859
29881
29896
29919
29966
