0
9
17
28
39
50
61
74
85
98
117
125
142
152
165
183
206
225
242
257
273
286
305
321
339
353
380
406
423
443
460
483
505
537
556
578
591
613
625
643
667
692
714
731
753
774
804
831
858
892
926
962
996
1043
1083
1128
1163
1193
1225
1254
1290
1319
1347
1377
1415
1447
1477
1523
1554
1585
1625
1660
1701
1738
1783
1815
1860
1893
1943
1970
2014
2053
2105
2153
2211
2256
2309
2367
2407
2453
2482
2524
2574
2611
2649
2702
2747
2789
2844
2890
2932
2971
3017
3065
3119
3164
3205
3246
3286
3332
3382
3452
3505
3560
3614
3663
3713
3772
3826
3868
3920
3966
4010
4064
4109
4165
4204
4263
4312
4365
4411
4464
4523
4581
4630
4678
4730
4786
4834
4896
4943
4986
5051
5111
5171
5223
5273
5344
5393
5455
5511
5573
5636
5699
5765
5823
5880
5925
5988
6052
6100
6156
6215
6274
6326
6389
6449
6499
6556
6625
6682
6743
6803
6880
6941
7015
7080
7154
7207
7279
7352
7423
7488
7557
7622
7682
7744
7814
7881
7947
8006
8072
8134
8209
8278
8352
8426
8485
8540
8610
8668
8735
8793
8870
8948
9038
9099
9163
9241
9299
9373
9446
9521
9602
9680
9762
9824
9887
9966
10021
10070
10141
10232
10288
10362
10434
10517
10591
10674
10742
10824
10893
10956
11014
11079
11150
11211
11269
11332
11406
11479
11536
11616
11677
11762
11841
11917
11986
12056
12126
12200
12271
12330
12396
12455
12533
12595
12650
12716
12788
12854
12935
12991
13053
13132
13207
13267
13339
13415
13493
13559
13639
13711
13790
13851
13918
13992
14072
14154
14227
14327
14410
14502
14589
14661
14756
14835
14919
14994
15069
15148
15232
15313
15387
15448
15514
15602
15692
15768
15848
15926
15996
16073
16151
16238
16321
16399
16484
16555
16637
16703
16777
16871
16952
17035
17110
17190
17279
17353
17428
17511
17586
17655
17736
17807
17885
17951
18024
18101
18160
18241
18311
18398
18473
18562
18652
18726
18808
18886
18946
19022
19090
19161
19241
19328
19408
19492
19573
19655
19731
19810
19898
19976
20036
20105
20187
20256
20320
20393
20445
20507
20591
20669
20731
20802
20884
20958
21038
21107
21193
21278
21361
21434
21515
21593
21685
21763
21845
21922
22010
22101
22188
22275
22347
22430
22495
22573
22642
22711
22788
22845
22917
22979
23052
23107
23165
23250
23318
23384
23440
23511
23575
23646
23709
23764
23837
23923
23984
24059
24127
24205
24288
24366
24424
24510
24574
24641
24713
24770
24837
24896
24955
25043
25104
25172
25241
25312
25387
25460
25523
25588
25661
25722
25783
25874
25951
26018
26089
26174
26229
26308
26380
26447
26520
26600
26696
26764
26833
26905
26970
27042
27113
27166
27226
27281
27346
27407
27471
27527
27585
27647
27729
27793
27859
27936
27992
28059
28135
28204
28263
28328
28379
28429
28496
28551
28610
28669
28724
28775
28837
28905
28973
29020
29080
29139
29193
29246
29303
29366
29413
29456
29509
29574
29626
29682
29730
29789
29840
29897
29946
