0
8
14
20
30
35
38
47
54
72
82
99
106
113
124
146
156
170
195
210
227
239
250
267
286
307
320
344
362
390
421
445
468
502
533
548
568
600
628
650
676
699
729
748
768
809
835
868
902
936
970
1001
1038
1065
1093
1132
1166
1213
1250
1291
1329
1383
1425
1470
1515
1560
1616
1651
1693
1739
1781
1813
1854
1893
1947
1988
2038
2073
2114
2162
2216
2264
2311
2368
2420
2460
2502
2546
2599
2647
2698
2759
2831
2884
2939
2979
3035
3098
3162
3202
3249
3317
3380
3436
3486
3546
3601
3643
3700
3766
3807
3851
3894
3947
3989
4050
4095
4148
4213
4282
4331
4385
4422
4477
4524
4576
4645
4695
4753
4803
4858
4915
4966
5018
5062
5112
5159
5221
5282
5332
5389
5435
5505
5559
5623
5676
5744
5803
5867
5922
5987
6045
6107
6160
6221
6277
6330
6392
6446
6496
6549
6598
6672
6718
6774
6829
6883
6942
6999
7070
7132
7184
7244
7304
7370
7425
7488
7548
7617
7667
7714
7769
7832
7890
7969
8038
8108
8167
8224
8286
8321
8373
8445
8497
8575
8639
8698
8775
8845
8916
8976
9031
9093
9151
9213
9274
9341
9397
9468
9545
9604
9660
9732
9797
9865
9942
10005
10079
10145
10216
10281
10357
10435
10499
10572
10657
10732
10810
10875
10937
11006
11074
11127
11196
11258
11312
11383
11457
11541
11629
11711
11784
11867
11939
12002
12079
12140
12215
12291
12372
12444
12513
12591
12657
12736
12799
12862
12931
13009
13071
13149
13217
13284
13370
13452
13528
13593
13665
13737
13805
13884
13956
14027
14100
14184
14263
14340
14412
14490
14568
14660
14735
14806
14872
14931
15010
15073
15132
15213
15295
15362
15435
15507
15597
15660
15736
15818
15882
15961
16015
16092
16179
16242
16327
16399
16471
16543
16620
16688
16754
16840
16908
16975
17046
17105
17178
17245
17332
17405
17468
17540
17604
17666
17756
17812
17881
17948
18017
18096
18168
18240
18300
18377
18446
18519
18592
18679
18762
18836
18897
18970
19052
19122
19197
19270
19342
19415
19486
19547
19622
19684
19762
19838
19914
19986
20067
20151
20221
20298
20380
20456
20531
20606
20690
20762
20851
20917
20994
21075
21139
21198
21272
21350
21447
21516
21590
21672
21744
21814
21887
21978
22034
22113
22177
22250
22325
22383
22481
22531
22603
22676
22754
22824
22909
22990
23060
23141
23226
23289
23369
23451
23513
23604
23685
23776
23847
23919
23999
24067
24146
24221
24281
24349
24423
24489
24547
24620
24687
24760
24821
24901
24973
25045
25118
25186
25254
25327
25406
25475
25552
25620
25686
25740
25812
25889
25975
26061
26143
26225
26305
26377
26438
26513
26596
26661
26720
26787
26832
26880
26941
27007
27067
27126
27205
27275
27336
27406
27470
27524
27603
27668
27734
27802
27877
27930
27998
28069
28120
28190
28239
28295
28346
28402
28476
28538
28606
28662
28726
28778
28824
28878
28941
28996
29056
29119
29173
29237
29291
29353
29401
29458
29526
29575
29631
29687
29731
29793
29854
29907
29959
