0
1
1
2
4
4
7
10
11
14
18
22
24
27
30
36
41
44
54
60
66
70
77
86
91
99
107
118
124
130
136
146
151
159
167
181
192
200
208
224
230
236
248
256
266
275
286
296
310
324
337
355
372
386
408
420
441
458
473
484
503
520
540
562
576
593
620
641
661
678
700
718
737
754
774
791
810
839
857
886
906
925
942
962
995
1023
1040
1067
1087
1106
1129
1147
1174
1196
1228
1253
1288
1311
1334
1373
1392
1417
1450
1477
1506
1536
1551
1584
1614
1630
1667
1696
1728
1764
1796
1827
1867
1891
1912
1938
1961
1988
2023
2061
2094
2126
2160
2191
2230
2258
2290
2319
2353
2383
2428
2474
2515
2546
2576
2607
2648
2687
2717
2764
2790
2822
2856
2894
2930
2955
2987
3027
3064
3105
3154
3189
3231
3260
3300
3322
3370
3420
3470
3510
3559
3598
3639
3677
3719
3767
3814
3857
3904
3954
3999
4036
4066
4104
4147
4199
4239
4288
4334
4383
4432
4479
4526
4576
4632
4694
4741
4796
4852
4904
4967
5012
5071
5117
5179
5237
5285
5329
5384
5439
5490
5550
5591
5640
5684
5734
5792
5847
5901
5970
6029
6076
6143
6196
6254
6315
6361
6413
6463
6521
6579
6641
6699
6747
6801
6847
6927
6979
7020
7080
7142
7218
7268
7329
7388
7457
7507
7565
7613
7671
7732
7800
7871
7950
8007
8069
8136
8191
8248
8305
8358
8432
8479
8551
8613
8681
8746
8824
8889
8963
9042
9113
9190
9262
9333
9404
9467
9534
9597
9659
9723
9779
9841
9906
9978
10039
10098
10170
10251
10326
10386
10453
10517
10606
10682
10761
10847
10938
11012
11091
11154
11230
11309
11397
11472
11544
11618
11707
11775
11845
11931
12010
12089
12167
12247
12326
12389
12464
12557
12632
12702
12785
12863
12952
13040
13115
13207
13284
13366
13433
13528
13611
13696
13810
13894
13959
14051
14138
14215
14303
14377
14461
14528
14610
14680
14751
14833
14921
14997
15074
15162
15242
15326
15410
15491
15574
15648
15741
15817
15908
15988
16080
16163
16257
16336
16422
16514
16597
16688
16777
16850
16939
17031
17120
17201
17291
17372
17469
17552
17652
17738
17822
17922
18015
18113
18192
18277
18371
18470
18562
18646
18728
18828
18923
19019
19110
19204
19296
19387
19484
19566
19654
19743
19824
19895
19986
20058
20169
20264
20361
20460
20572
20659
20757
20849
20938
21014
21100
21203
21294
21387
21481
21559
21662
21752
21842
21940
22036
22143
22250
22358
22448
22554
22653
22754
22853
22956
23059
23148
23244
23341
23439
23535
23643
23719
23826
23925
24027
24133
24229
24314
24420
24529
24617
24730
24842
24943
25049
25131
25236
25333
25435
25511
25620
25707
25791
25879
25972
26085
26193
26286
26401
26494
26592
26697
26811
26926
27036
27133
27227
27322
27439
27533
27636
27739
27833
27926
28032
28130
28216
28329
28412
28517
28613
28717
28825
28918
29029
29137
29257
29352
29458
29569
29682
29791
29903
