0
2
4
4
5
5
8
9
14
17
20
22
24
32
38
43
51
54
62
65
70
80
84
89
97
106
110
118
126
134
144
154
163
179
189
199
212
222
229
241
250
266
279
294
308
320
336
347
362
376
383
393
409
419
438
456
473
494
507
523
537
548
566
586
603
627
639
653
669
683
704
728
752
774
793
814
842
865
892
908
926
946
970
999
1023
1041
1063
1081
1108
1141
1158
1180
1211
1231
1249
1275
1305
1334
1372
1394
1413
1446
1472
1496
1530
1559
1589
1620
1656
1680
1717
1741
1769
1808
1834
1862
1892
1932
1964
1997
2030
2057
2081
2116
2140
2171
2204
2243
2288
2322
2347
2377
2415
2451
2491
2529
2561
2597
2636
2664
2698
2735
2769
2807
2849
2891
2916
2968
3003
3044
3104
3147
3183
3220
3262
3305
3349
3385
3436
3477
3513
3555
3588
3635
3693
3738
3792
3829
3871
3918
3968
4022
4069
4112
4167
4215
4265
4308
4352
4390
4445
4491
4536
4590
4640
4697
4739
4795
4846
4902
4957
5008
5061
5113
5158
5208
5256
5302
5360
5413
5455
5495
5548
5603
5654
5708
5773
5817
5878
5929
5988
6042
6091
6158
6220
6266
6318
6361
6419
6473
6525
6580
6638
6694
6750
6818
6878
6944
7016
7079
7140
7197
7257
7307
7366
7423
7493
7547
7602
7659
7726
7787
7840
7895
7956
8015
8074
8130
8191
8255
8317
8371
8449
8517
8594
8662
8734
8814
8887
8948
9014
9081
9149
9222
9278
9341
9414
9473
9540
9595
9667
9728
9820
9894
9964
10027
10099
10166
10234
10305
10370
10434
10513
10578
10647
10735
10798
10872
10951
11028
11109
11197
11258
11337
11390
11472
11543
11611
11686
11763
11854
11935
12029
12096
12173
12249
12327
12413
12473
12559
12625
12706
12775
12856
12945
13017
13085
13164
13251
13322
13406
13491
13572
13645
13734
13823
13890
13960
14036
14115
14194
14271
14353
14423
14508
14590
14670
14747
14827
14903
14984
15059
15143
15224
15316
15382
15448
15516
15608
15700
15765
15854
15945
16025
16116
16200
16269
16352
16443
16525
16611
16691
16773
16844
16931
17018
17109
17200
17272
17364
17449
17535
17622
17707
17796
17896
17992
18084
18178
18265
18359
18438
18546
18632
18727
18826
18918
19003
19079
19159
19245
19335
19435
19516
19606
19707
19806
19898
19985
20086
20178
20291
20390
20474
20563
20658
20749
20856
20957
21052
21133
21228
21328
21416
21516
21635
21729
21818
21909
21991
22096
22185
22282
22386
22478
22572
22681
22795
22905
22989
23089
23185
23281
23369
23465
23550
23655
23771
23871
23979
24072
24151
24245
24343
24447
24547
24645
24734
24832
24909
25004
25106
25207
25308
25417
25525
25618
25707
25805
25902
25993
26097
26196
26293
26380
26481
26583
26670
26758
26877
26967
27056
27168
27263
27377
27480
27581
27670
27763
27836
27930
28016
28125
28257
28356
28456
28544
28635
28752
28857
28963
29066
29178
29283
29393
29502
29598
29710
29799
29898
