0
10
19
26
36
42
48
61
77
88
101
114
122
134
150
164
183
199
214
236
253
272
287
298
318
334
355
379
397
422
451
470
503
519
550
573
606
630
664
689
715
751
780
826
866
894
932
974
1022
1065
1115
1154
1202
1242
1277
1323
1352
1400
1446
1489
1518
1568
1599
1636
1670
1718
1767
1809
1851
1888
1932
1982
2028
2077
2114
2159
2188
2237
2273
2321
2376
2438
2488
2549
2599
2655
2699
2760
2827
2877
2921
2965
3010
3064
3123
3179
3234
3276
3318
3367
3420
3475
3522
3558
3602
3662
3711
3766
3808
3867
3925
3987
4045
4114
4173
4223
4272
4339
4392
4456
4516
4581
4644
4705
4762
4832
4894
4948
5011
5072
5130
5187
5252
5308
5363
5417
5475
5548
5610
5665
5739
5810
5877
5934
5985
6038
6095
6161
6231
6288
6340
6401
6458
6537
6604
6674
6735
6808
6862
6938
6995
7063
7129
7190
7240
7302
7365
7420
7487
7538
7610
7663
7727
7785
7846
7907
7965
8032
8088
8150
8225
8304
8369
8442
8516
8581
8630
8694
8755
8818
8873
8941
9011
9071
9134
9204
9271
9350
9434
9503
9577
9653
9714
9792
9850
9934
9997
10067
10147
10227
10300
10376
10473
10542
10618
10703
10782
10872
10958
11029
11110
11181
11244
11324
11393
11460
11531
11600
11668
11735
11814
11892
11962
12030
12106
12189
12260
12327
12392
12441
12516
12599
12677
12749
12820
12887
12967
13040
13107
13188
13267
13338
13398
13465
13524
13592
13651
13710
13779
13839
13900
13973
14044
14114
14179
14250
14324
14411
14484
14548
14608
14675
14753
14838
14908
14984
15061
15121
15190
15260
15359
15443
15519
15592
15656
15736
15804
15878
15942
16004
16081
16158
16231
16303
16369
16435
16502
16582
16646
16739
16792
16848
16917
16969
17037
17098
17165
17237
17315
17387
17458
17537
17616
17687
17767
17825
17909
17971
18036
18093
18184
18255
18324
18398
18460
18532
18605
18671
18747
18821
18894
18958
19043
19110
19173
19244
19322
19402
19478
19543
19609
19678
19759
19837
19918
19991
20054
20120
20198
20252
20306
20381
20454
20525
20599
20665
20738
20803
20882
20951
21026
21096
21181
21270
21342
21405
21470
21526
21608
21685
21754
21828
21902
21970
22055
22131
22204
22267
22340
22407
22464
22537
22610
22676
22738
22811
22874
22948
23036
23104
23181
23261
23342
23419
23483
23565
23637
23714
23778
23851
23925
23986
24054
24124
24183
24258
24336
24398
24467
24545
24601
24675
24729
24781
24843
24917
24981
25051
25107
25169
25235
25304
25370
25435
25515
25560
25613
25666
25733
25805
25869
25943
26008
26064
26139
26207
26257
26324
26374
26427
26509
26558
26627
26689
26746
26807
26861
26938
26997
27068
27133
27187
27242
27301
27364
27419
27482
27540
27601
27660
27725
27791
27852
27931
27991
28050
28120
28177
28225
28270
28339
28408
28461
28522
28568
28636
28691
28755
28803
28852
28895
28947
29018
29070
29126
29182
29240
29296
29348
29413
29458
29511
29565
29625
29686
29737
29790
29846
29899
29955
