0
44
169
368
596
880
1184
1513
1877
2282
2684
3063
3478
3912
4378
4816
5196
5625
6052
6507
6955
7380
7798
8174
8464
8740
9016
9354
9667
9993
10326
10646
10948
11235
11462
11671
11890
12142
12353
12543
12701
12834
12956
13110
13260
13417
13577
13758
13904
14040
14227
14379
14520
14661
14791
14925
15064
15197
15347
15509
15663
15854
16054
16253
16490
16722
16965
17203
17461
17717
17989
18225
18451
18696
18916
19117
19318
19528
19742
19923
20064
20213
20390
20577
20729
20876
20998
21090
21216
21331
21452
21558
21677
21788
21895
22017
22120
22215
22304
22387
22477
22580
22683
22808
22931
23037
23148
23240
23308
23391
23459
23512
23592
23636
23679
23709
23761
23821
23879
23937
23987
24027
24092
24174
24236
24283
24337
24374
24414
24469
24506
24539
24569
24608
24658
24716
24748
24794
24842
24880
24907
24926
24956
24995
25028
25054
25079
25109
25137
25169
25193
25244
25295
25330
25359
25395
25437
25465
25507
25563
25609
25678
25734
25773
25803
25836
25872
25893
25911
25931
25948
25978
25989
26018
26055
26074
26108
26137
26152
26172
26190
26203
26221
26249
26271
26283
26289
26302
26319
26338
26364
26395
26426
26456
26498
26520
26533
26549
26562
26595
26628
26654
26675
26701
26746
26806
26864
26904
26933
26966
27009
27040
27067
27098
27126
27152
27177
27201
27232
27260
27280
27308
27340
27397
27445
27484
27509
27526
27539
27550
27558
27570
27588
27611
27636
27659
27688
27706
27725
27734
27742
27752
27771
27789
27793
27801
27816
27830
27839
27844
27858
27866
27885
27927
27953
27975
28006
28029
28049
28061
28084
28130
28181
28229
28279
28345
28399
28424
28440
28454
28472
28484
28490
28500
28510
28521
28531
28536
28541
28553
28566
28573
28583
28592
28601
28614
28624
28639
28651
28678
28715
28733
28761
28794
28830
28846
28865
28874
28884
28893
28898
28909
28913
28919
28921
28936
28946
28951
28955
28957
28964
28982
28994
28998
29005
29010
29015
29017
29026
29038
29042
29045
29046
29055
29061
29073
29083
29104
29126
29131
29139
29142
29145
29152
29157
29167
29177
29196
29207
29221
29234
29241
29250
29261
29269
29275
29289
29304
29307
29315
29320
29326
29328
29333
29336
29338
29345
29351
29358
29361
29364
29367
29372
29377
29383
29392
29400
29406
29414
29420
29433
29442
29446
29456
29461
29465
29475
29492
29502
29506
29516
29524
29535
29540
29557
29565
29569
29572
29574
29576
29586
29592
29595
29598
29599
29601
29603
29607
29609
29614
29618
29620
29621
29623
29628
29629
29637
29638
29640
29649
29662
29669
29671
29672
29675
29676
29678
29681
29683
29700
29725
29746
29761
29768
29777
29782
29790
29800
29815
29818
29820
29825
29827
29833
29842
29850
29858
29861
29862
29862
29862
29863
29864
29865
29870
29873
29873
29874
29874
29875
29878
29879
29879
29883
29885
29889
29890
29892
29893
29894
29898
29903
29905
29905
29906
29906
29909
29911
29912
29914
29917
29918
29920
29923
29924
29927
29929
29931
29932
29938
29938
29938
29944
29947
29950
29952
29957
29960
29961
29965
29970
29973
29974
29974
29978
29985
29985
29990
29997
30000
