0
46
172
362
555
798
1064
1349
1666
2001
2325
2652
2940
3278
3603
3976
4445
4906
5348
5767
6185
6609
6946
7251
7578
7918
8261
8551
8805
9141
9429
9657
9890
10112
10348
10560
10743
10923
11109
11346
11599
11897
12160
12390
12645
12852
13065
13272
13520
13726
13886
14033
14182
14336
14457
14549
14668
14767
14877
14985
15114
15222
15297
15400
15504
15601
15692
15774
15860
15963
16055
16156
16240
16320
16427
16529
16636
16732
16819
16916
16992
17062
17175
17246
17325
17411
17494
17564
17622
17721
17833
17942
18052
18186
18357
18527
18662
18755
18852
18940
19043
19105
19177
19266
19361
19473
19616
19745
19854
19970
20175
20382
20603
20788
20980
21173
21361
21526
21663
21788
21915
22061
22239
22357
22454
22548
22590
22630
22698
22773
22847
22911
22959
22995
23024
23046
23078
23099
23137
23178
23212
23265
23314
23354
23379
23435
23506
23561
23607
23643
23693
23766
23850
23947
23998
24038
24084
24122
24156
24178
24197
24226
24270
24311
24352
24389
24421
24471
24501
24538
24578
24633
24682
24749
24813
24895
24941
25017
25062
25114
25183
25242
25307
25428
25543
25662
25788
25878
25960
26014
26051
26089
26126
26155
26193
26227
26259
26286
26308
26324
26346
26370
26386
26399
26408
26433
26450
26469
26503
26542
26577
26616
26631
26646
26656
26679
26695
26719
26728
26732
26744
26751
26761
26778
26790
26795
26814
26839
26857
26877
26918
26951
26974
27014
27032
27062
27076
27109
27126
27152
27171
27184
27194
27205
27212
27219
27234
27259
27285
27299
27319
27338
27356
27383
27410
27442
27485
27511
27557
27630
27667
27718
27761
27799
27835
27897
27948
27989
28032
28058
28063
28075
28083
28093
28106
28115
28121
28127
28136
28142
28155
28170
28181
28193
28200
28203
28206
28213
28224
28238
28244
28255
28264
28274
28283
28302
28313
28320
28327
28331
28336
28340
28346
28351
28356
28358
28360
28369
28377
28385
28386
28392
28395
28399
28401
28405
28405
28406
28411
28414
28419
28419
28423
28427
28430
28440
28449
28461
28466
28476
28483
28488
28496
28498
28503
28507
28515
28532
28549
28566
28588
28595
28600
28608
28621
28636
28653
28677
28700
28725
28748
28760
28777
28800
28823
28832
28840
28845
28857
28864
28869
28878
28888
28905
28927
28943
28978
29004
29029
29053
29075
29095
29121
29132
29149
29180
29205
29252
29290
29348
29397
29426
29445
29456
29468
29478
29489
29499
29515
29527
29535
29549
29553
29555
29560
29568
29573
29581
29588
29590
29596
29599
29604
29606
29612
29624
29630
29643
29646
29659
29675
29677
29678
29679
29682
29682
29683
29686
29692
29697
29700
29703
29705
29708
29713
29713
29717
29722
29727
29733
29747
29750
29753
29754
29755
29756
29757
29757
29757
29758
29758
29760
29763
29768
29772
29774
29775
29775
29778
29780
29783
29790
29798
29805
29808
29813
29820
29833
29839
29848
29849
29856
29863
29866
29870
29877
29882
29883
29886
29889
29891
29895
29898
29899
29902
29905
29917
29919
29923
29928
29933
29939
29940
29943
29953
29960
29962
29963
29967
29975
29984
29987
29988
29988
29989
29989
29992
29994
29997
29998
