0
44
151
319
535
781
1031
1317
1659
2011
2371
2762
3187
3615
4077
4503
4917
5305
5611
5942
6272
6562
6851
7148
7407
7691
7903
8188
8439
8681
8874
9104
9283
9487
9660
9818
9995
10211
10432
10676
10903
11115
11325
11487
11661
11852
12061
12290
12528
12744
12942
13148
13377
13560
13712
13814
13957
14111
14259
14415
14613
14755
14886
15008
15129
15238
15319
15419
15537
15666
15761
15858
15949
16054
16173
16289
16385
16473
16594
16732
16841
16967
17120
17285
17503
17734
17979
18241
18471
18710
18966
19218
19434
19664
19907
20124
20344
20531
20679
20814
20994
21162
21300
21406
21502
21588
21645
21696
21765
21838
21913
21974
22052
22135
22214
22275
22330
22386
22455
22507
22559
22610
22669
22717
22743
22774
22812
22851
22887
22940
22994
23034
23079
23118
23171
23253
23330
23392
23446
23503
23565
23615
23656
23716
23767
23823
23853
23885
23911
23936
23954
23973
23993
24014
24023
24044
24078
24125
24167
24206
24228
24260
24285
24332
24368
24388
24408
24425
24440
24466
24481
24501
24524
24540
24552
24570
24597
24639
24684
24727
24759
24784
24807
24829
24858
24885
24910
24951
24981
25020
25067
25120
25173
25194
25219
25241
25258
25280
25304
25327
25359
25396
25430
25456
25480
25507
25513
25529
25544
25563
25581
25603
25621
25651
25669
25688
25705
25722
25736
25754
25780
25808
25851
25873
25898
25913
25927
25938
25949
25962
25989
26012
26029
26051
26061
26079
26092
26120
26137
26151
26160
26183
26198
26209
26224
26242
26268
26276
26289
26295
26306
26320
26331
26337
26345
26351
26359
26369
26381
26389
26393
26399
26407
26415
26422
26428
26433
26447
26465
26489
26507
26529
26562
26592
26618
26642
26665
26682
26710
26725
26738
26745
26761
26787
26824
26889
26956
27005
27045
27088
27133
27178
27196
27230
27264
27303
27350
27407
27440
27465
27488
27523
27551
27572
27599
27627
27645
27659
27669
27687
27712
27742
27767
27782
27804
27824
27851
27902
27953
27996
28034
28055
28077
28087
28105
28120
28125
28137
28159
28172
28184
28198
28202
28212
28219
28226
28234
28242
28251
28257
28260
28267
28281
28286
28298
28306
28317
28321
28333
28371
28391
28415
28439
28457
28480
28502
28512
28524
28537
28539
28541
28552
28569
28589
28620
28644
28677
28700
28716
28720
28728
28732
28737
28739
28741
28751
28756
28762
28765
28767
28780
28788
28794
28802
28809
28825
28833
28839
28853
28866
28872
28875
28880
28885
28893
28900
28906
28927
28939
28950
28961
28979
28991
29015
29019
29023
29039
29050
29070
29115
29169
29227
29286
29352
29395
29415
29428
29437
29452
29468
29475
29485
29503
29520
29544
29575
29599
29620
29641
29654
29664
29674
29681
29687
29690
29698
29703
29708
29712
29715
29718
29723
29726
29728
29729
29730
29730
29731
29733
29735
29735
29738
29741
29743
29748
29751
29756
29762
29769
29782
29795
29817
29830
29834
29844
29855
29866
29876
29884
29896
29903
29909
29911
29913
29916
29920
29920
29921
29921
29921
29923
29928
29934
29950
29961
29971
29975
29979
29980
29985
29989
29990
29991
29992
29993
29995
29996
29997
29999
30000
