0
49
182
395
684
1029
1456
1966
2541
3178
3857
4584
5334
6119
6934
7776
8629
9480
10199
10908
11618
12326
13142
13899
14624
15343
15968
16470
16914
17309
17700
17995
18282
18636
18928
19237
19579
19967
20357
20781
21229
21626
22036
22452
22798
23152
23500
23815
24070
24261
24428
24539
24648
24730
24787
24851
24911
24969
24999
25017
25038
25059
25086
25108
25124
25145
25170
25230
25300
25410
25547
25666
25768
25905
26009
26103
26189
26263
26319
26364
26401
26440
26484
26520
26560
26604
26663
26721
26767
26811
26873
26941
26991
27050
27120
27187
27239
27271
27290
27316
27334
27366
27382
27415
27469
27503
27535
27540
27547
27561
27567
27569
27576
27582
27582
27583
27583
27585
27598
27607
27613
27623
27623
27623
27627
27628
27631
27635
27636
27637
27637
27645
27645
27645
27648
27648
27654
27654
27659
27663
27669
27680
27682
27688
27691
27691
27693
27704
27708
27713
27716
27729
27746
27765
27802
27830
27834
27835
27836
27841
27843
27850
27872
27877
27896
27926
27948
27954
27973
28010
28051
28098
28155
28236
28330
28407
28516
28606
28696
28774
28832
28883
28920
28936
28958
28996
29055
29106
29124
29130
29133
29133
29134
29136
29144
29148
29148
29149
29152
29154
29160
29175
29194
29203
29206
29208
29209
29209
29211
29211
29211
29212
29213
29221
29233
29237
29238
29241
29248
29256
29261
29262
29262
29262
29262
29262
29263
29263
29263
29264
29264
29264
29264
29270
29275
29289
29298
29306
29315
29315
29318
29321
29323
29323
29323
29323
29324
29324
29329
29330
29330
29330
29332
29332
29332
29332
29333
29335
29350
29362
29368
29373
29374
29374
29375
29375
29375
29378
29380
29382
29383
29383
29383
29386
29386
29386
29386
29386
29386
29387
29387
29387
29387
29387
29390
29391
29391
29391
29391
29391
29392
29393
29393
29393
29393
29394
29394
29394
29394
29394
29394
29394
29394
29394
29395
29395
29398
29400
29403
29411
29419
29440
29478
29514
29550
29566
29575
29586
29592
29594
29595
29599
29603
29609
29618
29631
29656
29671
29680
29693
29693
29693
29697
29701
29702
29710
29726
29745
29776
29810
29849
29885
29898
29909
29913
29913
29913
29914
29916
29921
29928
29930
29930
29930
29943
29952
29953
29954
29954
29955
29955
29956
29956
29956
29956
29956
29956
29958
29958
29958
29958
29958
29958
29958
29958
29959
29959
29959
29959
29959
29959
29964
29964
29964
29964
29964
29964
29964
29964
29964
29964
29964
29964
29964
29964
29964
29965
29965
29965
29965
29965
29965
29969
29969
29970
29970
29970
29970
29970
29970
29970
29970
29970
29970
29970
29970
29970
29973
29979
29980
29980
29980
29983
29983
29983
29983
29983
29983
29983
29983
29983
29983
29983
29983
29984
29984
29987
29987
29988
29989
29989
29989
29989
29989
29989
29989
29990
29990
29990
29990
29990
29990
29990
29990
29990
29990
29990
29990
29990
29990
29990
29990
29990
29990
29990
29990
29990
29990
29990
29990
29990
29990
29990
29990
29990
29990
29990
29990
29990
29990
29990
29990
29990
29990
29990
29990
29990
29993
29994
29996
29999
29999
29999
30000
30000
30000
30000
30000
30000
30000
