0
1
1
1
3
5
6
8
10
14
20
24
25
27
31
33
37
38
45
49
55
59
68
74
84
90
97
101
106
117
129
135
142
150
162
171
184
194
204
210
222
233
243
253
260
276
285
299
312
329
345
363
377
389
401
415
429
448
466
485
500
517
537
559
576
590
601
620
641
665
684
707
730
755
772
795
815
835
858
880
900
920
941
967
994
1017
1037
1069
1097
1118
1153
1177
1205
1227
1246
1266
1293
1313
1338
1370
1406
1433
1455
1471
1513
1539
1580
1608
1631
1655
1683
1715
1740
1776
1812
1847
1879
1922
1956
1989
2021
2049
2082
2111
2135
2161
2199
2233
2267
2291
2332
2370
2414
2445
2484
2523
2557
2610
2657
2692
2729
2765
2809
2850
2899
2938
2979
3024
3079
3122
3171
3214
3255
3293
3332
3373
3412
3457
3505
3556
3594
3624
3662
3708
3753
3795
3840
3883
3934
3988
4037
4081
4133
4185
4218
4260
4301
4355
4404
4456
4487
4532
4580
4622
4682
4735
4790
4842
4892
4949
4998
5046
5093
5141
5186
5236
5286
5329
5386
5437
5482
5552
5597
5653
5701
5759
5810
5856
5921
5972
6034
6095
6150
6209
6254
6314
6371
6425
6473
6525
6579
6625
6695
6753
6806
6860
6914
6969
7024
7083
7155
7206
7264
7326
7394
7464
7533
7590
7639
7726
7789
7858
7919
7973
8032
8096
8172
8228
8285
8340
8407
8482
8549
8619
8690
8750
8819
8878
8945
9016
9085
9152
9210
9270
9337
9401
9481
9557
9622
9693
9758
9825
9905
9972
10040
10106
10171
10234
10309
10379
10450
10527
10609
10674
10757
10825
10885
10967
11044
11114
11195
11261
11322
11391
11461
11524
11604
11686
11779
11845
11925
12005
12094
12167
12246
12328
12390
12455
12529
12612
12681
12752
12832
12910
12990
13075
13144
13221
13304
13382
13450
13540
13612
13695
13770
13860
13950
14025
14087
14167
14244
14312
14385
14478
14578
14651
14740
14805
14889
14981
15071
15151
15244
15331
15431
15515
15592
15667
15742
15834
15921
15985
16065
16160
16242
16324
16399
16474
16556
16641
16728
16799
16876
16967
17048
17130
17218
17306
17407
17490
17595
17700
17804
17884
17972
18067
18165
18252
18335
18428
18519
18595
18678
18766
18842
18945
19032
19125
19215
19302
19373
19465
19553
19647
19729
19817
19903
19994
20074
20169
20263
20350
20434
20525
20622
20708
20821
20906
20999
21095
21196
21290
21379
21470
21569
21678
21775
21858
21951
22043
22125
22216
22308
22411
22504
22615
22714
22818
22910
22993
23081
23159
23246
23340
23427
23513
23611
23709
23802
23915
24006
24101
24183
24279
24377
24473
24559
24655
24769
24850
24954
25057
25143
25246
25352
25458
25551
25654
25744
25835
25930
26028
26125
26222
26331
26436
26538
26636
26738
26840
26960
27048
27156
27266
27336
27440
27548
27656
27756
27856
27980
28084
28184
28282
28395
28499
28600
28696
28812
28907
29012
29104
29191
29305
29397
29489
29574
29678
29793
29887
