0
1
2
2
3
3
6
8
9
12
14
20
22
24
28
30
36
39
40
40
44
50
55
59
64
70
77
83
90
95
108
119
128
133
138
151
163
173
179
189
193
203
211
219
226
238
245
256
267
273
285
304
313
327
338
345
358
372
384
401
411
435
449
465
476
492
510
528
545
560
580
594
611
628
648
667
680
700
709
720
738
762
782
796
816
831
854
865
888
915
939
954
972
995
1017
1037
1059
1084
1105
1129
1153
1179
1193
1224
1246
1271
1305
1329
1355
1384
1416
1441
1465
1488
1505
1526
1548
1578
1600
1635
1661
1695
1722
1749
1776
1809
1845
1872
1903
1934
1965
1986
2009
2028
2059
2097
2126
2160
2199
2229
2265
2292
2333
2374
2395
2434
2465
2505
2536
2576
2609
2638
2679
2722
2764
2802
2834
2875
2900
2937
2973
3025
3063
3109
3155
3195
3231
3276
3313
3345
3395
3447
3494
3538
3575
3608
3658
3707
3754
3800
3836
3874
3923
3969
4013
4046
4079
4133
4187
4223
4266
4319
4359
4417
4464
4513
4549
4582
4628
4675
4721
4766
4812
4861
4912
4971
5012
5063
5124
5173
5206
5262
5318
5371
5423
5469
5512
5577
5629
5680
5742
5780
5836
5887
5942
5997
6053
6104
6151
6207
6267
6308
6375
6436
6495
6549
6600
6660
6707
6749
6799
6858
6916
6969
7027
7100
7150
7218
7272
7342
7390
7435
7498
7560
7614
7665
7724
7784
7841
7892
7961
8039
8085
8143
8191
8255
8314
8367
8434
8491
8559
8627
8695
8759
8827
8889
8958
9030
9081
9132
9203
9289
9370
9441
9537
9611
9681
9768
9833
9907
9974
10034
10106
10185
10258
10337
10416
10491
10563
10644
10708
10793
10863
10949
11018
11116
11192
11261
11338
11402
11477
11561
11631
11695
11768
11850
11924
12005
12092
12165
12241
12303
12393
12486
12564
12650
12727
12829
12892
12952
13029
13096
13181
13261
13327
13417
13506
13579
13663
13728
13803
13887
13967
14066
14155
14235
14324
14420
14516
14596
14675
14759
14858
14950
15022
15105
15185
15279
15362
15437
15507
15586
15677
15767
15852
15923
15995
16082
16175
16276
16361
16451
16547
16619
16694
16776
16865
16951
17038
17128
17222
17317
17406
17514
17618
17712
17791
17885
17973
18058
18160
18264
18379
18490
18579
18665
18764
18841
18934
19034
19122
19227
19322
19439
19536
19646
19729
19827
19929
20019
20122
20210
20310
20409
20522
20613
20713
20827
20934
21022
21124
21214
21315
21416
21525
21633
21725
21825
21957
22050
22148
22239
22324
22417
22532
22640
22750
22864
22960
23079
23192
23307
23420
23533
23648
23764
23867
23977
24076
24196
24299
24385
24492
24593
24714
24811
24931
25048
25163
25266
25391
25498
25618
25731
25831
25952
26067
26189
26288
26384
26506
26629
26739
26872
26996
27124
27238
27366
27479
27602
27727
27840
27953
28067
28191
28302
28410
28520
28640
28764
28875
28971
29085
29200
29321
29431
29540
29647
29754
29873
