0
47
191
409
714
1082
1518
2022
2618
3243
3914
4601
5284
5994
6712
7402
8080
8755
9428
10152
10850
11494
12067
12588
13004
13378
13819
14266
14680
15086
15474
15957
16420
16976
17590
18065
18534
18979
19410
19827
20247
20710
21186
21633
22086
22563
23068
23573
23968
24285
24663
24926
25140
25295
25414
25526
25647
25788
25944
26103
26220
26328
26400
26466
26538
26600
26677
26761
26825
26897
26962
27011
27066
27133
27178
27221
27269
27299
27345
27396
27425
27444
27461
27480
27499
27521
27552
27580
27596
27616
27636
27666
27694
27722
27746
27769
27798
27852
27873
27881
27891
27896
27897
27900
27911
27922
27927
27928
27938
27950
27971
27994
28040
28087
28112
28130
28136
28143
28143
28152
28162
28166
28171
28180
28186
28212
28237
28241
28243
28245
28261
28270
28278
28279
28280
28282
28289
28293
28293
28293
28294
28294
28294
28298
28300
28300
28302
28312
28333
28352
28358
28368
28371
28374
28376
28378
28380
28385
28385
28385
28385
28388
28398
28406
28409
28411
28418
28420
28428
28440
28451
28478
28481
28482
28490
28532
28587
28652
28728
28808
28881
28927
28955
28987
28995
29004
29012
29019
29038
29052
29059
29071
29078
29079
29084
29084
29086
29088
29089
29089
29091
29093
29094
29095
29095
29095
29095
29095
29095
29095
29095
29096
29096
29096
29097
29112
29130
29134
29136
29138
29139
29142
29146
29149
29152
29163
29180
29200
29222
29245
29263
29267
29268
29269
29271
29272
29272
29272
29272
29272
29272
29272
29273
29274
29275
29275
29275
29276
29276
29276
29277
29277
29277
29277
29278
29278
29278
29281
29286
29289
29291
29301
29321
29336
29343
29346
29347
29357
29372
29382
29407
29449
29486
29521
29534
29544
29554
29563
29569
29571
29572
29574
29578
29578
29578
29578
29580
29580
29580
29580
29580
29580
29581
29581
29582
29582
29582
29582
29583
29584
29584
29589
29589
29590
29590
29590
29590
29590
29590
29590
29590
29590
29590
29590
29591
29591
29592
29592
29592
29592
29592
29593
29597
29617
29626
29626
29626
29628
29628
29629
29629
29629
29629
29629
29629
29629
29629
29629
29629
29629
29629
29629
29629
29629
29633
29634
29634
29637
29637
29637
29637
29638
29638
29638
29638
29638
29638
29638
29638
29638
29638
29638
29638
29638
29641
29644
29644
29644
29644
29644
29644
29644
29644
29645
29645
29645
29645
29645
29646
29647
29653
29658
29659
29660
29665
29667
29667
29667
29667
29667
29667
29667
29667
29667
29667
29667
29674
29676
29676
29676
29677
29686
29696
29698
29699
29704
29728
29771
29785
29786
29794
29796
29798
29799
29799
29799
29799
29800
29800
29800
29800
29800
29800
29801
29801
29802
29804
29805
29805
29805
29805
29805
29805
29805
29805
29805
29805
29806
29809
29809
29809
29814
29814
29814
29814
29825
29844
29885
29914
29936
29957
29973
29980
29985
29985
29985
29989
29990
29990
29991
29993
29993
29994
29994
29994
29994
29994
29994
29994
29994
29996
29996
29996
29996
29996
29996
29997
29997
29997
29997
29997
29997
29997
29997
29997
29997
29997
29997
29997
29997
29997
29997
29997
29997
29997
29997
29997
29997
29997
30000
