0
1
1
2
3
5
7
8
9
12
15
18
22
26
27
29
37
39
43
48
51
57
63
69
76
83
85
88
97
101
109
119
128
135
145
158
166
176
184
199
207
215
230
237
255
261
270
282
288
298
309
319
328
345
364
370
392
404
420
428
446
470
483
500
521
533
543
558
575
600
619
637
658
678
692
713
729
747
761
779
800
825
843
859
891
908
928
948
973
999
1022
1048
1067
1088
1107
1120
1147
1170
1200
1218
1239
1260
1278
1305
1328
1353
1387
1417
1441
1469
1496
1515
1541
1571
1590
1618
1638
1663
1691
1720
1750
1783
1823
1850
1887
1916
1952
1985
2019
2062
2101
2134
2170
2196
2227
2262
2294
2318
2357
2389
2425
2460
2491
2529
2557
2595
2623
2645
2691
2728
2752
2794
2824
2870
2894
2942
2984
3020
3062
3099
3134
3177
3211
3252
3282
3334
3385
3418
3454
3489
3537
3576
3623
3661
3707
3743
3782
3823
3863
3910
3945
3999
4047
4095
4137
4203
4247
4283
4325
4369
4412
4448
4493
4556
4598
4646
4700
4742
4781
4821
4867
4913
4957
5000
5056
5104
5155
5205
5262
5322
5375
5417
5470
5531
5579
5625
5679
5735
5781
5835
5874
5920
5969
6015
6072
6137
6183
6245
6299
6343
6387
6452
6516
6581
6629
6693
6744
6797
6866
6913
6968
7017
7077
7143
7200
7277
7338
7384
7443
7494
7550
7606
7661
7726
7784
7838
7900
7953
8015
8103
8163
8213
8277
8343
8404
8456
8520
8579
8641
8701
8755
8820
8885
8957
9013
9098
9169
9233
9304
9370
9447
9524
9600
9659
9743
9813
9898
9967
10037
10097
10161
10223
10302
10379
10437
10500
10567
10651
10727
10806
10880
10960
11026
11105
11188
11268
11347
11421
11494
11576
11643
11719
11785
11860
11938
12014
12088
12163
12236
12316
12400
12486
12566
12659
12736
12814
12898
12983
13054
13149
13233
13305
13377
13457
13534
13602
13681
13768
13852
13929
14015
14072
14138
14234
14323
14395
14486
14562
14658
14754
14844
14919
14981
15052
15147
15237
15325
15409
15481
15563
15648
15749
15837
15927
16021
16087
16179
16256
16354
16437
16531
16627
16708
16799
16904
17000
17094
17190
17262
17336
17429
17528
17632
17724
17817
17908
17996
18086
18176
18254
18341
18431
18525
18633
18750
18827
18918
19027
19112
19206
19301
19400
19485
19583
19666
19765
19867
19970
20059
20149
20223
20322
20419
20516
20621
20706
20778
20887
20988
21074
21178
21275
21386
21462
21573
21672
21785
21881
21980
22085
22191
22296
22394
22487
22591
22717
22834
22927
23014
23122
23222
23326
23426
23519
23616
23760
23890
23990
24093
24195
24304
24409
24507
24626
24731
24826
24942
25051
25165
25273
25395
25504
25620
25730
25851
25955
26060
26198
26301
26404
26531
26655
26771
26886
27001
27110
27233
27356
27469
27584
27701
27818
27924
28033
28167
28288
28386
28507
28630
28750
28883
29005
29118
29222
29331
29452
29555
29660
29768
29864
