0
14
32
45
60
75
92
119
139
156
186
205
229
254
286
309
328
354
387
408
436
453
483
501
528
554
577
608
629
659
699
732
769
797
825
852
874
908
942
979
1018
1046
1084
1127
1154
1181
1207
1235
1268
1292
1322
1349
1382
1415
1455
1492
1526
1563
1599
1636
1668
1717
1747
1776
1819
1863
1902
1933
1964
1997
2038
2074
2104
2140
2180
2214
2256
2294
2336
2371
2433
2477
2537
2577
2606
2658
2710
2750
2802
2864
2916
2943
2991
3040
3085
3133
3183
3235
3288
3342
3389
3428
3477
3528
3576
3622
3665
3719
3762
3816
3880
3935
3988
4033
4085
4151
4206
4273
4318
4368
4427
4474
4543
4590
4638
4681
4739
4811
4880
4935
4993
5057
5093
5156
5213
5275
5334
5396
5466
5519
5573
5642
5708
5777
5831
5895
5945
5996
6048
6124
6182
6252
6309
6376
6439
6489
6548
6618
6674
6740
6811
6871
6932
6994
7064
7139
7209
7268
7326
7406
7468
7541
7600
7662
7734
7797
7881
7947
8010
8078
8133
8199
8262
8341
8416
8489
8553
8635
8710
8770
8852
8925
9006
9072
9150
9236
9311
9385
9436
9518
9603
9680
9750
9823
9888
9940
10006
10075
10145
10207
10287
10354
10422
10504
10572
10642
10715
10786
10844
10915
10978
11043
11104
11176
11234
11293
11349
11420
11477
11560
11638
11718
11783
11855
11909
11985
12050
12118
12176
12239
12294
12363
12450
12514
12578
12653
12739
12802
12860
12926
12995
13056
13126
13203
13272
13334
13401
13469
13542
13608
13677
13762
13838
13918
13980
14047
14126
14195
14275
14341
14405
14476
14540
14607
14686
14764
14847
14932
14995
15073
15160
15236
15321
15388
15454
15524
15603
15682
15759
15826
15901
15970
16031
16108
16184
16259
16324
16391
16450
16521
16585
16653
16726
16793
16856
16921
16992
17067
17146
17222
17291
17355
17432
17520
17585
17655
17726
17795
17863
17941
18008
18076
18149
18233
18298
18366
18455
18520
18591
18669
18741
18833
18897
18961
19042
19105
19175
19247
19324
19393
19455
19525
19624
19693
19756
19820
19876
19964
20026
20100
20172
20246
20321
20388
20457
20528
20588
20658
20715
20787
20859
20938
21013
21086
21168
21248
21311
21390
21472
21545
21610
21671
21747
21815
21896
21986
22068
22140
22193
22255
22346
22418
22495
22571
22647
22728
22813
22890
22962
23034
23090
23171
23238
23316
23375
23460
23514
23590
23676
23746
23813
23878
23954
24015
24077
24156
24224
24280
24343
24417
24478
24537
24608
24677
24741
24815
24888
24950
25009
25071
25137
25203
25267
25337
25413
25476
25536
25610
25661
25718
25778
25849
25917
25989
26054
26125
26200
26265
26324
26387
26439
26507
26568
26642
26698
26765
26837
26915
26992
27056
27132
27184
27248
27322
27378
27437
27481
27547
27606
27663
27721
27783
27849
27906
27950
28003
28063
28127
28195
28251
28298
28352
28408
28484
28541
28595
28661
28720
28778
28834
28885
28942
29011
29068
29120
29168
29222
29273
29331
29393
29450
29510
29568
29631
29689
29753
29807
29863
29913
29949
