0
43
171
356
588
863
1192
1590
1978
2381
2803
3229
3646
4039
4422
4801
5221
5651
6072
6459
6817
7188
7573
7981
8363
8761
9112
9466
9813
10122
10423
10683
10916
11195
11509
11848
12190
12469
12748
12991
13263
13542
13873
14188
14505
14849
15200
15547
15829
16084
16269
16473
16706
16921
17108
17285
17456
17585
17744
17901
18075
18294
18496
18627
18758
18898
19041
19161
19241
19319
19419
19531
19630
19773
19904
20015
20104
20201
20345
20467
20562
20687
20776
20864
20942
21011
21102
21194
21264
21328
21382
21433
21482
21571
21647
21713
21762
21813
21888
21969
22039
22125
22190
22255
22319
22360
22407
22478
22513
22569
22626
22664
22725
22756
22802
22855
22905
22957
23020
23069
23104
23167
23209
23258
23298
23356
23432
23510
23567
23625
23672
23711
23746
23778
23826
23870
23928
24006
24067
24125
24184
24237
24280
24326
24366
24402
24428
24461
24500
24535
24560
24601
24627
24649
24680
24701
24723
24759
24797
24825
24848
24896
24929
24956
24974
25017
25054
25082
25092
25112
25141
25164
25179
25192
25206
25215
25232
25248
25273
25302
25325
25355
25373
25399
25411
25431
25442
25451
25461
25487
25512
25542
25566
25614
25656
25686
25712
25741
25768
25802
25845
25888
25928
25971
25997
26021
26068
26104
26133
26176
26224
26267
26320
26381
26452
26543
26627
26697
26767
26823
26879
26932
26982
27016
27055
27079
27101
27119
27134
27151
27164
27172
27193
27212
27234
27256
27279
27313
27344
27392
27446
27468
27478
27490
27497
27503
27511
27522
27532
27537
27545
27558
27561
27565
27574
27590
27612
27646
27673
27703
27730
27787
27815
27832
27840
27856
27867
27877
27885
27902
27920
27939
27952
27954
27970
27988
28007
28024
28037
28064
28080
28096
28117
28136
28155
28177
28201
28210
28216
28227
28237
28251
28260
28269
28284
28290
28298
28308
28314
28322
28329
28338
28345
28352
28361
28365
28372
28384
28393
28402
28411
28414
28416
28418
28419
28423
28426
28435
28443
28448
28451
28463
28484
28501
28509
28526
28533
28543
28557
28573
28590
28612
28625
28638
28647
28654
28680
28704
28740
28754
28771
28778
28792
28799
28810
28826
28832
28842
28853
28867
28871
28872
28883
28902
28908
28913
28918
28925
28927
28933
28938
28941
28944
28947
28952
28958
28962
28963
28964
28967
28978
28987
28995
29008
29011
29020
29027
29037
29053
29068
29081
29086
29090
29093
29096
29097
29100
29112
29125
29126
29130
29135
29146
29157
29166
29170
29171
29180
29190
29196
29204
29215
29225
29229
29238
29248
29251
29257
29260
29275
29288
29309
29345
29362
29376
29385
29400
29410
29435
29447
29476
29494
29506
29514
29522
29537
29541
29547
29549
29557
29577
29624
29665
29709
29746
29775
29788
29793
29806
29816
29821
29823
29824
29828
29833
29837
29838
29839
29847
29857
29859
29864
29867
29872
29873
29874
29876
29879
29880
29883
29888
29891
29898
29901
29906
29910
29915
29916
29916
29919
29921
29925
29927
29928
29929
29930
29941
29944
29954
29966
29972
29974
29976
29976
29976
29976
29976
29977
29981
29982
29984
29985
29986
29992
29993
29996
29997
29997
29998
29999
