0 0
10 1
20 2
30 2
40 2
50 3
60 6
70 9
80 10
90 13
100 18
110 25
120 30
130 30
140 35
150 39
160 44
170 51
180 55
190 62
200 69
210 79
220 90
230 100
240 111
250 116
260 126
270 138
280 147
290 165
300 175
310 187
320 203
330 215
340 234
350 242
360 255
370 260
380 271
390 288
400 300
410 314
420 330
430 348
440 362
450 373
460 390
470 412
480 421
490 436
500 463
510 480
520 502
530 519
540 541
550 564
560 587
570 609
580 629
590 647
600 664
610 682
620 702
630 724
640 750
650 774
660 795
670 816
680 837
690 855
700 876
710 901
720 928
730 945
740 979
750 1008
760 1028
770 1055
780 1083
790 1109
800 1129
810 1156
820 1180
830 1215
840 1242
850 1278
860 1311
870 1342
880 1366
890 1402
900 1428
910 1450
920 1478
930 1517
940 1548
950 1571
960 1592
970 1624
980 1649
990 1686
1000 1722
1010 1751
1020 1782
1030 1814
1040 1839
1050 1866
1060 1899
1070 1935
1080 1963
1090 1996
1100 2026
1110 2062
1120 2092
1130 2121
1140 2156
1150 2193
1160 2232
1170 2279
1180 2323
1190 2360
1200 2404
1210 2446
1220 2487
1230 2528
1240 2564
1250 2602
1260 2638
1270 2671
1280 2707
1290 2734
1300 2773
1310 2810
1320 2841
1330 2879
1340 2929
1350 2971
1360 3017
1370 3061
1380 3107
1390 3153
1400 3186
1410 3228
1420 3281
1430 3330
1440 3379
1450 3437
1460 3478
1470 3529
1480 3575
1490 3625
1500 3686
1510 3735
1520 3774
1530 3822
1540 3871
1550 3921
1560 3973
1570 4023
1580 4073
1590 4120
1600 4162
1610 4213
1620 4264
1630 4312
1640 4370
1650 4431
1660 4480
1670 4534
1680 4594
1690 4657
1700 4710
1710 4763
1720 4812
1730 4866
1740 4929
1750 4979
1760 5035
1770 5090
1780 5148
1790 5201
1800 5250
1810 5306
1820 5370
1830 5421
1840 5487
1850 5547
1860 5607
1870 5659
1880 5726
1890 5779
1900 5857
1910 5905
1920 5961
1930 6008
1940 6066
1950 6129
1960 6192
1970 6247
1980 6305
1990 6372
2000 6435
2010 6504
2020 6564
2030 6606
2040 6664
2050 6741
2060 6804
2070 6855
2080 6917
2090 6973
2100 7045
2110 7108
2120 7169
2130 7225
2140 7288
2150 7357
2160 7421
2170 7479
2180 7532
2190 7593
2200 7653
2210 7719
2220 7789
2230 7846
2240 7914
2250 7971
2260 8023
2270 8073
2280 8137
2290 8202
2300 8265
2310 8335
2320 8402
2330 8466
2340 8529
2350 8595
2360 8656
2370 8724
2380 8782
2390 8846
2400 8915
2410 8987
2420 9057
2430 9127
2440 9196
2450 9267
2460 9340
2470 9406
2480 9450
2490 9516
2500 9604
2510 9667
2520 9731
2530 9800
2540 9864
2550 9936
2560 9999
2570 10067
2580 10137
2590 10216
2600 10289
2610 10348
2620 10412
2630 10484
2640 10571
2650 10667
2660 10732
2670 10812
2680 10875
2690 10946
2700 11016
2710 11081
2720 11149
2730 11221
2740 11274
2750 11349
2760 11417
2770 11499
2780 11564
2790 11635
2800 11699
2810 11790
2820 11863
2830 11940
2840 12036
2850 12125
2860 12189
2870 12253
2880 12318
2890 12379
2900 12471
2910 12548
2920 12617
2930 12688
2940 12768
2950 12840
2960 12917
2970 12991
2980 13076
2990 13176
3000 13248
3010 13332
3020 13428
3030 13506
3040 13575
3050 13657
3060 13745
3070 13822
3080 13891
3090 13975
3100 14055
3110 14143
3120 14226
3130 14322
3140 14394
3150 14463
3160 14549
3170 14625
3180 14691
3190 14778
3200 14854
3210 14937
3220 15004
3230 15097
3240 15185
3250 15249
3260 15327
3270 15398
3280 15465
3290 15534
3300 15623
3310 15709
3320 15787
3330 15865
3340 15947
3350 16024
3360 16108
3370 16203
3380 16276
3390 16372
3400 16465
3410 16544
3420 16623
3430 16705
3440 16768
3450 16837
3460 16917
3470 17011
3480 17101
3490 17176
3500 17253
3510 17347
3520 17428
3530 17512
3540 17581
3550 17673
3560 17749
3570 17831
3580 17930
3590 17997
3600 18087
3610 18168
3620 18232
3630 18324
3640 18420
3650 18507
3660 18594
3670 18672
3680 18768
3690 18858
3700 18943
3710 19031
3720 19107
3730 19191
3740 19272
3750 19361
3760 19466
3770 19561
3780 19655
3790 19748
3800 19828
3810 19911
3820 19997
3830 20089
3840 20172
3850 20249
3860 20337
3870 20419
3880 20505
3890 20577
3900 20671
3910 20750
3920 20850
3930 20935
3940 21026
3950 21112
3960 21209
3970 21296
3980 21382
3990 21469
4000 21553
4010 21644
4020 21716
4030 21808
4040 21898
4050 21992
4060 22076
4070 22146
4080 22222
4090 22302
4100 22385
4110 22465
4120 22549
4130 22633
4140 22729
4150 22819
4160 22922
4170 23008
4180 23089
4190 23157
4200 23247
4210 23324
4220 23407
4230 23494
4240 23588
4250 23666
4260 23744
4270 23825
4280 23911
4290 23993
4300 24073
4310 24150
4320 24247
4330 24340
4340 24428
4350 24514
4360 24596
4370 24669
4380 24755
4390 24847
4400 24945
4410 25043
4420 25122
4430 25208
4440 25289
4450 25374
4460 25462
4470 25554
4480 25637
4490 25717
4500 25802
4510 25894
4520 25986
4530 26080
4540 26163
4550 26256
4560 26340
4570 26425
4580 26499
4590 26585
4600 26664
4610 26750
4620 26829
4630 26919
4640 27001
4650 27084
4660 27166
4670 27268
4680 27340
4690 27429
4700 27515
4710 27600
4720 27684
4730 27768
4740 27849
4750 27941
4760 28031
4770 28108
4780 28183
4790 28272
4800 28368
4810 28435
4820 28520
4830 28616
4840 28709
4850 28799
4860 28877
4870 28964
4880 29057
4890 29134
4900 29203
4910 29287
4920 29357
4930 29432
4940 29514
4950 29604
4960 29679
4970 29762
4980 29841
4990 29916
