0
9
17
25
38
48
54
57
68
80
91
101
109
122
130
136
150
162
176
192
207
212
224
239
252
266
291
305
324
339
358
371
397
410
431
452
478
495
524
544
571
590
617
636
663
686
705
728
757
778
795
819
840
861
897
931
952
975
993
1020
1048
1077
1101
1126
1154
1176
1211
1249
1274
1295
1323
1350
1371
1404
1429
1460
1489
1514
1542
1583
1613
1645
1672
1699
1737
1764
1787
1820
1847
1879
1920
1952
1999
2029
2061
2100
2142
2172
2215
2247
2281
2325
2363
2411
2445
2480
2527
2565
2609
2650
2689
2735
2783
2823
2861
2894
2943
2983
3028
3073
3113
3154
3207
3245
3286
3344
3376
3423
3467
3509
3556
3600
3660
3706
3772
3821
3862
3919
3969
4008
4055
4103
4142
4189
4233
4296
4332
4381
4447
4512
4545
4596
4666
4717
4770
4806
4847
4897
4954
5004
5065
5119
5175
5221
5261
5328
5390
5441
5521
5583
5642
5698
5763
5822
5881
5926
5991
6039
6103
6158
6208
6262
6308
6353
6407
6487
6557
6623
6688
6745
6798
6864
6923
6983
7055
7120
7179
7237
7309
7371
7442
7504
7563
7631
7692
7753
7818
7889
7968
8047
8112
8174
8230
8291
8353
8431
8500
8563
8619
8679
8745
8812
8874
8939
9006
9068
9141
9209
9302
9362
9422
9489
9543
9632
9695
9760
9834
9904
9966
10056
10132
10216
10283
10359
10428
10503
10573
10637
10702
10764
10837
10906
10975
11040
11111
11181
11249
11322
11388
11481
11561
11629
11719
11778
11866
11938
12000
12089
12163
12227
12305
12384
12459
12529
12596
12680
12764
12858
12950
13027
13113
13180
13260
13339
13425
13502
13579
13659
13742
13830
13911
13994
14075
14172
14264
14358
14447
14552
14633
14715
14797
14892
14983
15076
15182
15268
15365
15459
15554
15642
15733
15826
15924
16012
16112
16207
16299
16386
16470
16567
16653
16742
16817
16914
16996
17091
17181
17276
17357
17434
17535
17627
17713
17802
17894
17990
18094
18176
18255
18329
18408
18491
18564
18640
18720
18804
18879
18966
19045
19125
19207
19300
19377
19471
19547
19617
19688
19770
19878
19952
20025
20095
20172
20245
20327
20407
20471
20550
20641
20716
20792
20861
20934
21011
21093
21172
21239
21328
21399
21484
21580
21659
21728
21812
21875
21959
22041
22116
22208
22281
22338
22411
22483
22555
22628
22708
22781
22863
22920
23001
23055
23130
23210
23297
23392
23481
23539
23636
23703
23773
23843
23916
23991
24072
24155
24235
24308
24378
24446
24534
24594
24660
24721
24793
24853
24934
25004
25079
25167
25231
25304
25369
25438
25512
25593
25660
25723
25814
25886
25967
26042
26116
26173
26249
26319
26391
26466
26538
26607
26688
26758
26831
26905
26981
27045
27125
27207
27282
27347
27402
27467
27535
27598
27668
27751
27806
27869
27939
27997
28067
28134
28190
28255
28320
28390
28461
28527
28587
28659
28721
28781
28841
28909
28976
29046
29110
29178
29236
29300
29371
29442
29490
29549
29616
29675
29733
29787
29830
29886
29941
