0
49
195
427
713
1088
1526
2068
2642
3245
3909
4656
5439
6251
7053
7883
8577
9293
9918
10519
11104
11748
12337
12925
13492
14039
14497
14965
15396
15825
16253
16700
17105
17509
17936
18386
18807
19144
19432
19661
19914
20103
20245
20328
20431
20567
20699
20824
20973
21080
21143
21185
21253
21302
21357
21433
21473
21507
21532
21551
21562
21582
21597
21616
21650
21668
21704
21756
21810
21867
21942
22027
22101
22160
22198
22235
22253
22263
22270
22277
22299
22343
22396
22430
22472
22527
22575
22603
22653
22697
22724
22748
22774
22782
22790
22793
22795
22799
22802
22815
22833
22862
22877
22896
22925
22945
22964
22973
23004
23055
23075
23088
23106
23148
23237
23321
23381
23407
23441
23465
23473
23487
23497
23504
23505
23508
23510
23513
23518
23532
23535
23537
23537
23539
23542
23543
23544
23545
23546
23550
23551
23553
23555
23559
23560
23560
23567
23582
23606
23620
23640
23647
23651
23656
23657
23664
23683
23697
23700
23700
23702
23703
23703
23703
23705
23706
23711
23715
23729
23764
23784
23799
23852
23929
24023
24112
24167
24217
24270
24301
24320
24328
24335
24346
24363
24397
24416
24421
24430
24448
24459
24464
24466
24467
24474
24486
24492
24500
24501
24509
24521
24526
24528
24528
24529
24529
24530
24534
24548
24563
24563
24563
24564
24564
24566
24569
24578
24587
24606
24635
24676
24706
24729
24745
24771
24835
24938
25029
25094
25147
25198
25259
25294
25332
25410
25522
25628
25723
25864
25972
26060
26120
26189
26261
26312
26397
26509
26660
26784
26866
26900
26947
27010
27093
27135
27154
27161
27168
27178
27186
27189
27189
27191
27193
27193
27193
27196
27199
27206
27207
27209
27210
27222
27235
27240
27243
27249
27266
27273
27273
27273
27274
27274
27275
27277
27279
27280
27280
27280
27280
27281
27281
27281
27281
27281
27283
27287
27292
27299
27310
27311
27312
27318
27328
27348
27375
27387
27387
27391
27392
27393
27393
27393
27393
27393
27393
27395
27396
27399
27401
27402
27403
27404
27404
27411
27419
27423
27429
27429
27429
27429
27429
27430
27433
27436
27453
27473
27478
27479
27489
27509
27513
27513
27519
27550
27562
27563
27563
27563
27565
27565
27565
27565
27565
27566
27566
27573
27590
27593
27606
27620
27626
27649
27666
27687
27703
27743
27763
27783
27809
27831
27861
27906
27973
28062
28177
28295
28411
28530
28643
28752
28846
28954
29055
29127
29174
29195
29215
29237
29248
29266
29280
29335
29434
29526
29583
29626
29669
29689
29704
29719
29737
29761
29766
29770
29776
29791
29820
29846
29857
29860
29867
29874
29891
29915
29919
29927
29930
29933
29935
29936
29939
29944
29961
29973
29973
29974
29975
29975
29977
29980
29981
29981
29981
29981
29981
29981
29981
29981
29981
29981
29981
29981
29981
29982
29982
29982
29982
29982
29983
29983
29983
29983
29983
29983
29983
29983
29983
29983
29983
29983
29983
29983
29983
29983
29983
29983
29983
29983
29983
29983
29983
29983
29983
29983
29983
29983
29983
29985
29985
29985
29985
29985
29987
29987
29987
29987
29987
29987
29991
29995
29996
29997
29997
29998
29998
29998
29998
29998
30000
