0
2
3
7
7
11
13
17
19
27
29
37
40
53
55
57
61
70
75
84
90
100
108
117
129
136
155
162
172
178
187
195
205
215
227
237
249
263
276
285
298
314
332
356
369
384
400
422
444
473
492
506
523
540
561
571
593
621
644
661
682
702
717
732
757
776
795
813
834
858
885
902
928
955
984
1009
1031
1059
1081
1114
1139
1161
1187
1206
1236
1267
1295
1331
1353
1385
1420
1439
1462
1490
1527
1555
1580
1615
1636
1666
1700
1734
1756
1787
1822
1864
1898
1926
1960
1982
2008
2056
2098
2129
2167
2194
2228
2277
2314
2348
2388
2418
2448
2487
2536
2578
2615
2664
2706
2751
2801
2849
2887
2922
2971
3024
3072
3123
3162
3195
3263
3316
3365
3407
3449
3493
3536
3593
3646
3699
3750
3799
3838
3884
3944
3999
4061
4115
4166
4225
4266
4318
4365
4414
4466
4520
4569
4627
4670
4721
4767
4818
4876
4932
4981
5033
5084
5145
5196
5255
5304
5363
5430
5490
5554
5610
5654
5707
5782
5838
5894
5957
6013
6081
6147
6192
6253
6321
6373
6445
6494
6558
6606
6671
6739
6803
6861
6934
6993
7050
7107
7182
7246
7306
7370
7440
7506
7571
7642
7700
7754
7817
7874
7931
7991
8054
8132
8197
8260
8325
8387
8450
8502
8571
8646
8717
8769
8813
8879
8936
9002
9074
9145
9228
9298
9363
9441
9504
9575
9629
9698
9771
9836
9901
9979
10048
10110
10170
10242
10315
10387
10473
10541
10598
10660
10731
10799
10881
10954
11026
11102
11188
11286
11361
11435
11522
11578
11651
11728
11798
11876
11955
12033
12112
12194
12280
12354
12433
12501
12571
12640
12716
12792
12873
12943
13026
13096
13171
13264
13329
13415
13490
13568
13649
13736
13819
13900
13978
14058
14144
14219
14312
14381
14463
14547
14619
14692
14771
14848
14930
15012
15089
15147
15222
15311
15383
15467
15530
15606
15686
15762
15833
15907
15981
16054
16137
16209
16308
16401
16487
16551
16632
16698
16766
16859
16933
17014
17096
17175
17258
17342
17423
17508
17589
17675
17765
17852
17945
18024
18116
18220
18303
18392
18467
18563
18644
18738
18820
18892
18975
19043
19133
19209
19292
19364
19445
19532
19632
19717
19786
19874
19965
20046
20124
20182
20281
20384
20464
20556
20641
20723
20809
20910
20986
21070
21149
21232
21318
21410
21480
21562
21644
21721
21818
21905
21993
22077
22162
22251
22344
22459
22538
22627
22711
22789
22895
22989
23079
23164
23240
23332
23433
23516
23601
23692
23799
23887
23987
24051
24125
24224
24317
24394
24475
24553
24641
24710
24796
24900
24988
25066
25143
25219
25297
25386
25459
25550
25637
25728
25816
25906
25975
26064
26157
26244
26345
26435
26506
26595
26677
26764
26833
26921
26999
27089
27188
27262
27344
27426
27529
27619
27696
27774
27870
27949
28016
28107
28182
28253
28334
28417
28479
28549
28628
28711
28797
28879
28954
29028
29115
29199
29281
29369
29458
29526
29620
29703
29783
29852
29929
