0
36
121
246
371
522
688
855
1017
1174
1339
1485
1627
1753
1904
2038
2173
2314
2443
2600
2776
2906
3062
3227
3357
3496
3585
3705
3811
3922
4013
4102
4193
4298
4408
4514
4616
4701
4796
4896
5015
5118
5220
5304
5379
5478
5570
5650
5716
5792
5894
5976
6044
6133
6199
6279
6364
6458
6542
6628
6711
6799
6878
6958
7037
7132
7221
7341
7415
7499
7579
7680
7755
7832
7918
8006
8084
8161
8237
8323
8379
8443
8510
8593
8667
8738
8823
8883
8949
9014
9091
9182
9248
9333
9408
9482
9558
9629
9701
9762
9823
9913
10009
10115
10173
10259
10348
10423
10510
10597
10683
10765
10869
10955
11045
11136
11226
11328
11433
11534
11649
11738
11861
11975
12108
12208
12324
12437
12552
12653
12749
12868
12969
13078
13208
13310
13432
13570
13683
13800
13920
14050
14173
14290
14378
14473
14594
14687
14778
14858
14931
15016
15092
15160
15228
15287
15357
15430
15495
15557
15616
15684
15755
15815
15866
15945
16011
16074
16148
16234
16305
16384
16447
16525
16618
16686
16744
16819
16882
16928
16978
17026
17073
17126
17184
17234
17298
17357
17411
17488
17559
17618
17680
17741
17818
17877
17945
18006
18074
18120
18168
18232
18290
18355
18429
18493
18549
18599
18673
18743
18820
18875
18945
19003
19051
19115
19173
19215
19258
19310
19361
19406
19459
19499
19542
19589
19624
19678
19737
19789
19827
19874
19923
19979
20030
20095
20137
20187
20232
20288
20346
20387
20436
20487
20550
20607
20667
20719
20775
20844
20909
20953
21003
21047
21074
21136
21188
21242
21304
21369
21422
21462
21517
21561
21598
21648
21695
21749
21816
21847
21885
21930
21966
22008
22040
22096
22139
22188
22227
22264
22294
22327
22363
22408
22448
22484
22522
22564
22615
22659
22707
22740
22780
22817
22859
22913
22972
23011
23053
23097
23150
23212
23272
23332
23388
23428
23482
23547
23610
23675
23724
23783
23837
23878
23908
23953
24006
24055
24095
24159
24214
24282
24318
24351
24392
24433
24468
24511
24541
24578
24620
24654
24702
24742
24773
24808
24834
24861
24896
24925
24966
25011
25057
25105
25146
25169
25196
25233
25269
25297
25340
25360
25385
25420
25441
25474
25504
25539
25574
25601
25626
25670
25705
25732
25773
25818
25855
25885
25936
25972
26024
26059
26092
26140
26184
26230
26272
26326
26368
26414
26453
26487
26514
26562
26594
26641
26681
26716
26741
26767
26791
26815
26841
26877
26896
26935
26963
27001
27036
27066
27101
27127
27151
27192
27224
27250
27271
27300
27317
27348
27383
27416
27435
27455
27481
27514
27549
27580
27617
27659
27690
27721
27767
27799
27839
27867
27911
27939
27974
28009
28037
28067
28107
28141
28169
28198
28230
28255
28279
28314
28332
28358
28392
28412
28432
28470
28505
28528
28562
28587
28624
28664
28697
28735
28765
28799
28827
28851
28891
28915
28933
28969
28996
29026
29049
29073
29098
29116
29145
29172
29197
29216
29248
29288
29320
29352
29395
29427
29457
29498
29528
29550
29573
29603
29622
29647
29667
29690
29717
29740
29760
29785
29811
29842
29873
29901
29926
29942
29965
29985
