0
37
129
308
546
823
1125
1459
1814
2166
2516
2871
3240
3629
4042
4451
4871
5298
5727
6152
6521
6871
7203
7509
7788
8099
8432
8773
9104
9432
9713
9963
10207
10503
10849
11204
11548
11864
12173
12504
12887
13286
13622
13926
14199
14487
14789
15081
15387
15631
15878
16108
16285
16457
16629
16842
17081
17318
17556
17792
18036
18250
18445
18636
18786
18934
19045
19179
19335
19490
19677
19847
20007
20171
20312
20460
20668
20823
20950
21067
21216
21325
21407
21489
21591
21685
21774
21842
21915
21975
22036
22079
22144
22207
22283
22344
22386
22438
22469
22504
22554
22607
22659
22719
22765
22817
22892
22960
23030
23105
23167
23225
23310
23415
23505
23566
23626
23715
23805
23874
23917
23984
24050
24096
24126
24164
24190
24220
24264
24323
24377
24413
24469
24516
24550
24595
24632
24661
24689
24726
24774
24817
24866
24919
24970
25007
25059
25140
25235
25304
25337
25385
25421
25456
25485
25504
25530
25542
25569
25594
25609
25624
25635
25660
25683
25704
25730
25754
25764
25782
25800
25812
25836
25860
25885
25920
25933
25951
25970
25994
26015
26037
26062
26075
26081
26100
26116
26134
26155
26181
26196
26220
26231
26240
26257
26267
26296
26312
26339
26350
26369
26378
26389
26402
26417
26427
26440
26456
26480
26519
26551
26593
26632
26662
26685
26728
26763
26820
26877
26935
26995
27033
27091
27121
27145
27158
27183
27197
27212
27226
27244
27259
27276
27302
27312
27326
27343
27353
27366
27379
27393
27409
27433
27459
27470
27474
27477
27485
27488
27496
27497
27500
27504
27506
27511
27525
27544
27564
27570
27572
27581
27595
27618
27632
27643
27651
27660
27663
27673
27676
27684
27702
27733
27788
27837
27873
27889
27903
27919
27936
27947
27962
27978
27991
28002
28012
28025
28040
28051
28069
28078
28088
28099
28105
28120
28131
28136
28148
28154
28169
28179
28196
28211
28225
28232
28234
28238
28241
28247
28265
28280
28285
28303
28310
28336
28359
28372
28375
28383
28388
28393
28401
28403
28412
28420
28434
28449
28453
28454
28460
28467
28478
28483
28488
28492
28502
28504
28511
28526
28560
28579
28606
28615
28619
28639
28658
28673
28679
28681
28691
28709
28723
28728
28738
28750
28755
28767
28775
28792
28801
28804
28815
28815
28817
28820
28828
28836
28837
28846
28849
28852
28854
28855
28855
28857
28858
28859
28865
28873
28877
28884
28890
28897
28905
28914
28926
28932
28935
28947
28963
28982
29002
29026
29056
29086
29115
29144
29177
29195
29208
29218
29226
29235
29244
29251
29260
29272
29293
29310
29325
29331
29339
29342
29344
29347
29353
29359
29371
29390
29412
29423
29427
29432
29438
29450
29470
29481
29493
29500
29507
29518
29528
29547
29553
29569
29593
29618
29656
29677
29684
29691
29701
29714
29725
29728
29731
29737
29746
29750
29753
29763
29771
29773
29777
29780
29781
29782
29788
29797
29802
29819
29832
29846
29854
29862
29871
29877
29881
29883
29884
29886
29890
29892
29893
29898
29910
29917
29923
29931
29935
29935
29936
29937
29942
29948
29951
29952
29952
29962
29965
29967
29974
29975
29977
29981
29986
29987
29993
29995
29997
