0
25
72
138
201
255
318
365
415
452
506
590
680
785
894
1018
1137
1238
1327
1466
1593
1726
1862
1991
2150
2307
2453
2572
2667
2770
2867
2967
3068
3160
3217
3290
3371
3456
3514
3560
3626
3683
3735
3802
3867
3933
3995
4050
4102
4189
4267
4326
4413
4483
4551
4615
4683
4763
4844
4930
5010
5071
5159
5222
5299
5365
5445
5509
5594
5655
5725
5788
5844
5904
5969
6030
6096
6161
6231
6296
6360
6419
6480
6537
6608
6689
6761
6835
6884
6929
6983
7034
7081
7124
7169
7223
7267
7318
7363
7410
7463
7526
7596
7647
7702
7747
7806
7856
7908
7977
8034
8105
8148
8201
8254
8311
8353
8408
8450
8491
8532
8574
8637
8678
8714
8758
8800
8844
8897
8938
9004
9061
9123
9176
9234
9274
9329
9393
9447
9505
9564
9634
9680
9747
9806
9871
9927
9999
10068
10130
10197
10256
10293
10360
10416
10455
10503
10573
10640
10699
10744
10806
10858
10933
11010
11060
11121
11183
11234
11284
11346
11415
11491
11557
11629
11702
11761
11837
11916
11988
12071
12173
12278
12387
12535
12690
12795
12917
13044
13145
13229
13312
13411
13515
13588
13660
13743
13832
13927
14023
14079
14164
14266
14338
14419
14506
14601
14681
14771
14890
14996
15115
15237
15348
15435
15543
15638
15726
15823
15923
16033
16143
16233
16327
16415
16497
16577
16660
16753
16857
16952
17053
17162
17253
17328
17416
17494
17567
17642
17733
17815
17958
18101
18238
18358
18469
18598
18702
18815
18932
19049
19132
19232
19319
19432
19546
19642
19715
19803
19874
19956
20049
20164
20261
20328
20388
20460
20519
20585
20643
20696
20756
20810
20891
20964
21011
21073
21129
21202
21276
21361
21443
21507
21558
21618
21674
21726
21766
21817
21864
21908
21955
21997
22035
22096
22131
22169
22222
22297
22362
22415
22469
22531
22581
22630
22691
22724
22787
22842
22915
22977
23045
23113
23184
23243
23309
23350
23417
23471
23524
23582
23629
23686
23742
23787
23839
23895
23941
24001
24057
24105
24150
24188
24230
24271
24318
24355
24390
24414
24463
24499
24536
24594
24647
24691
24732
24778
24822
24879
24926
24966
25011
25056
25112
25152
25197
25240
25271
25314
25347
25384
25413
25441
25475
25511
25556
25600
25661
25708
25746
25794
25825
25863
25907
25962
26001
26045
26083
26113
26172
26209
26246
26292
26325
26360
26400
26434
26476
26504
26528
26560
26588
26624
26655
26687
26713
26747
26769
26806
26846
26892
26929
26966
26999
27025
27085
27116
27152
27184
27223
27244
27287
27318
27351
27370
27406
27435
27470
27518
27560
27601
27645
27687
27720
27741
27781
27803
27828
27862
27887
27917
27949
27994
28031
28055
28083
28121
28153
28184
28216
28258
28288
28329
28358
28388
28415
28446
28476
28508
28550
28575
28609
28628
28660
28683
28702
28735
28781
28812
28833
28863
28893
28917
28947
28978
29009
29042
29072
29102
29126
29148
29174
29192
29228
29261
29289
29323
29357
29400
29423
29448
29481
29519
29557
29590
29616
29664
29707
29741
29764
29801
29852
29867
29888
29904
29918
29935
29951
29972
29987
