0 0
10 1
20 1
30 1
40 2
50 4
60 4
70 6
80 8
90 11
100 11
110 12
120 17
130 20
140 26
150 33
160 39
170 46
180 53
190 60
200 72
210 79
220 84
230 88
240 95
250 102
260 112
270 120
280 131
290 146
300 155
310 159
320 172
330 177
340 187
350 190
360 198
370 208
380 216
390 227
400 243
410 261
420 274
430 285
440 297
450 307
460 319
470 327
480 339
490 353
500 366
510 379
520 393
530 407
540 421
550 436
560 452
570 472
580 488
590 507
600 520
610 533
620 551
630 564
640 588
650 608
660 632
670 652
680 669
690 681
700 701
710 724
720 742
730 765
740 787
750 803
760 828
770 847
780 873
790 892
800 910
810 926
820 946
830 964
840 989
850 1003
860 1025
870 1045
880 1065
890 1087
900 1105
910 1131
920 1150
930 1169
940 1189
950 1217
960 1243
970 1269
980 1307
990 1339
1000 1360
1010 1383
1020 1405
1030 1433
1040 1459
1050 1496
1060 1532
1070 1561
1080 1595
1090 1625
1100 1656
1110 1685
1120 1713
1130 1739
1140 1770
1150 1803
1160 1835
1170 1866
1180 1901
1190 1929
1200 1962
1210 2001
1220 2032
1230 2063
1240 2093
1250 2133
1260 2160
1270 2194
1280 2234
1290 2280
1300 2311
1310 2341
1320 2381
1330 2426
1340 2459
1350 2499
1360 2528
1370 2564
1380 2602
1390 2651
1400 2676
1410 2722
1420 2765
1430 2814
1440 2850
1450 2895
1460 2944
1470 2983
1480 3010
1490 3053
1500 3088
1510 3133
1520 3169
1530 3207
1540 3247
1550 3279
1560 3319
1570 3375
1580 3412
1590 3457
1600 3501
1610 3545
1620 3600
1630 3641
1640 3683
1650 3723
1660 3779
1670 3815
1680 3853
1690 3894
1700 3942
1710 3981
1720 4030
1730 4071
1740 4107
1750 4146
1760 4183
1770 4222
1780 4266
1790 4312
1800 4354
1810 4399
1820 4448
1830 4505
1840 4569
1850 4621
1860 4673
1870 4724
1880 4768
1890 4808
1900 4849
1910 4893
1920 4951
1930 5002
1940 5053
1950 5112
1960 5168
1970 5211
1980 5268
1990 5312
2000 5351
2010 5411
2020 5464
2030 5512
2040 5554
2050 5600
2060 5645
2070 5709
2080 5771
2090 5822
2100 5886
2110 5952
2120 6004
2130 6059
2140 6125
2150 6183
2160 6248
2170 6314
2180 6370
2190 6430
2200 6497
2210 6550
2220 6608
2230 6676
2240 6732
2250 6802
2260 6861
2270 6919
2280 6972
2290 7042
2300 7116
2310 7184
2320 7225
2330 7290
2340 7355
2350 7421
2360 7482
2370 7537
2380 7600
2390 7669
2400 7753
2410 7811
2420 7896
2430 7964
2440 8011
2450 8075
2460 8129
2470 8196
2480 8253
2490 8317
2500 8374
2510 8437
2520 8503
2530 8561
2540 8621
2550 8691
2560 8752
2570 8809
2580 8869
2590 8922
2600 8991
2610 9058
2620 9121
2630 9179
2640 9248
2650 9327
2660 9395
2670 9444
2680 9513
2690 9593
2700 9657
2710 9706
2720 9779
2730 9864
2740 9931
2750 10003
2760 10071
2770 10138
2780 10210
2790 10280
2800 10340
2810 10400
2820 10466
2830 10545
2840 10627
2850 10695
2860 10762
2870 10813
2880 10893
2890 10956
2900 11013
2910 11078
2920 11158
2930 11234
2940 11294
2950 11359
2960 11421
2970 11490
2980 11569
2990 11622
3000 11701
3010 11767
3020 11848
3030 11915
3040 12001
3050 12086
3060 12164
3070 12221
3080 12296
3090 12370
3100 12458
3110 12536
3120 12607
3130 12670
3140 12755
3150 12822
3160 12911
3170 12985
3180 13054
3190 13141
3200 13214
3210 13300
3220 13386
3230 13452
3240 13517
3250 13584
3260 13667
3270 13764
3280 13842
3290 13918
3300 14017
3310 14103
3320 14197
3330 14288
3340 14369
3350 14444
3360 14517
3370 14610
3380 14689
3390 14770
3400 14859
3410 14952
3420 15036
3430 15117
3440 15197
3450 15275
3460 15348
3470 15425
3480 15516
3490 15604
3500 15681
3510 15772
3520 15862
3530 15938
3540 16040
3550 16127
3560 16211
3570 16307
3580 16383
3590 16473
3600 16543
3610 16629
3620 16723
3630 16802
3640 16889
3650 16964
3660 17052
3670 17136
3680 17229
3690 17317
3700 17397
3710 17492
3720 17576
3730 17659
3740 17756
3750 17844
3760 17923
3770 18010
3780 18099
3790 18184
3800 18253
3810 18362
3820 18440
3830 18537
3840 18629
3850 18737
3860 18825
3870 18906
3880 19003
3890 19100
3900 19190
3910 19283
3920 19362
3930 19465
3940 19558
3950 19640
3960 19730
3970 19816
3980 19931
3990 20015
4000 20103
4010 20181
4020 20278
4030 20367
4040 20457
4050 20567
4060 20666
4070 20765
4080 20848
4090 20917
4100 21016
4110 21098
4120 21182
4130 21285
4140 21384
4150 21492
4160 21587
4170 21683
4180 21782
4190 21884
4200 21975
4210 22072
4220 22161
4230 22256
4240 22350
4250 22453
4260 22554
4270 22644
4280 22749
4290 22850
4300 22940
4310 23040
4320 23127
4330 23212
4340 23316
4350 23419
4360 23512
4370 23607
4380 23690
4390 23773
4400 23886
4410 23973
4420 24055
4430 24160
4440 24260
4450 24335
4460 24425
4470 24532
4480 24632
4490 24712
4500 24803
4510 24900
4520 25029
4530 25134
4540 25261
4550 25344
4560 25434
4570 25537
4580 25654
4590 25762
4600 25877
4610 25980
4620 26092
4630 26198
4640 26279
4650 26396
4660 26492
4670 26599
4680 26700
4690 26805
4700 26918
4710 27011
4720 27116
4730 27197
4740 27296
4750 27413
4760 27512
4770 27622
4780 27734
4790 27831
4800 27944
4810 28041
4820 28148
4830 28251
4840 28354
4850 28456
4860 28546
4870 28646
4880 28753
4890 28857
4900 28967
4910 29076
4920 29195
4930 29291
4940 29384
4950 29476
4960 29583
4970 29711
4980 29800
4990 29901
