0
1
2
2
2
2
5
7
8
11
14
16
21
25
29
37
42
43
43
51
58
61
68
81
87
97
103
107
114
122
128
137
144
158
168
177
189
195
207
219
228
237
245
254
266
280
293
306
317
333
350
363
387
393
407
417
432
454
469
489
501
514
527
542
559
576
590
610
625
642
665
679
701
715
729
745
776
791
811
836
861
885
903
926
957
978
1001
1028
1053
1069
1090
1112
1130
1161
1184
1212
1236
1265
1297
1325
1353
1376
1408
1443
1466
1490
1510
1532
1562
1586
1618
1650
1676
1713
1729
1757
1796
1823
1855
1884
1917
1949
1994
2029
2054
2084
2123
2158
2193
2232
2263
2290
2327
2368
2404
2449
2483
2525
2555
2592
2640
2670
2709
2737
2780
2806
2847
2876
2918
2960
2991
3031
3064
3101
3138
3182
3230
3270
3304
3351
3396
3433
3469
3510
3549
3591
3626
3668
3699
3745
3790
3829
3867
3911
3965
4006
4063
4110
4161
4206
4250
4296
4342
4388
4447
4494
4543
4595
4638
4694
4748
4798
4855
4903
4956
5011
5062
5118
5159
5222
5289
5349
5404
5448
5516
5573
5628
5687
5748
5794
5849
5904
5962
6023
6067
6123
6173
6223
6268
6323
6386
6443
6506
6563
6622
6693
6758
6833
6897
6954
7018
7082
7167
7226
7282
7344
7400
7458
7510
7584
7626
7691
7759
7808
7866
7935
8003
8072
8141
8191
8263
8323
8392
8447
8532
8598
8664
8735
8798
8853
8912
8972
9042
9102
9162
9230
9305
9365
9425
9497
9572
9647
9734
9795
9866
9931
9985
10053
10129
10197
10262
10328
10398
10466
10549
10611
10684
10753
10833
10898
10978
11062
11122
11205
11281
11361
11434
11522
11594
11661
11734
11824
11894
11961
12045
12123
12211
12292
12374
12463
12542
12638
12711
12793
12874
12954
13036
13111
13178
13263
13338
13431
13531
13604
13703
13781
13872
13970
14041
14113
14214
14290
14370
14448
14528
14597
14691
14783
14867
14941
15007
15089
15165
15247
15335
15404
15497
15581
15664
15752
15849
15938
16017
16104
16187
16284
16377
16466
16572
16660
16748
16825
16908
16993
17081
17164
17253
17357
17437
17512
17597
17672
17762
17869
17948
18025
18121
18206
18295
18380
18458
18560
18656
18737
18838
18929
19024
19103
19188
19264
19354
19435
19540
19629
19729
19810
19902
19997
20071
20157
20251
20333
20429
20509
20612
20701
20782
20908
20993
21076
21182
21277
21371
21475
21583
21692
21769
21862
21962
22066
22171
22275
22365
22455
22548
22634
22726
22845
22940
23049
23137
23222
23304
23388
23477
23588
23682
23767
23866
23963
24059
24153
24260
24361
24472
24576
24675
24772
24871
24963
25035
25140
25236
25335
25433
25550
25659
25766
25856
25947
26040
26156
26245
26348
26437
26538
26615
26713
26802
26904
27001
27107
27198
27281
27382
27500
27606
27716
27817
27922
28024
28131
28226
28320
28406
28499
28610
28716
28793
28870
28986
29090
29200
29304
29409
29497
29606
29709
29803
29901
