0
1
1
1
3
3
3
6
6
10
14
18
21
22
25
25
27
30
35
40
45
50
52
58
68
70
74
84
96
102
111
117
129
134
141
148
159
167
173
177
183
195
201
207
217
224
234
245
253
264
278
285
297
312
325
334
346
358
366
381
397
412
426
444
457
478
498
520
537
556
562
578
598
613
635
649
664
682
705
730
740
758
771
791
819
838
855
874
887
908
927
943
958
978
999
1028
1050
1063
1090
1113
1131
1157
1180
1204
1226
1251
1277
1298
1327
1347
1370
1399
1423
1450
1478
1501
1524
1560
1596
1624
1656
1693
1730
1760
1794
1825
1848
1870
1901
1943
1975
2005
2039
2068
2099
2134
2163
2202
2232
2261
2299
2337
2375
2416
2448
2479
2516
2559
2598
2645
2689
2719
2753
2787
2817
2857
2898
2940
2981
3033
3071
3110
3138
3179
3230
3271
3303
3335
3388
3435
3473
3518
3556
3598
3635
3676
3705
3733
3777
3820
3858
3898
3943
3985
4022
4072
4122
4166
4215
4245
4292
4330
4374
4421
4460
4506
4557
4612
4656
4695
4744
4785
4838
4879
4934
4979
5034
5087
5134
5190
5251
5300
5353
5395
5457
5504
5553
5600
5657
5716
5770
5821
5874
5929
5993
6039
6085
6147
6215
6265
6317
6376
6436
6495
6557
6605
6656
6700
6757
6827
6878
6937
6995
7064
7116
7178
7241
7302
7366
7428
7486
7535
7608
7678
7738
7797
7857
7917
7980
8043
8112
8174
8230
8283
8348
8411
8475
8541
8622
8696
8762
8816
8885
8956
9031
9094
9172
9245
9326
9387
9454
9505
9578
9656
9723
9796
9862
9930
9997
10069
10123
10200
10265
10340
10418
10485
10561
10654
10715
10780
10841
10913
10999
11065
11163
11226
11288
11360
11428
11510
11577
11645
11715
11793
11862
11924
11997
12081
12172
12275
12350
12439
12513
12582
12665
12743
12839
12902
12981
13065
13140
13218
13297
13382
13470
13554
13641
13725
13789
13867
13943
14037
14119
14195
14277
14342
14401
14497
14581
14678
14774
14851
14922
15015
15092
15172
15240
15326
15434
15508
15592
15680
15782
15875
15962
16050
16130
16201
16270
16347
16438
16539
16630
16726
16813
16904
17000
17084
17187
17282
17368
17456
17543
17621
17711
17797
17904
17987
18096
18201
18300
18386
18492
18581
18700
18804
18918
19013
19103
19199
19305
19388
19492
19600
19692
19787
19878
19985
20091
20184
20285
20390
20488
20584
20666
20752
20856
20959
21054
21145
21244
21358
21447
21536
21629
21726
21834
21947
22063
22166
22260
22363
22464
22571
22672
22766
22867
22970
23082
23174
23273
23375
23485
23603
23708
23811
23923
24027
24129
24231
24352
24446
24558
24671
24770
24874
24995
25105
25209
25308
25423
25546
25639
25764
25891
25992
26094
26204
26322
26438
26541
26634
26750
26861
26962
27065
27170
27295
27410
27515
27617
27739
27852
27972
28098
28225
28342
28460
28604
28712
28816
28933
29047
29165
29295
29403
29514
29647
29771
29889
