0
42
134
274
437
603
774
938
1052
1170
1278
1384
1497
1641
1750
1866
1995
2140
2350
2564
2756
2920
3081
3245
3439
3618
3808
3985
4150
4351
4560
4790
5067
5370
5701
6068
6468
6856
7192
7549
7837
8108
8332
8515
8697
8840
9000
9144
9286
9429
9578
9728
9855
9999
10107
10239
10346
10443
10525
10611
10696
10761
10848
10965
11063
11162
11242
11303
11379
11475
11574
11650
11723
11795
11848
11940
12012
12075
12147
12229
12303
12355
12398
12450
12506
12579
12690
12785
12903
12996
13144
13320
13501
13653
13781
13885
13978
14049
14120
14172
14238
14293
14355
14407
14457
14502
14556
14583
14608
14649
14705
14786
14847
14927
15014
15056
15088
15124
15155
15179
15196
15215
15241
15264
15293
15324
15370
15412
15455
15503
15528
15545
15579
15606
15628
15650
15670
15691
15719
15741
15762
15781
15797
15825
15875
15907
15933
15948
15968
15996
16015
16047
16083
16120
16164
16248
16327
16400
16479
16546
16634
16728
16811
16866
16919
16988
17056
17128
17225
17324
17398
17485
17574
17691
17811
17922
18055
18174
18318
18491
18679
18884
19142
19411
19706
19994
20260
20465
20684
20903
21113
21272
21422
21595
21797
21965
22169
22359
22529
22642
22751
22884
23016
23106
23164
23247
23330
23402
23494
23583
23664
23756
23869
23956
24035
24103
24165
24216
24273
24326
24373
24423
24501
24560
24606
24658
24714
24758
24799
24853
24906
24952
24984
25037
25075
25102
25126
25143
25188
25211
25242
25271
25323
25399
25469
25533
25595
25638
25692
25734
25772
25824
25879
25933
26001
26069
26138
26251
26362
26482
26608
26723
26803
26869
26909
26946
26978
27005
27052
27102
27152
27183
27220
27262
27304
27366
27423
27474
27517
27563
27597
27622
27664
27701
27756
27780
27817
27857
27888
27924
27963
28005
28031
28067
28105
28131
28149
28167
28183
28196
28218
28235
28251
28263
28277
28299
28331
28373
28411
28425
28445
28463
28501
28539
28576
28613
28635
28645
28653
28665
28677
28686
28694
28699
28708
28721
28723
28726
28731
28739
28745
28767
28788
28812
28835
28862
28874
28890
28919
28944
28953
28961
28974
28987
28995
28999
29010
29016
29041
29057
29083
29102
29113
29122
29140
29151
29157
29159
29173
29183
29204
29209
29217
29225
29228
29240
29242
29248
29248
29253
29267
29270
29276
29284
29288
29295
29298
29299
29303
29309
29314
29321
29326
29330
29339
29343
29346
29358
29383
29408
29414
29421
29428
29435
29442
29447
29452
29458
29464
29471
29491
29507
29517
29524
29531
29539
29546
29551
29558
29564
29577
29589
29602
29627
29659
29675
29678
29688
29697
29704
29713
29715
29717
29722
29725
29728
29743
29759
29770
29785
29796
29803
29808
29813
29820
29826
29832
29835
29838
29842
29845
29852
29857
29862
29863
29864
29865
29870
29870
29872
29874
29876
29876
29880
29883
29888
29893
29894
29896
29900
29901
29902
29903
29905
29906
29907
29910
29913
29918
29918
29920
29921
29923
29927
29927
29928
29930
29931
29932
29934
29935
29936
29936
29943
29948
29948
29948
29950
29955
29957
29961
29966
29972
29974
29983
29989
29994
29996
29996
29997
