0
1
1
6
11
12
16
20
23
25
30
30
36
43
49
53
57
62
77
84
91
101
111
118
122
131
142
153
163
178
184
197
208
219
231
243
252
261
271
281
300
310
316
331
344
358
373
391
414
436
449
463
483
509
531
551
570
588
614
634
658
679
696
716
738
762
791
817
839
872
890
921
950
980
1009
1032
1062
1088
1113
1139
1158
1185
1217
1243
1273
1296
1324
1358
1389
1422
1460
1491
1514
1544
1572
1611
1641
1667
1704
1736
1776
1817
1853
1888
1933
1966
2010
2048
2074
2100
2132
2166
2196
2240
2282
2317
2355
2400
2437
2485
2526
2565
2597
2633
2672
2715
2747
2787
2829
2871
2909
2963
2997
3042
3078
3111
3163
3207
3259
3300
3358
3406
3448
3480
3518
3561
3615
3660
3706
3756
3801
3847
3895
3950
3997
4046
4096
4155
4204
4252
4298
4347
4405
4453
4494
4565
4617
4654
4694
4735
4787
4845
4899
4953
5004
5060
5124
5172
5211
5264
5318
5370
5427
5501
5556
5597
5670
5729
5801
5860
5912
5961
6028
6079
6138
6196
6250
6299
6361
6410
6444
6518
6586
6654
6698
6747
6814
6867
6923
6994
7060
7131
7197
7249
7328
7391
7444
7507
7579
7653
7732
7823
7882
7923
7986
8048
8104
8169
8223
8295
8358
8424
8494
8563
8638
8700
8769
8832
8909
8990
9068
9143
9214
9278
9344
9403
9468
9533
9598
9685
9761
9837
9911
9976
10062
10141
10223
10297
10361
10443
10497
10567
10624
10696
10767
10829
10902
10975
11065
11140
11204
11272
11355
11421
11495
11574
11656
11732
11799
11873
11961
12058
12120
12186
12253
12327
12408
12475
12557
12631
12721
12801
12888
12962
13023
13101
13164
13255
13329
13407
13478
13562
13631
13721
13795
13880
13956
14031
14093
14178
14275
14348
14438
14531
14612
14687
14761
14836
14919
15003
15069
15138
15211
15303
15377
15450
15528
15605
15672
15756
15835
15923
16002
16081
16161
16231
16316
16396
16496
16568
16637
16719
16791
16871
16949
17034
17126
17212
17284
17384
17463
17536
17622
17699
17786
17871
17942
18033
18120
18199
18270
18342
18422
18499
18568
18642
18717
18799
18879
18971
19049
19148
19231
19314
19405
19485
19579
19663
19765
19858
19949
20017
20110
20205
20302
20388
20464
20529
20620
20718
20807
20874
20948
21031
21117
21205
21281
21354
21430
21502
21595
21675
21753
21847
21938
22009
22094
22176
22249
22335
22425
22518
22588
22664
22749
22836
22916
22994
23074
23161
23260
23352
23448
23542
23638
23729
23821
23907
23991
24080
24163
24233
24322
24411
24494
24578
24674
24781
24858
24935
25023
25100
25163
25255
25344
25419
25499
25579
25656
25749
25822
25914
26007
26089
26176
26261
26330
26392
26479
26562
26650
26730
26826
26908
26977
27056
27138
27221
27319
27401
27495
27589
27666
27747
27849
27946
28021
28117
28197
28285
28369
28465
28537
28619
28709
28787
28877
28963
29045
29131
29215
29304
29390
29448
29521
29601
29685
29752
29848
29924
