0
42
168
349
571
842
1134
1422
1718
2022
2339
2702
3046
3418
3736
4075
4411
4798
5244
5651
6029
6366
6688
6967
7212
7479
7783
8015
8273
8495
8734
8983
9229
9466
9713
9920
10152
10405
10684
10981
11278
11514
11782
12069
12309
12553
12814
13059
13294
13522
13717
13950
14222
14423
14599
14795
14966
15105
15232
15375
15548
15720
15873
16000
16140
16260
16353
16466
16605
16731
16847
16964
17089
17239
17390
17548
17677
17787
17877
17995
18104
18205
18320
18461
18562
18633
18683
18787
18880
18939
18992
19041
19097
19170
19233
19297
19379
19451
19561
19629
19690
19761
19814
19872
19944
20014
20072
20115
20175
20231
20306
20389
20506
20599
20667
20718
20767
20820
20850
20883
20920
20965
20992
21041
21103
21141
21168
21205
21235
21275
21320
21379
21442
21500
21537
21576
21605
21638
21671
21718
21759
21798
21849
21915
22010
22090
22213
22312
22430
22574
22717
22830
22955
23081
23184
23270
23367
23453
23531
23613
23694
23749
23784
23819
23857
23899
23955
23989
24024
24085
24154
24233
24315
24394
24494
24619
24715
24798
24844
24900
24965
25003
25023
25059
25088
25120
25149
25163
25179
25196
25213
25225
25241
25252
25270
25293
25316
25353
25372
25397
25437
25464
25485
25501
25510
25526
25536
25549
25569
25584
25602
25623
25647
25665
25679
25693
25706
25715
25736
25759
25781
25812
25851
25893
25951
26011
26069
26134
26219
26283
26361
26471
26582
26672
26761
26875
26973
27067
27125
27181
27231
27273
27315
27347
27371
27383
27407
27427
27454
27470
27487
27502
27531
27579
27616
27632
27663
27694
27701
27715
27722
27725
27739
27765
27791
27806
27828
27853
27879
27910
27975
28023
28052
28071
28097
28121
28138
28145
28155
28169
28193
28222
28254
28270
28279
28293
28314
28340
28362
28371
28382
28391
28403
28423
28443
28476
28508
28520
28533
28540
28557
28579
28593
28615
28641
28669
28719
28760
28774
28794
28811
28822
28826
28829
28834
28841
28847
28857
28876
28885
28895
28899
28902
28908
28923
28933
28940
28943
28950
28964
28970
28978
28983
28992
28999
29006
29008
29011
29023
29035
29040
29042
29047
29063
29074
29085
29092
29103
29124
29146
29173
29210
29233
29249
29261
29278
29296
29299
29301
29319
29336
29344
29350
29357
29357
29367
29370
29387
29400
29404
29411
29433
29455
29464
29472
29475
29481
29483
29488
29494
29506
29513
29522
29528
29529
29535
29543
29548
29555
29564
29568
29573
29575
29578
29580
29586
29589
29592
29594
29601
29608
29616
29617
29618
29619
29623
29624
29624
29626
29631
29637
29654
29660
29662
29666
29673
29677
29677
29679
29683
29689
29690
29692
29693
29699
29699
29699
29700
29701
29704
29704
29706
29708
29710
29711
29712
29714
29716
29718
29721
29723
29723
29725
29727
29730
29732
29736
29739
29742
29743
29757
29774
29787
29793
29796
29797
29802
29806
29813
29816
29821
29827
29835
29839
29840
29843
29845
29848
29862
29877
29891
29902
29909
29922
29933
29934
29936
29939
29946
29952
29954
29955
29955
29957
29957
29961
29965
29967
29967
29970
29973
29976
29979
29982
29985
29986
29987
29990
29991
29994
