0
39
107
205
325
449
577
722
857
1004
1134
1248
1343
1447
1545
1646
1767
1879
2000
2137
2254
2420
2547
2652
2755
2861
2958
3054
3121
3203
3297
3393
3500
3581
3668
3750
3849
3932
4022
4117
4207
4284
4360
4455
4532
4601
4701
4767
4840
4940
5013
5099
5206
5279
5360
5474
5579
5678
5772
5865
5942
6023
6109
6191
6283
6356
6418
6486
6548
6603
6666
6729
6800
6843
6908
6978
7051
7120
7197
7259
7330
7406
7467
7534
7596
7650
7699
7763
7815
7871
7916
7981
8054
8117
8195
8282
8369
8448
8514
8584
8657
8726
8787
8843
8900
8956
9015
9098
9163
9241
9329
9436
9525
9619
9708
9780
9848
9929
9997
10068
10134
10198
10265
10329
10427
10533
10639
10751
10855
10946
11039
11113
11191
11268
11341
11427
11501
11577
11641
11701
11789
11895
11962
12029
12103
12201
12263
12334
12406
12476
12558
12641
12723
12798
12867
12955
13010
13068
13147
13219
13278
13332
13385
13448
13491
13541
13603
13668
13741
13804
13883
13960
14011
14062
14120
14173
14230
14304
14381
14439
14518
14585
14643
14701
14759
14812
14870
14920
14997
15082
15163
15222
15297
15342
15406
15465
15544
15622
15698
15789
15889
15986
16089
16184
16284
16367
16488
16596
16715
16842
16961
17080
17197
17296
17401
17507
17619
17752
17866
18021
18170
18341
18495
18599
18688
18786
18886
18970
19054
19138
19208
19296
19369
19444
19519
19595
19676
19737
19798
19879
19956
20055
20138
20202
20288
20350
20414
20472
20536
20594
20648
20704
20754
20817
20876
20922
20962
21013
21063
21103
21164
21231
21282
21331
21375
21414
21468
21532
21589
21645
21683
21732
21779
21831
21871
21930
21985
22043
22107
22169
22222
22283
22333
22382
22441
22495
22548
22611
22672
22710
22754
22786
22846
22899
22939
22979
23032
23071
23114
23167
23205
23253
23291
23332
23379
23427
23473
23522
23565
23605
23666
23712
23764
23804
23852
23906
23954
23998
24042
24076
24129
24181
24231
24260
24303
24354
24387
24431
24476
24514
24546
24582
24625
24663
24703
24731
24767
24791
24816
24851
24885
24907
24946
24988
25030
25079
25104
25129
25165
25203
25237
25268
25315
25366
25424
25478
25519
25576
25619
25660
25718
25753
25776
25822
25861
25896
25929
25972
26016
26052
26088
26116
26153
26187
26235
26275
26313
26358
26395
26433
26465
26499
26536
26563
26594
26626
26657
26687
26719
26755
26783
26802
26831
26856
26883
26911
26943
26978
27006
27039
27080
27123
27156
27187
27227
27282
27334
27370
27408
27444
27488
27525
27554
27603
27656
27697
27729
27758
27791
27818
27848
27879
27915
27939
27978
28007
28031
28060
28096
28121
28137
28165
28181
28202
28223
28246
28266
28283
28302
28319
28342
28379
28407
28427
28455
28482
28509
28530
28555
28599
28648
28679
28709
28727
28746
28768
28789
28814
28856
28886
28914
28937
28983
29016
29060
29095
29119
29146
29176
29208
29245
29268
29291
29309
29344
29366
29396
29432
29456
29495
29519
29549
29578
29597
29623
29644
29672
29686
29717
29750
29791
29812
29830
29843
29878
29900
29931
29949
29958
29975
