0
47
182
408
704
1069
1539
2029
2548
3129
3683
4243
4787
5362
5937
6531
7120
7685
8257
8845
9475
10101
10700
11251
11882
12462
13065
13713
14320
14865
15421
15934
16411
16838
17226
17610
17992
18439
18836
19219
19600
20022
20328
20615
20930
21164
21344
21578
21827
22141
22416
22668
22884
23049
23201
23332
23465
23614
23777
23939
24124
24371
24589
24816
24968
25134
25307
25492
25662
25751
25857
25964
26067
26151
26222
26252
26273
26306
26349
26386
26439
26490
26559
26647
26725
26818
26940
27058
27182
27277
27341
27395
27437
27459
27482
27514
27524
27535
27554
27581
27607
27628
27639
27662
27686
27701
27737
27796
27873
27968
28046
28122
28187
28210
28221
28243
28254
28266
28291
28307
28314
28328
28336
28338
28346
28353
28357
28359
28361
28365
28390
28417
28441
28454
28464
28480
28499
28518
28533
28538
28538
28551
28573
28601
28631
28648
28670
28708
28774
28865
28933
28997
29030
29056
29076
29094
29102
29107
29125
29134
29136
29136
29142
29146
29147
29147
29148
29150
29150
29154
29156
29157
29157
29160
29161
29162
29163
29164
29167
29167
29167
29167
29174
29192
29199
29201
29217
29229
29232
29242
29250
29250
29250
29250
29255
29260
29261
29263
29264
29267
29272
29283
29292
29295
29298
29300
29302
29303
29303
29304
29306
29316
29324
29324
29326
29328
29328
29328
29330
29331
29333
29333
29334
29336
29337
29341
29341
29341
29341
29342
29350
29357
29357
29358
29365
29370
29376
29381
29386
29397
29432
29457
29489
29500
29513
29522
29546
29559
29567
29571
29575
29584
29597
29614
29645
29684
29715
29731
29735
29743
29745
29750
29751
29751
29752
29752
29752
29753
29754
29754
29754
29758
29759
29759
29759
29762
29764
29764
29764
29767
29767
29767
29767
29767
29767
29767
29767
29770
29771
29773
29773
29774
29774
29774
29780
29783
29785
29785
29785
29785
29785
29787
29787
29787
29788
29789
29791
29798
29806
29814
29818
29827
29839
29845
29851
29851
29851
29851
29851
29851
29851
29852
29852
29852
29852
29852
29852
29852
29852
29852
29852
29852
29852
29852
29852
29852
29852
29852
29852
29852
29852
29852
29852
29852
29852
29852
29853
29864
29869
29887
29906
29915
29918
29927
29929
29929
29929
29929
29929
29929
29929
29930
29930
29930
29930
29930
29930
29930
29930
29930
29930
29930
29930
29930
29930
29930
29930
29930
29930
29930
29930
29930
29930
29930
29930
29930
29930
29930
29930
29930
29930
29930
29930
29930
29930
29931
29931
29931
29931
29931
29931
29931
29931
29931
29933
29935
29944
29946
29948
29948
29948
29948
29948
29949
29951
29951
29956
29962
29962
29962
29962
29962
29962
29962
29962
29963
29963
29963
29963
29963
29963
29963
29963
29964
29964
29964
29964
29964
29965
29965
29965
29965
29965
29965
29965
29965
29965
29965
29967
29968
29968
29968
29968
29968
29968
29968
29972
29983
29990
29992
29992
29992
29992
29992
29992
29992
29992
29993
29993
29993
29993
29993
29993
29993
29993
29993
29993
29995
29996
29996
29996
29996
29996
29996
29996
29996
29996
29996
29996
29996
29996
29996
29996
29996
29996
29999
30000
30000
30000
30000
