0
47
174
395
690
1072
1501
2008
2524
3082
3664
4297
4949
5671
6408
7121
7892
8661
9422
10293
11164
12011
12839
13669
14498
15339
16125
16844
17434
17994
18533
19130
19675
20207
20668
21099
21454
21760
22020
22271
22550
22817
23049
23323
23576
23872
24156
24374
24559
24736
24859
24964
25091
25261
25409
25555
25733
25941
26136
26249
26330
26427
26497
26585
26691
26738
26828
26908
27020
27165
27298
27418
27499
27575
27630
27667
27696
27712
27730
27736
27739
27742
27750
27759
27781
27798
27823
27843
27869
27891
27928
27952
27972
28006
28023
28049
28076
28115
28152
28169
28183
28214
28231
28253
28287
28344
28402
28426
28437
28447
28459
28466
28481
28487
28488
28490
28497
28506
28513
28537
28571
28594
28598
28600
28601
28609
28609
28623
28638
28640
28641
28641
28645
28646
28646
28648
28651
28653
28653
28658
28659
28662
28664
28670
28676
28677
28679
28679
28681
28683
28690
28694
28715
28743
28751
28760
28773
28786
28839
28869
28873
28884
28893
28896
28901
28905
28908
28910
28917
28920
28920
28921
28922
28925
28930
28937
28954
28966
28966
28969
28970
28970
28977
28979
28982
28983
28983
28983
28990
28993
28997
29005
29024
29030
29040
29057
29092
29118
29165
29219
29247
29265
29281
29303
29313
29316
29319
29331
29335
29346
29357
29360
29362
29362
29372
29380
29401
29434
29491
29554
29624
29684
29732
29756
29775
29790
29791
29794
29796
29796
29796
29798
29799
29800
29801
29810
29828
29840
29844
29844
29848
29852
29853
29853
29853
29853
29853
29853
29853
29853
29855
29855
29855
29856
29858
29858
29858
29858
29858
29859
29859
29859
29859
29859
29859
29859
29859
29859
29859
29859
29859
29859
29859
29859
29859
29861
29863
29863
29865
29865
29866
29867
29867
29867
29867
29867
29867
29868
29868
29869
29869
29869
29869
29872
29873
29873
29873
29873
29873
29873
29877
29878
29878
29879
29879
29879
29879
29879
29879
29879
29879
29879
29879
29879
29879
29888
29910
29938
29952
29957
29958
29958
29958
29958
29958
29958
29958
29959
29959
29960
29960
29963
29965
29967
29974
29975
29977
29978
29979
29984
29989
29991
29991
29991
29991
29991
29991
29991
29991
29991
29994
29994
29994
29994
29994
29994
29994
29994
29994
29994
29994
29994
29994
29994
29994
29994
29994
29994
29994
29994
29994
29994
29994
29994
29994
29994
29995
29995
29995
29995
29995
29995
29995
29995
29995
29995
29995
29995
29995
29995
29995
29995
29995
29995
29995
29995
29995
29995
29995
29995
29995
29995
29995
29995
29995
29995
29995
29996
29996
29996
29996
29996
29996
29996
29996
29996
29996
29996
29996
29996
29996
29996
29996
29996
29996
29997
29997
29997
29997
29997
29997
29997
29997
29997
29997
29997
29997
29997
29997
29997
29997
29997
29997
29997
29997
29997
29997
29997
29997
29997
29997
29997
29997
29997
29997
29997
29997
29997
29997
29997
29997
29999
29999
29999
29999
29999
29999
29999
29999
29999
29999
29999
29999
29999
29999
29999
29999
29999
29999
29999
29999
29999
29999
29999
29999
29999
29999
29999
29999
30000
30000
30000
30000
30000
30000
30000
30000
30000
30000
30000
