0
1
3
3
6
6
8
11
14
14
18
23
28
30
37
42
43
57
66
72
79
86
97
107
114
123
132
139
144
154
159
170
178
189
196
211
222
234
245
256
274
287
300
309
326
342
359
373
385
404
422
438
451
472
496
518
534
553
571
590
606
631
645
664
685
701
726
743
758
794
817
842
870
890
914
935
953
979
1000
1023
1051
1086
1107
1138
1164
1183
1208
1233
1252
1279
1309
1336
1368
1394
1419
1456
1487
1519
1545
1565
1601
1636
1667
1698
1727
1759
1790
1827
1864
1895
1928
1957
1993
2030
2064
2104
2140
2170
2203
2221
2257
2308
2341
2377
2411
2450
2489
2519
2558
2592
2639
2681
2735
2774
2815
2860
2892
2932
2955
2988
3026
3068
3117
3155
3205
3259
3309
3355
3415
3467
3503
3536
3578
3621
3662
3717
3757
3801
3839
3880
3935
3991
4049
4078
4124
4175
4223
4284
4335
4386
4434
4481
4539
4599
4662
4718
4769
4820
4878
4933
4992
5053
5122
5168
5230
5280
5328
5368
5431
5501
5554
5608
5672
5730
5786
5830
5887
5948
6005
6064
6115
6198
6251
6303
6356
6424
6495
6548
6621
6690
6745
6802
6866
6931
6997
7050
7114
7175
7250
7313
7376
7453
7516
7559
7622
7702
7766
7832
7903
7967
8026
8092
8151
8211
8279
8333
8387
8458
8512
8582
8650
8724
8793
8870
8945
9004
9071
9138
9227
9300
9362
9430
9507
9592
9669
9742
9811
9880
9938
10001
10075
10156
10221
10285
10359
10431
10501
10579
10665
10732
10799
10878
10937
11013
11093
11168
11248
11329
11418
11498
11578
11665
11737
11817
11906
11973
12056
12125
12193
12274
12337
12414
12489
12591
12669
12752
12827
12913
12983
13044
13136
13208
13282
13368
13434
13532
13619
13704
13799
13865
13941
14015
14091
14168
14241
14340
14428
14496
14570
14655
14749
14832
14911
14988
15066
15156
15231
15317
15387
15459
15553
15637
15719
15802
15874
15948
16041
16124
16211
16285
16364
16437
16516
16595
16671
16761
16856
16932
17022
17111
17190
17262
17341
17435
17542
17622
17704
17787
17880
17955
18035
18115
18181
18273
18377
18478
18549
18641
18738
18824
18908
19000
19087
19160
19264
19351
19447
19530
19636
19725
19811
19884
19960
20068
20156
20247
20307
20401
20480
20581
20673
20758
20842
20930
21024
21101
21188
21269
21354
21449
21517
21599
21682
21768
21863
21957
22044
22126
22223
22312
22387
22476
22552
22630
22712
22792
22880
22969
23062
23137
23239
23310
23407
23478
23569
23658
23743
23844
23930
24028
24109
24204
24292
24372
24466
24562
24660
24735
24821
24921
25002
25078
25169
25247
25343
25438
25536
25622
25713
25788
25891
25959
26040
26111
26225
26299
26384
26464
26536
26622
26704
26785
26881
26970
27060
27130
27217
27295
27375
27462
27556
27619
27701
27778
27876
27959
28046
28122
28211
28269
28344
28437
28531
28610
28700
28782
28863
28934
29017
29107
29210
29293
29364
29434
29525
29622
29698
29766
29842
29919
