0
47
162
329
572
874
1192
1548
1962
2376
2814
3251
3691
4132
4583
5007
5438
5773
6086
6343
6603
6835
7057
7258
7475
7710
7909
8075
8231
8386
8529
8668
8823
8994
9169
9342
9523
9762
9978
10193
10431
10701
11003
11314
11581
11799
12072
12345
12623
12881
13145
13381
13651
13924
14137
14291
14514
14731
14935
15135
15351
15580
15799
16006
16196
16360
16480
16593
16735
16900
17044
17182
17350
17499
17609
17704
17809
17936
18078
18180
18287
18390
18482
18595
18722
18849
18987
19133
19262
19395
19540
19723
19894
20101
20283
20471
20656
20882
21094
21285
21451
21620
21740
21830
21904
21971
22037
22099
22173
22239
22282
22339
22394
22449
22518
22585
22639
22678
22729
22784
22838
22894
22936
22981
23036
23084
23119
23163
23204
23224
23260
23281
23298
23317
23363
23399
23437
23480
23528
23567
23600
23635
23690
23732
23783
23833
23881
23944
23964
23985
24005
24019
24029
24066
24082
24110
24131
24171
24197
24232
24255
24264
24278
24294
24314
24322
24332
24343
24354
24363
24371
24395
24430
24455
24487
24518
24546
24562
24585
24602
24620
24632
24655
24680
24705
24723
24737
24756
24766
24778
24793
24804
24809
24812
24827
24834
24842
24850
24862
24886
24907
24916
24936
24953
24974
24985
25004
25027
25045
25059
25073
25091
25104
25112
25124
25138
25156
25170
25179
25185
25187
25195
25199
25204
25212
25215
25225
25246
25255
25270
25276
25286
25313
25336
25353
25371
25377
25383
25401
25423
25446
25474
25487
25508
25525
25544
25567
25595
25615
25626
25636
25644
25654
25664
25672
25678
25690
25704
25715
25725
25747
25764
25775
25785
25795
25807
25810
25820
25829
25834
25845
25852
25870
25896
25934
25967
25981
25998
26012
26023
26040
26049
26055
26058
26066
26076
26080
26088
26101
26120
26133
26143
26153
26170
26188
26212
26243
26277
26317
26347
26377
26401
26428
26451
26494
26531
26548
26576
26608
26634
26653
26672
26695
26721
26742
26754
26763
26768
26777
26789
26795
26799
26804
26818
26825
26836
26847
26861
26869
26871
26878
26891
26905
26919
26932
26949
26957
26962
26971
26986
27000
27006
27009
27011
27020
27025
27034
27040
27051
27059
27062
27065
27082
27095
27103
27111
27125
27144
27157
27179
27200
27206
27221
27245
27275
27308
27332
27370
27396
27418
27438
27445
27451
27460
27476
27489
27504
27514
27552
27579
27586
27590
27595
27602
27609
27614
27619
27621
27627
27639
27645
27658
27673
27678
27683
27686
27688
27695
27697
27705
27711
27711
27714
27717
27729
27734
27744
27762
27777
27798
27821
27840
27878
27913
27940
27947
27953
27967
27979
27987
28001
28008
28015
28020
28026
28029
28032
28040
28059
28072
28078
28082
28099
28122
28157
28192
28240
28303
28355
28414
28507
28601
28670
28761
28823
28873
28957
29040
29131
29184
29212
29245
29267
29284
29308
29347
29374
29389
29398
29404
29425
29453
29471
29496
29513
29540
29570
29593
29645
29698
29727
29749
29793
29842
29861
29879
29901
29919
29922
29925
29932
29938
29942
29949
29954
29955
29956
29958
29962
29965
29970
29971
29978
29980
29983
29985
29985
29987
29993
29996
